#  FeatureSize(cm)    Fluence(mum2)   Dose(Gy)
1.00000E-07 1.51350E+20 5.00404E+15
2.00000E-07 9.45871E+18 3.12731E+14
3.00000E-07 1.86825E+18 6.17696E+13
4.00000E-07 5.91086E+17 1.95429E+13
5.00000E-07 2.42092E+17 8.00422E+12
6.00000E-07 1.16741E+17 3.85979E+12
7.00000E-07 6.30096E+16 2.08327E+12
8.00000E-07 3.69325E+16 1.22109E+12
9.00000E-07 2.30551E+16 7.62266E+11
1.00000E-06 1.51254E+16 5.00088E+11
1.10000E-06 1.03301E+16 3.41543E+11
1.20000E-06 7.29325E+15 2.41135E+11
1.30000E-06 5.29471E+15 1.75058E+11
1.40000E-06 3.93616E+15 1.30140E+11
1.50000E-06 2.98669E+15 9.87480E+10
1.60000E-06 2.30698E+15 7.62751E+10
1.70000E-06 1.81008E+15 5.98462E+10
1.80000E-06 1.44003E+15 4.76115E+10
1.90000E-06 1.15989E+15 3.83492E+10
2.00000E-06 9.44673E+14 3.12335E+10
2.10000E-06 7.77130E+14 2.56941E+10
2.20000E-06 6.45134E+14 2.13299E+10
2.30000E-06 5.40006E+14 1.78541E+10
2.40000E-06 4.55443E+14 1.50582E+10
2.50000E-06 3.86802E+14 1.27887E+10
2.60000E-06 3.30617E+14 1.09311E+10
2.70000E-06 2.84271E+14 9.39878E+09
2.80000E-06 2.45768E+14 8.12575E+09
2.90000E-06 2.13567E+14 7.06111E+09
3.00000E-06 1.86471E+14 6.16523E+09
3.10000E-06 1.63538E+14 5.40701E+09
3.20000E-06 1.44024E+14 4.76183E+09
3.30000E-06 1.27335E+14 4.21005E+09
3.40000E-06 1.12995E+14 3.73591E+09
3.50000E-06 1.00617E+14 3.32667E+09
3.60000E-06 8.98881E+13 2.97195E+09
3.70000E-06 8.05517E+13 2.66326E+09
3.80000E-06 7.23963E+13 2.39362E+09
3.90000E-06 6.52472E+13 2.15725E+09
4.00000E-06 5.89589E+13 1.94934E+09
4.10000E-06 5.34101E+13 1.76589E+09
4.20000E-06 4.84988E+13 1.60350E+09
4.30000E-06 4.41391E+13 1.45936E+09
4.40000E-06 4.02584E+13 1.33105E+09
4.50000E-06 3.67948E+13 1.21654E+09
4.60000E-06 3.36957E+13 1.11407E+09
4.70000E-06 3.09160E+13 1.02217E+09
4.80000E-06 2.84171E+13 9.39547E+08
4.90000E-06 2.61655E+13 8.65104E+08
5.00000E-06 2.41326E+13 7.97888E+08
5.10000E-06 2.22932E+13 7.37074E+08
5.20000E-06 2.06257E+13 6.81942E+08
5.30000E-06 1.91112E+13 6.31869E+08
5.40000E-06 1.77331E+13 5.86306E+08
5.50000E-06 1.64770E+13 5.44776E+08
5.60000E-06 1.53302E+13 5.06858E+08
5.70000E-06 1.42814E+13 4.72181E+08
5.80000E-06 1.33207E+13 4.40418E+08
5.90000E-06 1.24394E+13 4.11281E+08
6.00000E-06 1.16298E+13 3.84513E+08
6.10000E-06 1.08850E+13 3.59887E+08
6.20000E-06 1.01988E+13 3.37200E+08
6.30000E-06 9.56583E+12 3.16273E+08
6.40000E-06 8.98120E+12 2.96943E+08
6.50000E-06 8.44053E+12 2.79067E+08
6.60000E-06 7.93993E+12 2.62516E+08
6.70000E-06 7.47589E+12 2.47173E+08
6.80000E-06 7.04524E+12 2.32935E+08
6.90000E-06 6.64514E+12 2.19707E+08
7.00000E-06 6.27304E+12 2.07404E+08
7.10000E-06 5.92660E+12 1.95950E+08
7.20000E-06 5.60375E+12 1.85275E+08
7.30000E-06 5.30257E+12 1.75318E+08
7.40000E-06 5.02135E+12 1.66020E+08
7.50000E-06 4.75851E+12 1.57330E+08
7.60000E-06 4.51265E+12 1.49201E+08
7.70000E-06 4.28245E+12 1.41590E+08
7.80000E-06 4.06674E+12 1.34457E+08
7.90000E-06 3.86443E+12 1.27769E+08
8.00000E-06 3.67454E+12 1.21490E+08
8.10000E-06 3.49617E+12 1.15593E+08
8.20000E-06 3.32848E+12 1.10049E+08
8.30000E-06 3.17072E+12 1.04833E+08
8.40000E-06 3.02220E+12 9.99222E+07
8.50000E-06 2.88226E+12 9.52956E+07
8.60000E-06 2.75033E+12 9.09335E+07
8.70000E-06 2.62586E+12 8.68180E+07
8.80000E-06 2.50834E+12 8.29326E+07
8.90000E-06 2.39732E+12 7.92621E+07
9.00000E-06 2.29238E+12 7.57922E+07
9.10000E-06 2.19311E+12 7.25101E+07
9.20000E-06 2.09915E+12 6.94036E+07
9.30000E-06 2.01017E+12 6.64616E+07
9.40000E-06 1.92585E+12 6.36737E+07
9.50000E-06 1.84590E+12 6.10305E+07
9.60000E-06 1.77005E+12 5.85228E+07
9.70000E-06 1.69806E+12 5.61426E+07
9.80000E-06 1.62969E+12 5.38821E+07
9.90000E-06 1.56473E+12 5.17341E+07
1.00000E-05 1.50296E+12 4.96921E+07
1.01000E-05 1.44422E+12 4.77497E+07
1.02000E-05 1.38831E+12 4.59013E+07
1.03000E-05 1.33508E+12 4.41414E+07
1.04000E-05 1.28438E+12 4.24650E+07
1.05000E-05 1.23605E+12 4.08673E+07
1.06000E-05 1.18998E+12 3.93441E+07
1.07000E-05 1.14604E+12 3.78911E+07
1.08000E-05 1.10410E+12 3.65045E+07
1.09000E-05 1.06406E+12 3.51807E+07
1.10000E-05 1.02582E+12 3.39163E+07
1.11000E-05 9.89277E+11 3.27082E+07
1.12000E-05 9.54349E+11 3.15534E+07
1.13000E-05 9.20947E+11 3.04490E+07
1.14000E-05 8.88993E+11 2.93925E+07
1.15000E-05 8.58411E+11 2.83814E+07
1.16000E-05 8.29133E+11 2.74134E+07
1.17000E-05 8.01091E+11 2.64863E+07
1.18000E-05 7.74224E+11 2.55980E+07
1.19000E-05 7.48472E+11 2.47466E+07
1.20000E-05 7.23782E+11 2.39302E+07
1.21000E-05 7.00101E+11 2.31473E+07
1.22000E-05 6.77379E+11 2.23960E+07
1.23000E-05 6.55571E+11 2.16750E+07
1.24000E-05 6.34633E+11 2.09827E+07
1.25000E-05 6.14524E+11 2.03179E+07
1.26000E-05 5.95204E+11 1.96791E+07
1.27000E-05 5.76637E+11 1.90652E+07
1.28000E-05 5.58787E+11 1.84750E+07
1.29000E-05 5.41623E+11 1.79075E+07
1.30000E-05 5.25111E+11 1.73616E+07
1.31000E-05 5.09224E+11 1.68363E+07
1.32000E-05 4.93932E+11 1.63308E+07
1.33000E-05 4.79210E+11 1.58440E+07
1.34000E-05 4.65031E+11 1.53752E+07
1.35000E-05 4.51373E+11 1.49236E+07
1.36000E-05 4.38212E+11 1.44885E+07
1.37000E-05 4.25527E+11 1.40691E+07
1.38000E-05 4.13297E+11 1.36647E+07
1.39000E-05 4.01502E+11 1.32748E+07
1.40000E-05 3.90126E+11 1.28986E+07
1.41000E-05 3.79148E+11 1.25357E+07
1.42000E-05 3.68554E+11 1.21854E+07
1.43000E-05 3.58327E+11 1.18473E+07
1.44000E-05 3.48452E+11 1.15208E+07
1.45000E-05 3.38915E+11 1.12054E+07
1.46000E-05 3.29701E+11 1.09008E+07
1.47000E-05 3.20798E+11 1.06065E+07
1.48000E-05 3.12193E+11 1.03220E+07
1.49000E-05 3.03874E+11 1.00469E+07
1.50000E-05 2.95831E+11 9.78097E+06
1.51000E-05 2.88051E+11 9.52376E+06
1.52000E-05 2.80525E+11 9.27494E+06
1.53000E-05 2.73243E+11 9.03418E+06
1.54000E-05 2.66196E+11 8.80117E+06
1.55000E-05 2.59374E+11 8.57563E+06
1.56000E-05 2.52769E+11 8.35725E+06
1.57000E-05 2.46373E+11 8.14577E+06
1.58000E-05 2.40178E+11 7.94094E+06
1.59000E-05 2.34176E+11 7.74249E+06
1.60000E-05 2.28360E+11 7.55020E+06
1.61000E-05 2.22723E+11 7.36383E+06
1.62000E-05 2.17259E+11 7.18317E+06
1.63000E-05 2.11961E+11 7.00802E+06
1.64000E-05 2.06824E+11 6.83816E+06
1.65000E-05 2.01841E+11 6.67341E+06
1.66000E-05 1.97007E+11 6.51359E+06
1.67000E-05 1.92317E+11 6.35852E+06
1.68000E-05 1.87765E+11 6.20803E+06
1.69000E-05 1.83347E+11 6.06196E+06
1.70000E-05 1.79058E+11 5.92016E+06
1.71000E-05 1.74894E+11 5.78248E+06
1.72000E-05 1.70850E+11 5.64877E+06
1.73000E-05 1.66922E+11 5.51890E+06
1.74000E-05 1.63106E+11 5.39273E+06
1.75000E-05 1.59398E+11 5.27014E+06
1.76000E-05 1.55795E+11 5.15102E+06
1.77000E-05 1.52293E+11 5.03524E+06
1.78000E-05 1.48889E+11 4.92268E+06
1.79000E-05 1.45579E+11 4.81326E+06
1.80000E-05 1.42361E+11 4.70685E+06
1.81000E-05 1.39231E+11 4.60336E+06
1.82000E-05 1.36186E+11 4.50270E+06
1.83000E-05 1.33224E+11 4.40477E+06
1.84000E-05 1.30343E+11 4.30948E+06
1.85000E-05 1.27538E+11 4.21676E+06
1.86000E-05 1.24808E+11 4.12651E+06
1.87000E-05 1.22151E+11 4.03866E+06
1.88000E-05 1.19565E+11 3.95313E+06
1.89000E-05 1.17046E+11 3.86985E+06
1.90000E-05 1.14593E+11 3.78875E+06
1.91000E-05 1.12204E+11 3.70976E+06
1.92000E-05 1.09877E+11 3.63282E+06
1.93000E-05 1.07609E+11 3.55786E+06
1.94000E-05 1.05400E+11 3.48482E+06
1.95000E-05 1.03247E+11 3.41364E+06
1.96000E-05 1.01149E+11 3.34427E+06
1.97000E-05 9.91038E+10 3.27664E+06
1.98000E-05 9.71099E+10 3.21072E+06
1.99000E-05 9.51658E+10 3.14644E+06
2.00000E-05 9.32701E+10 3.08376E+06
2.01000E-05 9.14212E+10 3.02264E+06
2.02000E-05 8.96179E+10 2.96301E+06
2.03000E-05 8.78588E+10 2.90485E+06
2.04000E-05 8.61425E+10 2.84811E+06
2.05000E-05 8.44679E+10 2.79274E+06
2.06000E-05 8.28338E+10 2.73871E+06
2.07000E-05 8.12389E+10 2.68598E+06
2.08000E-05 7.96822E+10 2.63451E+06
2.09000E-05 7.81625E+10 2.58427E+06
2.10000E-05 7.66788E+10 2.53521E+06
2.11000E-05 7.52301E+10 2.48731E+06
2.12000E-05 7.38154E+10 2.44054E+06
2.13000E-05 7.24338E+10 2.39486E+06
2.14000E-05 7.10842E+10 2.35024E+06
2.15000E-05 6.97660E+10 2.30665E+06
2.16000E-05 6.84781E+10 2.26407E+06
2.17000E-05 6.72197E+10 2.22247E+06
2.18000E-05 6.59900E+10 2.18181E+06
2.19000E-05 6.47883E+10 2.14208E+06
2.20000E-05 6.36138E+10 2.10325E+06
2.21000E-05 6.24658E+10 2.06529E+06
2.22000E-05 6.13435E+10 2.02818E+06
2.23000E-05 6.02462E+10 1.99191E+06
2.24000E-05 5.91734E+10 1.95643E+06
2.25000E-05 5.81242E+10 1.92175E+06
2.26000E-05 5.70982E+10 1.88782E+06
2.27000E-05 5.60947E+10 1.85464E+06
2.28000E-05 5.51131E+10 1.82219E+06
2.29000E-05 5.41528E+10 1.79044E+06
2.30000E-05 5.32134E+10 1.75938E+06
2.31000E-05 5.22942E+10 1.72899E+06
2.32000E-05 5.13947E+10 1.69925E+06
2.33000E-05 5.05144E+10 1.67015E+06
2.34000E-05 4.96529E+10 1.64166E+06
2.35000E-05 4.88096E+10 1.61378E+06
2.36000E-05 4.79842E+10 1.58649E+06
2.37000E-05 4.71760E+10 1.55977E+06
2.38000E-05 4.63848E+10 1.53361E+06
2.39000E-05 4.56101E+10 1.50800E+06
2.40000E-05 4.48515E+10 1.48291E+06
2.41000E-05 4.41085E+10 1.45835E+06
2.42000E-05 4.33808E+10 1.43429E+06
2.43000E-05 4.26681E+10 1.41072E+06
2.44000E-05 4.19699E+10 1.38764E+06
2.45000E-05 4.12859E+10 1.36503E+06
2.46000E-05 4.06158E+10 1.34287E+06
2.47000E-05 3.99592E+10 1.32116E+06
2.48000E-05 3.93157E+10 1.29989E+06
2.49000E-05 3.86852E+10 1.27904E+06
2.50000E-05 3.80672E+10 1.25861E+06
2.51000E-05 3.74615E+10 1.23858E+06
2.52000E-05 3.68677E+10 1.21895E+06
2.53000E-05 3.62857E+10 1.19971E+06
2.54000E-05 3.57151E+10 1.18084E+06
2.55000E-05 3.51556E+10 1.16234E+06
2.56000E-05 3.46070E+10 1.14420E+06
2.57000E-05 3.40691E+10 1.12642E+06
2.58000E-05 3.35416E+10 1.10898E+06
2.59000E-05 3.30242E+10 1.09187E+06
2.60000E-05 3.25167E+10 1.07509E+06
2.61000E-05 3.20189E+10 1.05863E+06
2.62000E-05 3.15306E+10 1.04249E+06
2.63000E-05 3.10516E+10 1.02665E+06
2.64000E-05 3.05816E+10 1.01111E+06
2.65000E-05 3.01204E+10 9.95864E+05
2.66000E-05 2.96679E+10 9.80902E+05
2.67000E-05 2.92238E+10 9.66220E+05
2.68000E-05 2.87880E+10 9.51811E+05
2.69000E-05 2.83603E+10 9.37669E+05
2.70000E-05 2.79405E+10 9.23789E+05
2.71000E-05 2.75284E+10 9.10164E+05
2.72000E-05 2.71238E+10 8.96788E+05
2.73000E-05 2.67267E+10 8.83657E+05
2.74000E-05 2.63367E+10 8.70765E+05
2.75000E-05 2.59539E+10 8.58107E+05
2.76000E-05 2.55779E+10 8.45677E+05
2.77000E-05 2.52088E+10 8.33471E+05
2.78000E-05 2.48462E+10 8.21485E+05
2.79000E-05 2.44902E+10 8.09712E+05
2.80000E-05 2.41404E+10 7.98149E+05
2.81000E-05 2.37969E+10 7.86792E+05
2.82000E-05 2.34595E+10 7.75635E+05
2.83000E-05 2.31280E+10 7.64675E+05
2.84000E-05 2.28023E+10 7.53908E+05
2.85000E-05 2.24824E+10 7.43329E+05
2.86000E-05 2.21680E+10 7.32935E+05
2.87000E-05 2.18591E+10 7.22721E+05
2.88000E-05 2.15555E+10 7.12684E+05
2.89000E-05 2.12572E+10 7.02821E+05
2.90000E-05 2.09640E+10 6.93127E+05
2.91000E-05 2.06758E+10 6.83599E+05
2.92000E-05 2.03926E+10 6.74235E+05
2.93000E-05 2.01142E+10 6.65029E+05
2.94000E-05 1.98405E+10 6.55980E+05
2.95000E-05 1.95714E+10 6.47084E+05
2.96000E-05 1.93069E+10 6.38338E+05
2.97000E-05 1.90468E+10 6.29739E+05
2.98000E-05 1.87911E+10 6.21284E+05
2.99000E-05 1.85396E+10 6.12970E+05
3.00000E-05 1.82923E+10 6.04795E+05
3.01000E-05 1.80492E+10 5.96755E+05
3.02000E-05 1.78100E+10 5.88847E+05
3.03000E-05 1.75748E+10 5.81070E+05
3.04000E-05 1.73434E+10 5.73421E+05
3.05000E-05 1.71159E+10 5.65897E+05
3.06000E-05 1.68920E+10 5.58496E+05
3.07000E-05 1.66718E+10 5.51215E+05
3.08000E-05 1.64551E+10 5.44052E+05
3.09000E-05 1.62420E+10 5.37005E+05
3.10000E-05 1.60323E+10 5.30071E+05
3.11000E-05 1.58259E+10 5.23249E+05
3.12000E-05 1.56229E+10 5.16535E+05
3.13000E-05 1.54231E+10 5.09929E+05
3.14000E-05 1.52264E+10 5.03428E+05
3.15000E-05 1.50329E+10 4.97030E+05
3.16000E-05 1.48425E+10 4.90733E+05
3.17000E-05 1.46550E+10 4.84535E+05
3.18000E-05 1.44705E+10 4.78435E+05
3.19000E-05 1.42889E+10 4.72430E+05
3.20000E-05 1.41101E+10 4.66518E+05
3.21000E-05 1.39341E+10 4.60699E+05
3.22000E-05 1.37608E+10 4.54970E+05
3.23000E-05 1.35902E+10 4.49329E+05
3.24000E-05 1.34222E+10 4.43776E+05
3.25000E-05 1.32568E+10 4.38308E+05
3.26000E-05 1.30940E+10 4.32923E+05
3.27000E-05 1.29336E+10 4.27621E+05
3.28000E-05 1.27757E+10 4.22399E+05
3.29000E-05 1.26202E+10 4.17257E+05
3.30000E-05 1.24670E+10 4.12193E+05
3.31000E-05 1.23161E+10 4.07205E+05
3.32000E-05 1.21675E+10 4.02292E+05
3.33000E-05 1.20212E+10 3.97453E+05
3.34000E-05 1.18770E+10 3.92686E+05
3.35000E-05 1.17350E+10 3.87990E+05
3.36000E-05 1.15950E+10 3.83364E+05
3.37000E-05 1.14572E+10 3.78807E+05
3.38000E-05 1.13214E+10 3.74317E+05
3.39000E-05 1.11876E+10 3.69893E+05
3.40000E-05 1.10558E+10 3.65534E+05
3.41000E-05 1.09259E+10 3.61239E+05
3.42000E-05 1.07979E+10 3.57007E+05
3.43000E-05 1.06717E+10 3.52836E+05
3.44000E-05 1.05474E+10 3.48726E+05
3.45000E-05 1.04249E+10 3.44676E+05
3.46000E-05 1.03042E+10 3.40684E+05
3.47000E-05 1.01852E+10 3.36749E+05
3.48000E-05 1.00679E+10 3.32871E+05
3.49000E-05 9.95225E+09 3.29049E+05
3.50000E-05 9.83828E+09 3.25281E+05
3.51000E-05 9.72594E+09 3.21566E+05
3.52000E-05 9.61520E+09 3.17905E+05
3.53000E-05 9.50602E+09 3.14295E+05
3.54000E-05 9.39838E+09 3.10736E+05
3.55000E-05 9.29226E+09 3.07228E+05
3.56000E-05 9.18763E+09 3.03768E+05
3.57000E-05 9.08447E+09 3.00357E+05
3.58000E-05 8.98274E+09 2.96994E+05
3.59000E-05 8.88243E+09 2.93678E+05
3.60000E-05 8.78351E+09 2.90407E+05
3.61000E-05 8.68597E+09 2.87182E+05
3.62000E-05 8.58977E+09 2.84001E+05
3.63000E-05 8.49489E+09 2.80864E+05
3.64000E-05 8.40132E+09 2.77771E+05
3.65000E-05 8.30903E+09 2.74719E+05
3.66000E-05 8.21800E+09 2.71710E+05
3.67000E-05 8.12821E+09 2.68741E+05
3.68000E-05 8.03964E+09 2.65812E+05
3.69000E-05 7.95226E+09 2.62924E+05
3.70000E-05 7.86607E+09 2.60074E+05
3.71000E-05 7.78104E+09 2.57263E+05
3.72000E-05 7.69716E+09 2.54489E+05
3.73000E-05 7.61440E+09 2.51753E+05
3.74000E-05 7.53274E+09 2.49053E+05
3.75000E-05 7.45218E+09 2.46389E+05
3.76000E-05 7.37268E+09 2.43761E+05
3.77000E-05 7.29424E+09 2.41168E+05
3.78000E-05 7.21684E+09 2.38608E+05
3.79000E-05 7.14045E+09 2.36083E+05
3.80000E-05 7.06508E+09 2.33591E+05
3.81000E-05 6.99069E+09 2.31131E+05
3.82000E-05 6.91728E+09 2.28704E+05
3.83000E-05 6.84482E+09 2.26309E+05
3.84000E-05 6.77331E+09 2.23944E+05
3.85000E-05 6.70273E+09 2.21611E+05
3.86000E-05 6.63306E+09 2.19307E+05
3.87000E-05 6.56429E+09 2.17033E+05
3.88000E-05 6.49641E+09 2.14789E+05
3.89000E-05 6.42940E+09 2.12574E+05
3.90000E-05 6.36325E+09 2.10387E+05
3.91000E-05 6.29795E+09 2.08227E+05
3.92000E-05 6.23348E+09 2.06096E+05
3.93000E-05 6.16983E+09 2.03991E+05
3.94000E-05 6.10699E+09 2.01914E+05
3.95000E-05 6.04494E+09 1.99862E+05
3.96000E-05 5.98368E+09 1.97837E+05
3.97000E-05 5.92319E+09 1.95837E+05
3.98000E-05 5.86346E+09 1.93862E+05
3.99000E-05 5.80448E+09 1.91912E+05
4.00000E-05 5.74624E+09 1.89986E+05
4.01000E-05 5.68872E+09 1.88085E+05
4.02000E-05 5.63192E+09 1.86207E+05
4.03000E-05 5.57582E+09 1.84352E+05
4.04000E-05 5.52042E+09 1.82520E+05
4.05000E-05 5.46570E+09 1.80711E+05
4.06000E-05 5.41166E+09 1.78924E+05
4.07000E-05 5.35828E+09 1.77160E+05
4.08000E-05 5.30556E+09 1.75416E+05
4.09000E-05 5.25348E+09 1.73695E+05
4.10000E-05 5.20204E+09 1.71994E+05
4.11000E-05 5.15122E+09 1.70314E+05
4.12000E-05 5.10102E+09 1.68654E+05
4.13000E-05 5.05143E+09 1.67014E+05
4.14000E-05 5.00244E+09 1.65394E+05
4.15000E-05 4.95404E+09 1.63794E+05
4.16000E-05 4.90622E+09 1.62213E+05
4.17000E-05 4.85898E+09 1.60651E+05
4.18000E-05 4.81230E+09 1.59108E+05
4.19000E-05 4.76617E+09 1.57583E+05
4.20000E-05 4.72060E+09 1.56076E+05
4.21000E-05 4.67557E+09 1.54587E+05
4.22000E-05 4.63107E+09 1.53116E+05
4.23000E-05 4.58710E+09 1.51662E+05
4.24000E-05 4.54365E+09 1.50226E+05
4.25000E-05 4.50071E+09 1.48806E+05
4.26000E-05 4.45828E+09 1.47403E+05
4.27000E-05 4.41634E+09 1.46016E+05
4.28000E-05 4.37490E+09 1.44646E+05
4.29000E-05 4.33393E+09 1.43292E+05
4.30000E-05 4.29345E+09 1.41953E+05
4.31000E-05 4.25343E+09 1.40630E+05
4.32000E-05 4.21388E+09 1.39322E+05
4.33000E-05 4.17478E+09 1.38030E+05
4.34000E-05 4.13614E+09 1.36752E+05
4.35000E-05 4.09794E+09 1.35489E+05
4.36000E-05 4.06018E+09 1.34241E+05
4.37000E-05 4.02285E+09 1.33006E+05
4.38000E-05 3.98595E+09 1.31786E+05
4.39000E-05 3.94946E+09 1.30580E+05
4.40000E-05 3.91340E+09 1.29388E+05
4.41000E-05 3.87774E+09 1.28209E+05
4.42000E-05 3.84249E+09 1.27043E+05
4.43000E-05 3.80763E+09 1.25891E+05
4.44000E-05 3.77317E+09 1.24751E+05
4.45000E-05 3.73910E+09 1.23625E+05
4.46000E-05 3.70541E+09 1.22511E+05
4.47000E-05 3.67210E+09 1.21410E+05
4.48000E-05 3.63915E+09 1.20320E+05
4.49000E-05 3.60658E+09 1.19243E+05
4.50000E-05 3.57437E+09 1.18178E+05
4.51000E-05 3.54252E+09 1.17125E+05
4.52000E-05 3.51102E+09 1.16084E+05
4.53000E-05 3.47986E+09 1.15054E+05
4.54000E-05 3.44905E+09 1.14035E+05
4.55000E-05 3.41858E+09 1.13028E+05
4.56000E-05 3.38845E+09 1.12031E+05
4.57000E-05 3.35864E+09 1.11046E+05
4.58000E-05 3.32916E+09 1.10071E+05
4.59000E-05 3.30001E+09 1.09107E+05
4.60000E-05 3.27117E+09 1.08154E+05
4.61000E-05 3.24264E+09 1.07211E+05
4.62000E-05 3.21442E+09 1.06278E+05
4.63000E-05 3.18651E+09 1.05355E+05
4.64000E-05 3.15890E+09 1.04442E+05
4.65000E-05 3.13159E+09 1.03539E+05
4.66000E-05 3.10457E+09 1.02646E+05
4.67000E-05 3.07784E+09 1.01762E+05
4.68000E-05 3.05139E+09 1.00887E+05
4.69000E-05 3.02523E+09 1.00022E+05
4.70000E-05 2.99935E+09 9.91667E+04
4.71000E-05 2.97374E+09 9.83201E+04
4.72000E-05 2.94841E+09 9.74824E+04
4.73000E-05 2.92334E+09 9.66536E+04
4.74000E-05 2.89854E+09 9.58336E+04
4.75000E-05 2.87400E+09 9.50222E+04
4.76000E-05 2.84971E+09 9.42193E+04
4.77000E-05 2.82569E+09 9.34249E+04
4.78000E-05 2.80191E+09 9.26388E+04
4.79000E-05 2.77838E+09 9.18610E+04
4.80000E-05 2.75510E+09 9.10912E+04
4.81000E-05 2.73206E+09 9.03295E+04
4.82000E-05 2.70926E+09 8.95757E+04
4.83000E-05 2.68670E+09 8.88297E+04
4.84000E-05 2.66437E+09 8.80914E+04
4.85000E-05 2.64227E+09 8.73608E+04
4.86000E-05 2.62040E+09 8.66377E+04
4.87000E-05 2.59876E+09 8.59220E+04
4.88000E-05 2.57733E+09 8.52137E+04
4.89000E-05 2.55613E+09 8.45126E+04
4.90000E-05 2.53514E+09 8.38187E+04
4.91000E-05 2.51437E+09 8.31319E+04
4.92000E-05 2.49381E+09 8.24521E+04
4.93000E-05 2.47345E+09 8.17792E+04
4.94000E-05 2.45331E+09 8.11131E+04
4.95000E-05 2.43337E+09 8.04538E+04
4.96000E-05 2.41363E+09 7.98011E+04
4.97000E-05 2.39408E+09 7.91550E+04
4.98000E-05 2.37474E+09 7.85154E+04
4.99000E-05 2.35559E+09 7.78822E+04
5.00000E-05 2.33663E+09 7.72554E+04
5.01000E-05 2.31786E+09 7.66349E+04
5.02000E-05 2.29928E+09 7.60205E+04
5.03000E-05 2.28088E+09 7.54123E+04
5.04000E-05 2.26267E+09 7.48101E+04
5.05000E-05 2.24464E+09 7.42139E+04
5.06000E-05 2.22678E+09 7.36236E+04
5.07000E-05 2.20911E+09 7.30391E+04
5.08000E-05 2.19160E+09 7.24604E+04
5.09000E-05 2.17427E+09 7.18874E+04
5.10000E-05 2.15711E+09 7.13200E+04
5.11000E-05 2.14012E+09 7.07582E+04
5.12000E-05 2.12329E+09 7.02019E+04
5.13000E-05 2.10663E+09 6.96511E+04
5.14000E-05 2.09013E+09 6.91056E+04
5.15000E-05 2.07380E+09 6.85654E+04
5.16000E-05 2.05762E+09 6.80305E+04
5.17000E-05 2.04159E+09 6.75007E+04
5.18000E-05 2.02573E+09 6.69761E+04
5.19000E-05 2.01001E+09 6.64565E+04
5.20000E-05 1.99445E+09 6.59420E+04
5.21000E-05 1.97904E+09 6.54324E+04
5.22000E-05 1.96377E+09 6.49277E+04
5.23000E-05 1.94865E+09 6.44278E+04
5.24000E-05 1.93368E+09 6.39328E+04
5.25000E-05 1.91885E+09 6.34424E+04
5.26000E-05 1.90416E+09 6.29567E+04
5.27000E-05 1.88961E+09 6.24757E+04
5.28000E-05 1.87520E+09 6.19992E+04
5.29000E-05 1.86092E+09 6.15272E+04
5.30000E-05 1.84678E+09 6.10597E+04
5.31000E-05 1.83278E+09 6.05966E+04
5.32000E-05 1.81890E+09 6.01379E+04
5.33000E-05 1.80516E+09 5.96835E+04
5.34000E-05 1.79154E+09 5.92334E+04
5.35000E-05 1.77806E+09 5.87875E+04
5.36000E-05 1.76470E+09 5.83457E+04
5.37000E-05 1.75146E+09 5.79081E+04
5.38000E-05 1.73835E+09 5.74745E+04
5.39000E-05 1.72536E+09 5.70450E+04
5.40000E-05 1.71249E+09 5.66195E+04
5.41000E-05 1.69974E+09 5.61979E+04
5.42000E-05 1.68710E+09 5.57803E+04
5.43000E-05 1.67459E+09 5.53664E+04
5.44000E-05 1.66219E+09 5.49564E+04
5.45000E-05 1.64990E+09 5.45502E+04
5.46000E-05 1.63773E+09 5.41477E+04
5.47000E-05 1.62566E+09 5.37489E+04
5.48000E-05 1.61371E+09 5.33537E+04
5.49000E-05 1.60187E+09 5.29622E+04
5.50000E-05 1.59013E+09 5.25742E+04
5.51000E-05 1.57851E+09 5.21898E+04
5.52000E-05 1.56698E+09 5.18088E+04
5.53000E-05 1.55557E+09 5.14313E+04
5.54000E-05 1.54425E+09 5.10573E+04
5.55000E-05 1.53304E+09 5.06866E+04
5.56000E-05 1.52193E+09 5.03192E+04
5.57000E-05 1.51092E+09 4.99552E+04
5.58000E-05 1.50001E+09 4.95944E+04
5.59000E-05 1.48919E+09 4.92369E+04
5.60000E-05 1.47848E+09 4.88825E+04
5.61000E-05 1.46786E+09 4.85314E+04
5.62000E-05 1.45733E+09 4.81833E+04
5.63000E-05 1.44690E+09 4.78384E+04
5.64000E-05 1.43656E+09 4.74966E+04
5.65000E-05 1.42631E+09 4.71577E+04
5.66000E-05 1.41615E+09 4.68219E+04
5.67000E-05 1.40609E+09 4.64891E+04
5.68000E-05 1.39611E+09 4.61592E+04
5.69000E-05 1.38622E+09 4.58322E+04
5.70000E-05 1.37642E+09 4.55081E+04
5.71000E-05 1.36670E+09 4.51868E+04
5.72000E-05 1.35707E+09 4.48684E+04
5.73000E-05 1.34752E+09 4.45527E+04
5.74000E-05 1.33806E+09 4.42398E+04
5.75000E-05 1.32867E+09 4.39296E+04
5.76000E-05 1.31937E+09 4.36221E+04
5.77000E-05 1.31016E+09 4.33173E+04
5.78000E-05 1.30102E+09 4.30152E+04
5.79000E-05 1.29196E+09 4.27157E+04
5.80000E-05 1.28298E+09 4.24187E+04
5.81000E-05 1.27407E+09 4.21244E+04
5.82000E-05 1.26525E+09 4.18325E+04
5.83000E-05 1.25650E+09 4.15432E+04
5.84000E-05 1.24782E+09 4.12564E+04
5.85000E-05 1.23922E+09 4.09720E+04
5.86000E-05 1.23069E+09 4.06900E+04
5.87000E-05 1.22224E+09 4.04105E+04
5.88000E-05 1.21385E+09 4.01334E+04
5.89000E-05 1.20554E+09 3.98586E+04
5.90000E-05 1.19730E+09 3.95861E+04
5.91000E-05 1.18913E+09 3.93160E+04
5.92000E-05 1.18103E+09 3.90482E+04
5.93000E-05 1.17300E+09 3.87826E+04
5.94000E-05 1.16504E+09 3.85193E+04
5.95000E-05 1.15714E+09 3.82582E+04
5.96000E-05 1.14931E+09 3.79992E+04
5.97000E-05 1.14154E+09 3.77425E+04
5.98000E-05 1.13384E+09 3.74879E+04
5.99000E-05 1.12621E+09 3.72355E+04
6.00000E-05 1.11864E+09 3.69852E+04
6.01000E-05 1.11113E+09 3.67369E+04
6.02000E-05 1.10368E+09 3.64907E+04
6.03000E-05 1.09630E+09 3.62466E+04
6.04000E-05 1.08898E+09 3.60045E+04
6.05000E-05 1.08171E+09 3.57644E+04
6.06000E-05 1.07451E+09 3.55264E+04
6.07000E-05 1.06737E+09 3.52902E+04
6.08000E-05 1.06029E+09 3.50561E+04
6.09000E-05 1.05326E+09 3.48238E+04
6.10000E-05 1.04630E+09 3.45935E+04
6.11000E-05 1.03939E+09 3.43650E+04
6.12000E-05 1.03254E+09 3.41385E+04
6.13000E-05 1.02574E+09 3.39138E+04
6.14000E-05 1.01900E+09 3.36909E+04
6.15000E-05 1.01231E+09 3.34698E+04
6.16000E-05 1.00568E+09 3.32506E+04
6.17000E-05 9.99104E+08 3.30331E+04
6.18000E-05 9.92580E+08 3.28174E+04
6.19000E-05 9.86109E+08 3.26035E+04
6.20000E-05 9.79690E+08 3.23912E+04
6.21000E-05 9.73323E+08 3.21807E+04
6.22000E-05 9.67008E+08 3.19719E+04
6.23000E-05 9.60744E+08 3.17648E+04
6.24000E-05 9.54530E+08 3.15594E+04
6.25000E-05 9.48365E+08 3.13556E+04
6.26000E-05 9.42251E+08 3.11534E+04
6.27000E-05 9.36185E+08 3.09529E+04
6.28000E-05 9.30168E+08 3.07539E+04
6.29000E-05 9.24199E+08 3.05566E+04
6.30000E-05 9.18277E+08 3.03608E+04
6.31000E-05 9.12403E+08 3.01665E+04
6.32000E-05 9.06575E+08 2.99739E+04
6.33000E-05 9.00794E+08 2.97827E+04
6.34000E-05 8.95058E+08 2.95931E+04
6.35000E-05 8.89368E+08 2.94049E+04
6.36000E-05 8.83722E+08 2.92183E+04
6.37000E-05 8.78122E+08 2.90331E+04
6.38000E-05 8.72565E+08 2.88494E+04
6.39000E-05 8.67052E+08 2.86671E+04
6.40000E-05 8.61582E+08 2.84863E+04
6.41000E-05 8.56155E+08 2.83068E+04
6.42000E-05 8.50770E+08 2.81288E+04
6.43000E-05 8.45428E+08 2.79522E+04
6.44000E-05 8.40127E+08 2.77769E+04
6.45000E-05 8.34868E+08 2.76030E+04
6.46000E-05 8.29649E+08 2.74305E+04
6.47000E-05 8.24471E+08 2.72593E+04
6.48000E-05 8.19333E+08 2.70894E+04
6.49000E-05 8.14235E+08 2.69208E+04
6.50000E-05 8.09176E+08 2.67536E+04
6.51000E-05 8.04157E+08 2.65876E+04
6.52000E-05 7.99176E+08 2.64229E+04
6.53000E-05 7.94233E+08 2.62595E+04
6.54000E-05 7.89328E+08 2.60974E+04
6.55000E-05 7.84461E+08 2.59364E+04
6.56000E-05 7.79631E+08 2.57767E+04
6.57000E-05 7.74838E+08 2.56183E+04
6.58000E-05 7.70082E+08 2.54610E+04
6.59000E-05 7.65362E+08 2.53050E+04
6.60000E-05 7.60678E+08 2.51501E+04
6.61000E-05 7.56029E+08 2.49964E+04
6.62000E-05 7.51416E+08 2.48439E+04
6.63000E-05 7.46838E+08 2.46925E+04
6.64000E-05 7.42294E+08 2.45423E+04
6.65000E-05 7.37785E+08 2.43932E+04
6.66000E-05 7.33310E+08 2.42452E+04
6.67000E-05 7.28868E+08 2.40984E+04
6.68000E-05 7.24460E+08 2.39526E+04
6.69000E-05 7.20085E+08 2.38080E+04
6.70000E-05 7.15743E+08 2.36644E+04
6.71000E-05 7.11433E+08 2.35219E+04
6.72000E-05 7.07156E+08 2.33805E+04
6.73000E-05 7.02910E+08 2.32401E+04
6.74000E-05 6.98696E+08 2.31008E+04
6.75000E-05 6.94514E+08 2.29625E+04
6.76000E-05 6.90362E+08 2.28253E+04
6.77000E-05 6.86242E+08 2.26890E+04
6.78000E-05 6.82152E+08 2.25538E+04
6.79000E-05 6.78092E+08 2.24196E+04
6.80000E-05 6.74062E+08 2.22863E+04
6.81000E-05 6.70062E+08 2.21541E+04
6.82000E-05 6.66092E+08 2.20228E+04
6.83000E-05 6.62150E+08 2.18925E+04
6.84000E-05 6.58238E+08 2.17632E+04
6.85000E-05 6.54354E+08 2.16347E+04
6.86000E-05 6.50499E+08 2.15073E+04
6.87000E-05 6.46672E+08 2.13808E+04
6.88000E-05 6.42873E+08 2.12551E+04
6.89000E-05 6.39102E+08 2.11305E+04
6.90000E-05 6.35358E+08 2.10067E+04
6.91000E-05 6.31641E+08 2.08838E+04
6.92000E-05 6.27952E+08 2.07618E+04
6.93000E-05 6.24289E+08 2.06407E+04
6.94000E-05 6.20652E+08 2.05205E+04
6.95000E-05 6.17042E+08 2.04011E+04
6.96000E-05 6.13459E+08 2.02826E+04
6.97000E-05 6.09900E+08 2.01650E+04
6.98000E-05 6.06368E+08 2.00482E+04
6.99000E-05 6.02861E+08 1.99322E+04
7.00000E-05 5.99379E+08 1.98171E+04
7.01000E-05 5.95922E+08 1.97028E+04
7.02000E-05 5.92490E+08 1.95893E+04
7.03000E-05 5.89082E+08 1.94767E+04
7.04000E-05 5.85699E+08 1.93648E+04
7.05000E-05 5.82340E+08 1.92538E+04
7.06000E-05 5.79005E+08 1.91435E+04
7.07000E-05 5.75693E+08 1.90340E+04
7.08000E-05 5.72405E+08 1.89253E+04
7.09000E-05 5.69141E+08 1.88174E+04
7.10000E-05 5.65899E+08 1.87102E+04
7.11000E-05 5.62681E+08 1.86038E+04
7.12000E-05 5.59485E+08 1.84981E+04
7.13000E-05 5.56311E+08 1.83932E+04
7.14000E-05 5.53160E+08 1.82890E+04
7.15000E-05 5.50031E+08 1.81856E+04
7.16000E-05 5.46925E+08 1.80828E+04
7.17000E-05 5.43840E+08 1.79808E+04
7.18000E-05 5.40776E+08 1.78795E+04
7.19000E-05 5.37734E+08 1.77790E+04
7.20000E-05 5.34713E+08 1.76791E+04
7.21000E-05 5.31713E+08 1.75799E+04
7.22000E-05 5.28735E+08 1.74814E+04
7.23000E-05 5.25777E+08 1.73836E+04
7.24000E-05 5.22839E+08 1.72865E+04
7.25000E-05 5.19922E+08 1.71900E+04
7.26000E-05 5.17025E+08 1.70943E+04
7.27000E-05 5.14148E+08 1.69991E+04
7.28000E-05 5.11291E+08 1.69047E+04
7.29000E-05 5.08453E+08 1.68109E+04
7.30000E-05 5.05636E+08 1.67177E+04
7.31000E-05 5.02837E+08 1.66252E+04
7.32000E-05 5.00058E+08 1.65333E+04
7.33000E-05 4.97298E+08 1.64420E+04
7.34000E-05 4.94557E+08 1.63514E+04
7.35000E-05 4.91834E+08 1.62614E+04
7.36000E-05 4.89130E+08 1.61720E+04
7.37000E-05 4.86445E+08 1.60832E+04
7.38000E-05 4.83778E+08 1.59950E+04
7.39000E-05 4.81129E+08 1.59074E+04
7.40000E-05 4.78498E+08 1.58205E+04
7.41000E-05 4.75885E+08 1.57341E+04
7.42000E-05 4.73290E+08 1.56483E+04
7.43000E-05 4.70712E+08 1.55630E+04
7.44000E-05 4.68152E+08 1.54784E+04
7.45000E-05 4.65609E+08 1.53943E+04
7.46000E-05 4.63083E+08 1.53108E+04
7.47000E-05 4.60574E+08 1.52278E+04
7.48000E-05 4.58082E+08 1.51454E+04
7.49000E-05 4.55606E+08 1.50636E+04
7.50000E-05 4.53148E+08 1.49823E+04
7.51000E-05 4.50706E+08 1.49016E+04
7.52000E-05 4.48280E+08 1.48214E+04
7.53000E-05 4.45870E+08 1.47417E+04
7.54000E-05 4.43476E+08 1.46625E+04
7.55000E-05 4.41099E+08 1.45839E+04
7.56000E-05 4.38737E+08 1.45059E+04
7.57000E-05 4.36391E+08 1.44283E+04
7.58000E-05 4.34060E+08 1.43512E+04
7.59000E-05 4.31745E+08 1.42747E+04
7.60000E-05 4.29445E+08 1.41986E+04
7.61000E-05 4.27161E+08 1.41231E+04
7.62000E-05 4.24891E+08 1.40481E+04
7.63000E-05 4.22637E+08 1.39735E+04
7.64000E-05 4.20397E+08 1.38995E+04
7.65000E-05 4.18172E+08 1.38259E+04
7.66000E-05 4.15962E+08 1.37528E+04
7.67000E-05 4.13766E+08 1.36802E+04
7.68000E-05 4.11585E+08 1.36081E+04
7.69000E-05 4.09418E+08 1.35365E+04
7.70000E-05 4.07265E+08 1.34653E+04
7.71000E-05 4.05126E+08 1.33946E+04
7.72000E-05 4.03001E+08 1.33243E+04
7.73000E-05 4.00890E+08 1.32545E+04
7.74000E-05 3.98792E+08 1.31852E+04
7.75000E-05 3.96708E+08 1.31163E+04
7.76000E-05 3.94638E+08 1.30478E+04
7.77000E-05 3.92581E+08 1.29798E+04
7.78000E-05 3.90538E+08 1.29122E+04
7.79000E-05 3.88507E+08 1.28451E+04
7.80000E-05 3.86490E+08 1.27784E+04
7.81000E-05 3.84486E+08 1.27122E+04
7.82000E-05 3.82494E+08 1.26463E+04
7.83000E-05 3.80516E+08 1.25809E+04
7.84000E-05 3.78550E+08 1.25159E+04
7.85000E-05 3.76597E+08 1.24513E+04
7.86000E-05 3.74656E+08 1.23872E+04
7.87000E-05 3.72728E+08 1.23234E+04
7.88000E-05 3.70812E+08 1.22601E+04
7.89000E-05 3.68908E+08 1.21971E+04
7.90000E-05 3.67016E+08 1.21346E+04
7.91000E-05 3.65137E+08 1.20724E+04
7.92000E-05 3.63269E+08 1.20107E+04
7.93000E-05 3.61413E+08 1.19493E+04
7.94000E-05 3.59569E+08 1.18883E+04
7.95000E-05 3.57737E+08 1.18278E+04
7.96000E-05 3.55916E+08 1.17676E+04
7.97000E-05 3.54106E+08 1.17077E+04
7.98000E-05 3.52309E+08 1.16483E+04
7.99000E-05 3.50522E+08 1.15892E+04
8.00000E-05 3.48747E+08 1.15305E+04
8.01000E-05 3.46983E+08 1.14722E+04
8.02000E-05 3.45230E+08 1.14142E+04
8.03000E-05 3.43487E+08 1.13566E+04
8.04000E-05 3.41756E+08 1.12994E+04
8.05000E-05 3.40036E+08 1.12425E+04
8.06000E-05 3.38326E+08 1.11860E+04
8.07000E-05 3.36627E+08 1.11298E+04
8.08000E-05 3.34939E+08 1.10740E+04
8.09000E-05 3.33261E+08 1.10185E+04
8.10000E-05 3.31594E+08 1.09634E+04
8.11000E-05 3.29937E+08 1.09086E+04
8.12000E-05 3.28290E+08 1.08542E+04
8.13000E-05 3.26653E+08 1.08001E+04
8.14000E-05 3.25027E+08 1.07463E+04
8.15000E-05 3.23410E+08 1.06928E+04
8.16000E-05 3.21804E+08 1.06397E+04
8.17000E-05 3.20207E+08 1.05869E+04
8.18000E-05 3.18621E+08 1.05345E+04
8.19000E-05 3.17044E+08 1.04823E+04
8.20000E-05 3.15477E+08 1.04305E+04
8.21000E-05 3.13919E+08 1.03790E+04
8.22000E-05 3.12371E+08 1.03278E+04
8.23000E-05 3.10832E+08 1.02770E+04
8.24000E-05 3.09303E+08 1.02264E+04
8.25000E-05 3.07783E+08 1.01762E+04
8.26000E-05 3.06272E+08 1.01262E+04
8.27000E-05 3.04771E+08 1.00766E+04
8.28000E-05 3.03279E+08 1.00272E+04
8.29000E-05 3.01795E+08 9.97819E+03
8.30000E-05 3.00321E+08 9.92944E+03
8.31000E-05 2.98856E+08 9.88100E+03
8.32000E-05 2.97399E+08 9.83284E+03
8.33000E-05 2.95952E+08 9.78498E+03
8.34000E-05 2.94513E+08 9.73741E+03
8.35000E-05 2.93083E+08 9.69012E+03
8.36000E-05 2.91661E+08 9.64312E+03
8.37000E-05 2.90248E+08 9.59640E+03
8.38000E-05 2.88844E+08 9.54996E+03
8.39000E-05 2.87448E+08 9.50380E+03
8.40000E-05 2.86060E+08 9.45792E+03
8.41000E-05 2.84680E+08 9.41231E+03
8.42000E-05 2.83309E+08 9.36698E+03
8.43000E-05 2.81946E+08 9.32192E+03
8.44000E-05 2.80591E+08 9.27712E+03
8.45000E-05 2.79245E+08 9.23259E+03
8.46000E-05 2.77906E+08 9.18833E+03
8.47000E-05 2.76575E+08 9.14433E+03
8.48000E-05 2.75252E+08 9.10059E+03
8.49000E-05 2.73937E+08 9.05712E+03
8.50000E-05 2.72630E+08 9.01390E+03
8.51000E-05 2.71330E+08 8.97093E+03
8.52000E-05 2.70039E+08 8.92822E+03
8.53000E-05 2.68754E+08 8.88576E+03
8.54000E-05 2.67478E+08 8.84355E+03
8.55000E-05 2.66209E+08 8.80159E+03
8.56000E-05 2.64947E+08 8.75988E+03
8.57000E-05 2.63693E+08 8.71842E+03
8.58000E-05 2.62446E+08 8.67719E+03
8.59000E-05 2.61207E+08 8.63621E+03
8.60000E-05 2.59974E+08 8.59547E+03
8.61000E-05 2.58749E+08 8.55496E+03
8.62000E-05 2.57531E+08 8.51470E+03
8.63000E-05 2.56321E+08 8.47467E+03
8.64000E-05 2.55117E+08 8.43487E+03
8.65000E-05 2.53920E+08 8.39530E+03
8.66000E-05 2.52731E+08 8.35597E+03
8.67000E-05 2.51548E+08 8.31686E+03
8.68000E-05 2.50372E+08 8.27798E+03
8.69000E-05 2.49203E+08 8.23932E+03
8.70000E-05 2.48040E+08 8.20089E+03
8.71000E-05 2.46885E+08 8.16269E+03
8.72000E-05 2.45736E+08 8.12470E+03
8.73000E-05 2.44593E+08 8.08693E+03
8.74000E-05 2.43458E+08 8.04938E+03
8.75000E-05 2.42328E+08 8.01204E+03
8.76000E-05 2.41206E+08 7.97492E+03
8.77000E-05 2.40090E+08 7.93802E+03
8.78000E-05 2.38980E+08 7.90132E+03
8.79000E-05 2.37876E+08 7.86484E+03
8.80000E-05 2.36779E+08 7.82856E+03
8.81000E-05 2.35688E+08 7.79250E+03
8.82000E-05 2.34603E+08 7.75664E+03
8.83000E-05 2.33525E+08 7.72098E+03
8.84000E-05 2.32453E+08 7.68553E+03
8.85000E-05 2.31387E+08 7.65027E+03
8.86000E-05 2.30326E+08 7.61522E+03
8.87000E-05 2.29272E+08 7.58037E+03
8.88000E-05 2.28224E+08 7.54572E+03
8.89000E-05 2.27182E+08 7.51126E+03
8.90000E-05 2.26146E+08 7.47700E+03
8.91000E-05 2.25115E+08 7.44293E+03
8.92000E-05 2.24091E+08 7.40905E+03
8.93000E-05 2.23072E+08 7.37537E+03
8.94000E-05 2.22059E+08 7.34187E+03
8.95000E-05 2.21051E+08 7.30857E+03
8.96000E-05 2.20050E+08 7.27545E+03
8.97000E-05 2.19054E+08 7.24251E+03
8.98000E-05 2.18063E+08 7.20977E+03
8.99000E-05 2.17078E+08 7.17720E+03
9.00000E-05 2.16099E+08 7.14482E+03
9.01000E-05 2.15125E+08 7.11262E+03
9.02000E-05 2.14156E+08 7.08060E+03
9.03000E-05 2.13193E+08 7.04876E+03
9.04000E-05 2.12236E+08 7.01709E+03
9.05000E-05 2.11283E+08 6.98560E+03
9.06000E-05 2.10336E+08 6.95429E+03
9.07000E-05 2.09394E+08 6.92315E+03
9.08000E-05 2.08458E+08 6.89219E+03
9.09000E-05 2.07526E+08 6.86139E+03
9.10000E-05 2.06600E+08 6.83077E+03
9.11000E-05 2.05679E+08 6.80032E+03
9.12000E-05 2.04763E+08 6.77003E+03
9.13000E-05 2.03852E+08 6.73991E+03
9.14000E-05 2.02946E+08 6.70996E+03
9.15000E-05 2.02045E+08 6.68017E+03
9.16000E-05 2.01149E+08 6.65055E+03
9.17000E-05 2.00258E+08 6.62109E+03
9.18000E-05 1.99372E+08 6.59179E+03
9.19000E-05 1.98491E+08 6.56265E+03
9.20000E-05 1.97614E+08 6.53368E+03
9.21000E-05 1.96743E+08 6.50486E+03
9.22000E-05 1.95876E+08 6.47619E+03
9.23000E-05 1.95014E+08 6.44769E+03
9.24000E-05 1.94156E+08 6.41934E+03
9.25000E-05 1.93304E+08 6.39115E+03
9.26000E-05 1.92455E+08 6.36310E+03
9.27000E-05 1.91612E+08 6.33521E+03
9.28000E-05 1.90773E+08 6.30748E+03
9.29000E-05 1.89939E+08 6.27989E+03
9.30000E-05 1.89109E+08 6.25245E+03
9.31000E-05 1.88283E+08 6.22517E+03
9.32000E-05 1.87462E+08 6.19802E+03
9.33000E-05 1.86646E+08 6.17103E+03
9.34000E-05 1.85834E+08 6.14418E+03
9.35000E-05 1.85026E+08 6.11748E+03
9.36000E-05 1.84223E+08 6.09092E+03
9.37000E-05 1.83424E+08 6.06450E+03
9.38000E-05 1.82629E+08 6.03823E+03
9.39000E-05 1.81839E+08 6.01209E+03
9.40000E-05 1.81053E+08 5.98610E+03
9.41000E-05 1.80271E+08 5.96025E+03
9.42000E-05 1.79493E+08 5.93453E+03
9.43000E-05 1.78719E+08 5.90895E+03
9.44000E-05 1.77950E+08 5.88351E+03
9.45000E-05 1.77185E+08 5.85821E+03
9.46000E-05 1.76423E+08 5.83304E+03
9.47000E-05 1.75666E+08 5.80800E+03
9.48000E-05 1.74913E+08 5.78310E+03
9.49000E-05 1.74164E+08 5.75833E+03
9.50000E-05 1.73418E+08 5.73369E+03
9.51000E-05 1.72677E+08 5.70918E+03
9.52000E-05 1.71940E+08 5.68480E+03
9.53000E-05 1.71206E+08 5.66055E+03
9.54000E-05 1.70477E+08 5.63643E+03
9.55000E-05 1.69751E+08 5.61243E+03
9.56000E-05 1.69029E+08 5.58857E+03
9.57000E-05 1.68311E+08 5.56482E+03
9.58000E-05 1.67597E+08 5.54121E+03
9.59000E-05 1.66886E+08 5.51772E+03
9.60000E-05 1.66179E+08 5.49435E+03
9.61000E-05 1.65476E+08 5.47110E+03
9.62000E-05 1.64777E+08 5.44798E+03
9.63000E-05 1.64081E+08 5.42497E+03
9.64000E-05 1.63389E+08 5.40209E+03
9.65000E-05 1.62701E+08 5.37933E+03
9.66000E-05 1.62016E+08 5.35668E+03
9.67000E-05 1.61334E+08 5.33416E+03
9.68000E-05 1.60657E+08 5.31175E+03
9.69000E-05 1.59982E+08 5.28946E+03
9.70000E-05 1.59312E+08 5.26728E+03
9.71000E-05 1.58644E+08 5.24522E+03
9.72000E-05 1.57981E+08 5.22327E+03
9.73000E-05 1.57320E+08 5.20144E+03
9.74000E-05 1.56663E+08 5.17972E+03
9.75000E-05 1.56010E+08 5.15812E+03
9.76000E-05 1.55360E+08 5.13662E+03
9.77000E-05 1.54713E+08 5.11524E+03
9.78000E-05 1.54070E+08 5.09396E+03
9.79000E-05 1.53429E+08 5.07280E+03
9.80000E-05 1.52793E+08 5.05174E+03
9.81000E-05 1.52159E+08 5.03080E+03
9.82000E-05 1.51529E+08 5.00996E+03
9.83000E-05 1.50902E+08 4.98923E+03
9.84000E-05 1.50278E+08 4.96860E+03
9.85000E-05 1.49657E+08 4.94808E+03
9.86000E-05 1.49040E+08 4.92766E+03
9.87000E-05 1.48425E+08 4.90735E+03
9.88000E-05 1.47814E+08 4.88715E+03
9.89000E-05 1.47206E+08 4.86704E+03
9.90000E-05 1.46601E+08 4.84704E+03
9.91000E-05 1.45999E+08 4.82714E+03
9.92000E-05 1.45401E+08 4.80734E+03
9.93000E-05 1.44805E+08 4.78765E+03
9.94000E-05 1.44212E+08 4.76805E+03
9.95000E-05 1.43622E+08 4.74855E+03
9.96000E-05 1.43036E+08 4.72915E+03
9.97000E-05 1.42452E+08 4.70985E+03
9.98000E-05 1.41871E+08 4.69065E+03
9.99000E-05 1.41293E+08 4.67154E+03
1.00000E-04 1.40718E+08 4.65253E+03
