#  FeatureSize(cm)    Fluence(mum2)   Dose(Gy)
1.00000E-07 2.32417E+20 7.68434E+15
2.00000E-07 1.45250E+19 4.80238E+14
3.00000E-07 2.86894E+18 9.48551E+13
4.00000E-07 9.07687E+17 3.00106E+13
5.00000E-07 3.71763E+17 1.22915E+13
6.00000E-07 1.79271E+17 5.92719E+12
7.00000E-07 9.67592E+16 3.19913E+12
8.00000E-07 5.67145E+16 1.87514E+12
9.00000E-07 3.54041E+16 1.17056E+12
1.00000E-06 2.32270E+16 7.67948E+11
1.10000E-06 1.58632E+16 5.24482E+11
1.20000E-06 1.11997E+16 3.70293E+11
1.30000E-06 8.13070E+15 2.68823E+11
1.40000E-06 6.04447E+15 1.99847E+11
1.50000E-06 4.58643E+15 1.51640E+11
1.60000E-06 3.54266E+15 1.17130E+11
1.70000E-06 2.77961E+15 9.19014E+10
1.80000E-06 2.21135E+15 7.31134E+10
1.90000E-06 1.78116E+15 5.88901E+10
2.00000E-06 1.45067E+15 4.79630E+10
2.10000E-06 1.19338E+15 3.94565E+10
2.20000E-06 9.90684E+14 3.27547E+10
2.30000E-06 8.29247E+14 2.74172E+10
2.40000E-06 6.99391E+14 2.31238E+10
2.50000E-06 5.93983E+14 1.96387E+10
2.60000E-06 5.07704E+14 1.67861E+10
2.70000E-06 4.36534E+14 1.44330E+10
2.80000E-06 3.77407E+14 1.24781E+10
2.90000E-06 3.27959E+14 1.08432E+10
3.00000E-06 2.86349E+14 9.46750E+09
3.10000E-06 2.51133E+14 8.30315E+09
3.20000E-06 2.21167E+14 7.31239E+09
3.30000E-06 1.95539E+14 6.46506E+09
3.40000E-06 1.73517E+14 5.73696E+09
3.50000E-06 1.54510E+14 5.10852E+09
3.60000E-06 1.38035E+14 4.56380E+09
3.70000E-06 1.23697E+14 4.08977E+09
3.80000E-06 1.11174E+14 3.67571E+09
3.90000E-06 1.00195E+14 3.31273E+09
4.00000E-06 9.05389E+13 2.99346E+09
4.10000E-06 8.20180E+13 2.71174E+09
4.20000E-06 7.44761E+13 2.46238E+09
4.30000E-06 6.77812E+13 2.24103E+09
4.40000E-06 6.18218E+13 2.04400E+09
4.50000E-06 5.65031E+13 1.86815E+09
4.60000E-06 5.17440E+13 1.71080E+09
4.70000E-06 4.74755E+13 1.56967E+09
4.80000E-06 4.36380E+13 1.44279E+09
4.90000E-06 4.01805E+13 1.32848E+09
5.00000E-06 3.70586E+13 1.22526E+09
5.10000E-06 3.42340E+13 1.13187E+09
5.20000E-06 3.16734E+13 1.04721E+09
5.30000E-06 2.93477E+13 9.70314E+08
5.40000E-06 2.72315E+13 9.00347E+08
5.50000E-06 2.53026E+13 8.36573E+08
5.60000E-06 2.35414E+13 7.78344E+08
5.70000E-06 2.19308E+13 7.25093E+08
5.80000E-06 2.04556E+13 6.76317E+08
5.90000E-06 1.91023E+13 6.31573E+08
6.00000E-06 1.78590E+13 5.90468E+08
6.10000E-06 1.67152E+13 5.52651E+08
6.20000E-06 1.56615E+13 5.17813E+08
6.30000E-06 1.46895E+13 4.85676E+08
6.40000E-06 1.37918E+13 4.55994E+08
6.50000E-06 1.29615E+13 4.28543E+08
6.60000E-06 1.21928E+13 4.03127E+08
6.70000E-06 1.14802E+13 3.79566E+08
6.80000E-06 1.08189E+13 3.57701E+08
6.90000E-06 1.02045E+13 3.37387E+08
7.00000E-06 9.63304E+12 3.18495E+08
7.10000E-06 9.10105E+12 3.00906E+08
7.20000E-06 8.60526E+12 2.84514E+08
7.30000E-06 8.14277E+12 2.69222E+08
7.40000E-06 7.71092E+12 2.54944E+08
7.50000E-06 7.30730E+12 2.41599E+08
7.60000E-06 6.92974E+12 2.29116E+08
7.70000E-06 6.57624E+12 2.17429E+08
7.80000E-06 6.24499E+12 2.06476E+08
7.90000E-06 5.93432E+12 1.96205E+08
8.00000E-06 5.64272E+12 1.86564E+08
8.10000E-06 5.36881E+12 1.77508E+08
8.20000E-06 5.11130E+12 1.68994E+08
8.30000E-06 4.86905E+12 1.60984E+08
8.40000E-06 4.64097E+12 1.53443E+08
8.50000E-06 4.42608E+12 1.46338E+08
8.60000E-06 4.22348E+12 1.39640E+08
8.70000E-06 4.03233E+12 1.33320E+08
8.80000E-06 3.85187E+12 1.27354E+08
8.90000E-06 3.68139E+12 1.21717E+08
9.00000E-06 3.52023E+12 1.16389E+08
9.10000E-06 3.36779E+12 1.11348E+08
9.20000E-06 3.22351E+12 1.06578E+08
9.30000E-06 3.08686E+12 1.02060E+08
9.40000E-06 2.95738E+12 9.77791E+07
9.50000E-06 2.83461E+12 9.37200E+07
9.60000E-06 2.71814E+12 8.98692E+07
9.70000E-06 2.60759E+12 8.62141E+07
9.80000E-06 2.50260E+12 8.27428E+07
9.90000E-06 2.40284E+12 7.94443E+07
1.00000E-05 2.30799E+12 7.63085E+07
1.01000E-05 2.21778E+12 7.33258E+07
1.02000E-05 2.13192E+12 7.04873E+07
1.03000E-05 2.05018E+12 6.77847E+07
1.04000E-05 1.97232E+12 6.52103E+07
1.05000E-05 1.89812E+12 6.27570E+07
1.06000E-05 1.82737E+12 6.04178E+07
1.07000E-05 1.75988E+12 5.81865E+07
1.08000E-05 1.69548E+12 5.60573E+07
1.09000E-05 1.63400E+12 5.40244E+07
1.10000E-05 1.57527E+12 5.20828E+07
1.11000E-05 1.51916E+12 5.02276E+07
1.12000E-05 1.46552E+12 4.84542E+07
1.13000E-05 1.41423E+12 4.67583E+07
1.14000E-05 1.36516E+12 4.51360E+07
1.15000E-05 1.31820E+12 4.35833E+07
1.16000E-05 1.27324E+12 4.20968E+07
1.17000E-05 1.23018E+12 4.06730E+07
1.18000E-05 1.18892E+12 3.93089E+07
1.19000E-05 1.14937E+12 3.80015E+07
1.20000E-05 1.11146E+12 3.67479E+07
1.21000E-05 1.07509E+12 3.55455E+07
1.22000E-05 1.04020E+12 3.43919E+07
1.23000E-05 1.00671E+12 3.32847E+07
1.24000E-05 9.74560E+11 3.22216E+07
1.25000E-05 9.43679E+11 3.12006E+07
1.26000E-05 9.14011E+11 3.02197E+07
1.27000E-05 8.85499E+11 2.92770E+07
1.28000E-05 8.58089E+11 2.83708E+07
1.29000E-05 8.31730E+11 2.74993E+07
1.30000E-05 8.06375E+11 2.66610E+07
1.31000E-05 7.81978E+11 2.58543E+07
1.32000E-05 7.58496E+11 2.50779E+07
1.33000E-05 7.35887E+11 2.43305E+07
1.34000E-05 7.14115E+11 2.36106E+07
1.35000E-05 6.93140E+11 2.29171E+07
1.36000E-05 6.72930E+11 2.22489E+07
1.37000E-05 6.53450E+11 2.16049E+07
1.38000E-05 6.34669E+11 2.09839E+07
1.39000E-05 6.16558E+11 2.03851E+07
1.40000E-05 5.99087E+11 1.98075E+07
1.41000E-05 5.82230E+11 1.92501E+07
1.42000E-05 5.65962E+11 1.87123E+07
1.43000E-05 5.50257E+11 1.81930E+07
1.44000E-05 5.35092E+11 1.76916E+07
1.45000E-05 5.20446E+11 1.72074E+07
1.46000E-05 5.06297E+11 1.67396E+07
1.47000E-05 4.92625E+11 1.62876E+07
1.48000E-05 4.79412E+11 1.58507E+07
1.49000E-05 4.66637E+11 1.54283E+07
1.50000E-05 4.54285E+11 1.50199E+07
1.51000E-05 4.42339E+11 1.46249E+07
1.52000E-05 4.30782E+11 1.42428E+07
1.53000E-05 4.19600E+11 1.38731E+07
1.54000E-05 4.08778E+11 1.35153E+07
1.55000E-05 3.98302E+11 1.31690E+07
1.56000E-05 3.88159E+11 1.28336E+07
1.57000E-05 3.78337E+11 1.25089E+07
1.58000E-05 3.68823E+11 1.21943E+07
1.59000E-05 3.59606E+11 1.18896E+07
1.60000E-05 3.50675E+11 1.15943E+07
1.61000E-05 3.42019E+11 1.13081E+07
1.62000E-05 3.33628E+11 1.10307E+07
1.63000E-05 3.25493E+11 1.07617E+07
1.64000E-05 3.17604E+11 1.05009E+07
1.65000E-05 3.09952E+11 1.02479E+07
1.66000E-05 3.02529E+11 1.00024E+07
1.67000E-05 2.95327E+11 9.76431E+06
1.68000E-05 2.88337E+11 9.53322E+06
1.69000E-05 2.81553E+11 9.30891E+06
1.70000E-05 2.74967E+11 9.09116E+06
1.71000E-05 2.68572E+11 8.87973E+06
1.72000E-05 2.62362E+11 8.67440E+06
1.73000E-05 2.56330E+11 8.47496E+06
1.74000E-05 2.50470E+11 8.28122E+06
1.75000E-05 2.44776E+11 8.09297E+06
1.76000E-05 2.39243E+11 7.91004E+06
1.77000E-05 2.33866E+11 7.73224E+06
1.78000E-05 2.28638E+11 7.55940E+06
1.79000E-05 2.23556E+11 7.39136E+06
1.80000E-05 2.18613E+11 7.22796E+06
1.81000E-05 2.13807E+11 7.06904E+06
1.82000E-05 2.09131E+11 6.91446E+06
1.83000E-05 2.04583E+11 6.76408E+06
1.84000E-05 2.00157E+11 6.61776E+06
1.85000E-05 1.95851E+11 6.47536E+06
1.86000E-05 1.91659E+11 6.33678E+06
1.87000E-05 1.87579E+11 6.20187E+06
1.88000E-05 1.83606E+11 6.07053E+06
1.89000E-05 1.79739E+11 5.94265E+06
1.90000E-05 1.75972E+11 5.81811E+06
1.91000E-05 1.72303E+11 5.69681E+06
1.92000E-05 1.68729E+11 5.57866E+06
1.93000E-05 1.65248E+11 5.46354E+06
1.94000E-05 1.61855E+11 5.35138E+06
1.95000E-05 1.58549E+11 5.24207E+06
1.96000E-05 1.55327E+11 5.13554E+06
1.97000E-05 1.52186E+11 5.03170E+06
1.98000E-05 1.49125E+11 4.93047E+06
1.99000E-05 1.46139E+11 4.83176E+06
2.00000E-05 1.43228E+11 4.73551E+06
2.01000E-05 1.40389E+11 4.64164E+06
2.02000E-05 1.37620E+11 4.55008E+06
2.03000E-05 1.34918E+11 4.46077E+06
2.04000E-05 1.32283E+11 4.37363E+06
2.05000E-05 1.29711E+11 4.28861E+06
2.06000E-05 1.27202E+11 4.20564E+06
2.07000E-05 1.24753E+11 4.12466E+06
2.08000E-05 1.22362E+11 4.04562E+06
2.09000E-05 1.20028E+11 3.96847E+06
2.10000E-05 1.17750E+11 3.89314E+06
2.11000E-05 1.15525E+11 3.81958E+06
2.12000E-05 1.13353E+11 3.74776E+06
2.13000E-05 1.11231E+11 3.67761E+06
2.14000E-05 1.09159E+11 3.60909E+06
2.15000E-05 1.07134E+11 3.54216E+06
2.16000E-05 1.05157E+11 3.47677E+06
2.17000E-05 1.03224E+11 3.41288E+06
2.18000E-05 1.01336E+11 3.35045E+06
2.19000E-05 9.94907E+10 3.28944E+06
2.20000E-05 9.76871E+10 3.22980E+06
2.21000E-05 9.59241E+10 3.17152E+06
2.22000E-05 9.42007E+10 3.11453E+06
2.23000E-05 9.25157E+10 3.05882E+06
2.24000E-05 9.08682E+10 3.00435E+06
2.25000E-05 8.92571E+10 2.95108E+06
2.26000E-05 8.76815E+10 2.89899E+06
2.27000E-05 8.61405E+10 2.84804E+06
2.28000E-05 8.46331E+10 2.79820E+06
2.29000E-05 8.31585E+10 2.74945E+06
2.30000E-05 8.17159E+10 2.70175E+06
2.31000E-05 8.03043E+10 2.65508E+06
2.32000E-05 7.89230E+10 2.60941E+06
2.33000E-05 7.75713E+10 2.56472E+06
2.34000E-05 7.62483E+10 2.52098E+06
2.35000E-05 7.49533E+10 2.47816E+06
2.36000E-05 7.36857E+10 2.43625E+06
2.37000E-05 7.24448E+10 2.39522E+06
2.38000E-05 7.12298E+10 2.35505E+06
2.39000E-05 7.00401E+10 2.31572E+06
2.40000E-05 6.88751E+10 2.27720E+06
2.41000E-05 6.77342E+10 2.23948E+06
2.42000E-05 6.66168E+10 2.20253E+06
2.43000E-05 6.55223E+10 2.16635E+06
2.44000E-05 6.44501E+10 2.13090E+06
2.45000E-05 6.33997E+10 2.09617E+06
2.46000E-05 6.23707E+10 2.06215E+06
2.47000E-05 6.13623E+10 2.02881E+06
2.48000E-05 6.03743E+10 1.99614E+06
2.49000E-05 5.94060E+10 1.96412E+06
2.50000E-05 5.84570E+10 1.93275E+06
2.51000E-05 5.75268E+10 1.90200E+06
2.52000E-05 5.66151E+10 1.87185E+06
2.53000E-05 5.57213E+10 1.84230E+06
2.54000E-05 5.48450E+10 1.81333E+06
2.55000E-05 5.39859E+10 1.78492E+06
2.56000E-05 5.31435E+10 1.75707E+06
2.57000E-05 5.23174E+10 1.72976E+06
2.58000E-05 5.15073E+10 1.70297E+06
2.59000E-05 5.07128E+10 1.67670E+06
2.60000E-05 4.99335E+10 1.65094E+06
2.61000E-05 4.91691E+10 1.62567E+06
2.62000E-05 4.84193E+10 1.60087E+06
2.63000E-05 4.76836E+10 1.57655E+06
2.64000E-05 4.69619E+10 1.55269E+06
2.65000E-05 4.62537E+10 1.52927E+06
2.66000E-05 4.55588E+10 1.50630E+06
2.67000E-05 4.48769E+10 1.48375E+06
2.68000E-05 4.42077E+10 1.46163E+06
2.69000E-05 4.35508E+10 1.43991E+06
2.70000E-05 4.29061E+10 1.41859E+06
2.71000E-05 4.22733E+10 1.39767E+06
2.72000E-05 4.16521E+10 1.37713E+06
2.73000E-05 4.10422E+10 1.35697E+06
2.74000E-05 4.04434E+10 1.33717E+06
2.75000E-05 3.98555E+10 1.31773E+06
2.76000E-05 3.92782E+10 1.29864E+06
2.77000E-05 3.87113E+10 1.27990E+06
2.78000E-05 3.81545E+10 1.26149E+06
2.79000E-05 3.76078E+10 1.24342E+06
2.80000E-05 3.70707E+10 1.22566E+06
2.81000E-05 3.65432E+10 1.20822E+06
2.82000E-05 3.60250E+10 1.19109E+06
2.83000E-05 3.55160E+10 1.17426E+06
2.84000E-05 3.50159E+10 1.15772E+06
2.85000E-05 3.45245E+10 1.14148E+06
2.86000E-05 3.40418E+10 1.12551E+06
2.87000E-05 3.35674E+10 1.10983E+06
2.88000E-05 3.31012E+10 1.09442E+06
2.89000E-05 3.26431E+10 1.07927E+06
2.90000E-05 3.21929E+10 1.06438E+06
2.91000E-05 3.17503E+10 1.04975E+06
2.92000E-05 3.13154E+10 1.03537E+06
2.93000E-05 3.08878E+10 1.02124E+06
2.94000E-05 3.04675E+10 1.00734E+06
2.95000E-05 3.00544E+10 9.93680E+05
2.96000E-05 2.96481E+10 9.80249E+05
2.97000E-05 2.92488E+10 9.67044E+05
2.98000E-05 2.88561E+10 9.54060E+05
2.99000E-05 2.84699E+10 9.41293E+05
3.00000E-05 2.80902E+10 9.28739E+05
3.01000E-05 2.77168E+10 9.16392E+05
3.02000E-05 2.73495E+10 9.04250E+05
3.03000E-05 2.69883E+10 8.92307E+05
3.04000E-05 2.66330E+10 8.80561E+05
3.05000E-05 2.62836E+10 8.69007E+05
3.06000E-05 2.59398E+10 8.57641E+05
3.07000E-05 2.56016E+10 8.46460E+05
3.08000E-05 2.52689E+10 8.35461E+05
3.09000E-05 2.49416E+10 8.24639E+05
3.10000E-05 2.46196E+10 8.13991E+05
3.11000E-05 2.43027E+10 8.03514E+05
3.12000E-05 2.39909E+10 7.93205E+05
3.13000E-05 2.36841E+10 7.83061E+05
3.14000E-05 2.33821E+10 7.73077E+05
3.15000E-05 2.30850E+10 7.63252E+05
3.16000E-05 2.27925E+10 7.53583E+05
3.17000E-05 2.25046E+10 7.44065E+05
3.18000E-05 2.22213E+10 7.34697E+05
3.19000E-05 2.19424E+10 7.25475E+05
3.20000E-05 2.16678E+10 7.16398E+05
3.21000E-05 2.13975E+10 7.07462E+05
3.22000E-05 2.11315E+10 6.98664E+05
3.23000E-05 2.08695E+10 6.90002E+05
3.24000E-05 2.06115E+10 6.81474E+05
3.25000E-05 2.03576E+10 6.73077E+05
3.26000E-05 2.01075E+10 6.64808E+05
3.27000E-05 1.98612E+10 6.56666E+05
3.28000E-05 1.96187E+10 6.48648E+05
3.29000E-05 1.93799E+10 6.40751E+05
3.30000E-05 1.91446E+10 6.32974E+05
3.31000E-05 1.89130E+10 6.25314E+05
3.32000E-05 1.86848E+10 6.17770E+05
3.33000E-05 1.84600E+10 6.10339E+05
3.34000E-05 1.82386E+10 6.03019E+05
3.35000E-05 1.80205E+10 5.95808E+05
3.36000E-05 1.78057E+10 5.88704E+05
3.37000E-05 1.75940E+10 5.81706E+05
3.38000E-05 1.73854E+10 5.74811E+05
3.39000E-05 1.71800E+10 5.68017E+05
3.40000E-05 1.69775E+10 5.61324E+05
3.41000E-05 1.67780E+10 5.54728E+05
3.42000E-05 1.65815E+10 5.48229E+05
3.43000E-05 1.63878E+10 5.41824E+05
3.44000E-05 1.61969E+10 5.35513E+05
3.45000E-05 1.60087E+10 5.29293E+05
3.46000E-05 1.58233E+10 5.23163E+05
3.47000E-05 1.56406E+10 5.17121E+05
3.48000E-05 1.54605E+10 5.11166E+05
3.49000E-05 1.52829E+10 5.05296E+05
3.50000E-05 1.51079E+10 4.99510E+05
3.51000E-05 1.49354E+10 4.93806E+05
3.52000E-05 1.47654E+10 4.88183E+05
3.53000E-05 1.45977E+10 4.82640E+05
3.54000E-05 1.44324E+10 4.77175E+05
3.55000E-05 1.42694E+10 4.71787E+05
3.56000E-05 1.41088E+10 4.66475E+05
3.57000E-05 1.39503E+10 4.61237E+05
3.58000E-05 1.37941E+10 4.56072E+05
3.59000E-05 1.36401E+10 4.50979E+05
3.60000E-05 1.34882E+10 4.45957E+05
3.61000E-05 1.33384E+10 4.41004E+05
3.62000E-05 1.31907E+10 4.36120E+05
3.63000E-05 1.30450E+10 4.31303E+05
3.64000E-05 1.29013E+10 4.26552E+05
3.65000E-05 1.27596E+10 4.21866E+05
3.66000E-05 1.26198E+10 4.17244E+05
3.67000E-05 1.24819E+10 4.12686E+05
3.68000E-05 1.23459E+10 4.08189E+05
3.69000E-05 1.22117E+10 4.03753E+05
3.70000E-05 1.20794E+10 3.99377E+05
3.71000E-05 1.19488E+10 3.95059E+05
3.72000E-05 1.18200E+10 3.90800E+05
3.73000E-05 1.16929E+10 3.86598E+05
3.74000E-05 1.15675E+10 3.82453E+05
3.75000E-05 1.14438E+10 3.78362E+05
3.76000E-05 1.13217E+10 3.74326E+05
3.77000E-05 1.12012E+10 3.70343E+05
3.78000E-05 1.10824E+10 3.66413E+05
3.79000E-05 1.09651E+10 3.62535E+05
3.80000E-05 1.08493E+10 3.58708E+05
3.81000E-05 1.07351E+10 3.54931E+05
3.82000E-05 1.06224E+10 3.51204E+05
3.83000E-05 1.05111E+10 3.47525E+05
3.84000E-05 1.04013E+10 3.43895E+05
3.85000E-05 1.02929E+10 3.40311E+05
3.86000E-05 1.01859E+10 3.36774E+05
3.87000E-05 1.00803E+10 3.33282E+05
3.88000E-05 9.97606E+09 3.29836E+05
3.89000E-05 9.87316E+09 3.26434E+05
3.90000E-05 9.77158E+09 3.23075E+05
3.91000E-05 9.67129E+09 3.19760E+05
3.92000E-05 9.57229E+09 3.16486E+05
3.93000E-05 9.47455E+09 3.13255E+05
3.94000E-05 9.37805E+09 3.10064E+05
3.95000E-05 9.28277E+09 3.06914E+05
3.96000E-05 9.18870E+09 3.03804E+05
3.97000E-05 9.09581E+09 3.00732E+05
3.98000E-05 9.00408E+09 2.97700E+05
3.99000E-05 8.91351E+09 2.94705E+05
4.00000E-05 8.82407E+09 2.91748E+05
4.01000E-05 8.73575E+09 2.88828E+05
4.02000E-05 8.64852E+09 2.85944E+05
4.03000E-05 8.56238E+09 2.83096E+05
4.04000E-05 8.47730E+09 2.80283E+05
4.05000E-05 8.39328E+09 2.77505E+05
4.06000E-05 8.31029E+09 2.74761E+05
4.07000E-05 8.22832E+09 2.72051E+05
4.08000E-05 8.14736E+09 2.69374E+05
4.09000E-05 8.06739E+09 2.66730E+05
4.10000E-05 7.98839E+09 2.64118E+05
4.11000E-05 7.91035E+09 2.61538E+05
4.12000E-05 7.83327E+09 2.58989E+05
4.13000E-05 7.75711E+09 2.56471E+05
4.14000E-05 7.68188E+09 2.53984E+05
4.15000E-05 7.60755E+09 2.51527E+05
4.16000E-05 7.53412E+09 2.49099E+05
4.17000E-05 7.46157E+09 2.46700E+05
4.18000E-05 7.38989E+09 2.44330E+05
4.19000E-05 7.31906E+09 2.41988E+05
4.20000E-05 7.24908E+09 2.39675E+05
4.21000E-05 7.17993E+09 2.37388E+05
4.22000E-05 7.11160E+09 2.35129E+05
4.23000E-05 7.04408E+09 2.32897E+05
4.24000E-05 6.97735E+09 2.30691E+05
4.25000E-05 6.91142E+09 2.28510E+05
4.26000E-05 6.84625E+09 2.26356E+05
4.27000E-05 6.78185E+09 2.24227E+05
4.28000E-05 6.71820E+09 2.22122E+05
4.29000E-05 6.65530E+09 2.20043E+05
4.30000E-05 6.59313E+09 2.17987E+05
4.31000E-05 6.53168E+09 2.15955E+05
4.32000E-05 6.47094E+09 2.13947E+05
4.33000E-05 6.41090E+09 2.11962E+05
4.34000E-05 6.35156E+09 2.10000E+05
4.35000E-05 6.29290E+09 2.08061E+05
4.36000E-05 6.23491E+09 2.06143E+05
4.37000E-05 6.17759E+09 2.04248E+05
4.38000E-05 6.12092E+09 2.02375E+05
4.39000E-05 6.06490E+09 2.00522E+05
4.40000E-05 6.00952E+09 1.98691E+05
4.41000E-05 5.95476E+09 1.96881E+05
4.42000E-05 5.90063E+09 1.95091E+05
4.43000E-05 5.84711E+09 1.93321E+05
4.44000E-05 5.79419E+09 1.91572E+05
4.45000E-05 5.74186E+09 1.89842E+05
4.46000E-05 5.69013E+09 1.88131E+05
4.47000E-05 5.63897E+09 1.86440E+05
4.48000E-05 5.58838E+09 1.84767E+05
4.49000E-05 5.53836E+09 1.83113E+05
4.50000E-05 5.48890E+09 1.81478E+05
4.51000E-05 5.43998E+09 1.79861E+05
4.52000E-05 5.39161E+09 1.78261E+05
4.53000E-05 5.34377E+09 1.76680E+05
4.54000E-05 5.29646E+09 1.75115E+05
4.55000E-05 5.24967E+09 1.73568E+05
4.56000E-05 5.20339E+09 1.72038E+05
4.57000E-05 5.15762E+09 1.70525E+05
4.58000E-05 5.11235E+09 1.69028E+05
4.59000E-05 5.06758E+09 1.67548E+05
4.60000E-05 5.02329E+09 1.66084E+05
4.61000E-05 4.97948E+09 1.64635E+05
4.62000E-05 4.93615E+09 1.63203E+05
4.63000E-05 4.89329E+09 1.61786E+05
4.64000E-05 4.85089E+09 1.60384E+05
4.65000E-05 4.80895E+09 1.58997E+05
4.66000E-05 4.76746E+09 1.57625E+05
4.67000E-05 4.72641E+09 1.56268E+05
4.68000E-05 4.68580E+09 1.54925E+05
4.69000E-05 4.64563E+09 1.53597E+05
4.70000E-05 4.60588E+09 1.52283E+05
4.71000E-05 4.56656E+09 1.50983E+05
4.72000E-05 4.52765E+09 1.49697E+05
4.73000E-05 4.48916E+09 1.48424E+05
4.74000E-05 4.45107E+09 1.47165E+05
4.75000E-05 4.41338E+09 1.45919E+05
4.76000E-05 4.37609E+09 1.44686E+05
4.77000E-05 4.33920E+09 1.43466E+05
4.78000E-05 4.30269E+09 1.42259E+05
4.79000E-05 4.26656E+09 1.41064E+05
4.80000E-05 4.23081E+09 1.39882E+05
4.81000E-05 4.19543E+09 1.38712E+05
4.82000E-05 4.16042E+09 1.37555E+05
4.83000E-05 4.12577E+09 1.36409E+05
4.84000E-05 4.09148E+09 1.35275E+05
4.85000E-05 4.05754E+09 1.34154E+05
4.86000E-05 4.02396E+09 1.33043E+05
4.87000E-05 3.99072E+09 1.31944E+05
4.88000E-05 3.95782E+09 1.30856E+05
4.89000E-05 3.92526E+09 1.29780E+05
4.90000E-05 3.89303E+09 1.28714E+05
4.91000E-05 3.86113E+09 1.27660E+05
4.92000E-05 3.82955E+09 1.26616E+05
4.93000E-05 3.79830E+09 1.25582E+05
4.94000E-05 3.76736E+09 1.24559E+05
4.95000E-05 3.73674E+09 1.23547E+05
4.96000E-05 3.70643E+09 1.22545E+05
4.97000E-05 3.67642E+09 1.21552E+05
4.98000E-05 3.64671E+09 1.20570E+05
4.99000E-05 3.61730E+09 1.19598E+05
5.00000E-05 3.58819E+09 1.18635E+05
5.01000E-05 3.55937E+09 1.17683E+05
5.02000E-05 3.53083E+09 1.16739E+05
5.03000E-05 3.50259E+09 1.15805E+05
5.04000E-05 3.47462E+09 1.14880E+05
5.05000E-05 3.44692E+09 1.13965E+05
5.06000E-05 3.41951E+09 1.13058E+05
5.07000E-05 3.39236E+09 1.12161E+05
5.08000E-05 3.36548E+09 1.11272E+05
5.09000E-05 3.33887E+09 1.10392E+05
5.10000E-05 3.31252E+09 1.09521E+05
5.11000E-05 3.28642E+09 1.08658E+05
5.12000E-05 3.26059E+09 1.07804E+05
5.13000E-05 3.23500E+09 1.06958E+05
5.14000E-05 3.20967E+09 1.06120E+05
5.15000E-05 3.18458E+09 1.05291E+05
5.16000E-05 3.15973E+09 1.04469E+05
5.17000E-05 3.13513E+09 1.03656E+05
5.18000E-05 3.11076E+09 1.02850E+05
5.19000E-05 3.08663E+09 1.02052E+05
5.20000E-05 3.06273E+09 1.01262E+05
5.21000E-05 3.03906E+09 1.00480E+05
5.22000E-05 3.01562E+09 9.97047E+04
5.23000E-05 2.99240E+09 9.89371E+04
5.24000E-05 2.96941E+09 9.81769E+04
5.25000E-05 2.94664E+09 9.74239E+04
5.26000E-05 2.92408E+09 9.66781E+04
5.27000E-05 2.90174E+09 9.59393E+04
5.28000E-05 2.87960E+09 9.52076E+04
5.29000E-05 2.85768E+09 9.44829E+04
5.30000E-05 2.83597E+09 9.37650E+04
5.31000E-05 2.81446E+09 9.30538E+04
5.32000E-05 2.79316E+09 9.23494E+04
5.33000E-05 2.77205E+09 9.16516E+04
5.34000E-05 2.75114E+09 9.09603E+04
5.35000E-05 2.73043E+09 9.02756E+04
5.36000E-05 2.70991E+09 8.95972E+04
5.37000E-05 2.68959E+09 8.89252E+04
5.38000E-05 2.66945E+09 8.82594E+04
5.39000E-05 2.64950E+09 8.75999E+04
5.40000E-05 2.62974E+09 8.69464E+04
5.41000E-05 2.61016E+09 8.62990E+04
5.42000E-05 2.59076E+09 8.56576E+04
5.43000E-05 2.57154E+09 8.50222E+04
5.44000E-05 2.55250E+09 8.43926E+04
5.45000E-05 2.53363E+09 8.37687E+04
5.46000E-05 2.51493E+09 8.31507E+04
5.47000E-05 2.49641E+09 8.25382E+04
5.48000E-05 2.47806E+09 8.19314E+04
5.49000E-05 2.45987E+09 8.13302E+04
5.50000E-05 2.44185E+09 8.07344E+04
5.51000E-05 2.42400E+09 8.01440E+04
5.52000E-05 2.40630E+09 7.95590E+04
5.53000E-05 2.38877E+09 7.89793E+04
5.54000E-05 2.37140E+09 7.84049E+04
5.55000E-05 2.35418E+09 7.78356E+04
5.56000E-05 2.33712E+09 7.72715E+04
5.57000E-05 2.32021E+09 7.67125E+04
5.58000E-05 2.30345E+09 7.61585E+04
5.59000E-05 2.28685E+09 7.56094E+04
5.60000E-05 2.27039E+09 7.50653E+04
5.61000E-05 2.25408E+09 7.45261E+04
5.62000E-05 2.23792E+09 7.39916E+04
5.63000E-05 2.22190E+09 7.34620E+04
5.64000E-05 2.20602E+09 7.29370E+04
5.65000E-05 2.19028E+09 7.24167E+04
5.66000E-05 2.17468E+09 7.19010E+04
5.67000E-05 2.15922E+09 7.13899E+04
5.68000E-05 2.14390E+09 7.08833E+04
5.69000E-05 2.12871E+09 7.03811E+04
5.70000E-05 2.11366E+09 6.98834E+04
5.71000E-05 2.09874E+09 6.93901E+04
5.72000E-05 2.08395E+09 6.89010E+04
5.73000E-05 2.06929E+09 6.84163E+04
5.74000E-05 2.05475E+09 6.79358E+04
5.75000E-05 2.04035E+09 6.74595E+04
5.76000E-05 2.02607E+09 6.69873E+04
5.77000E-05 2.01191E+09 6.65193E+04
5.78000E-05 1.99788E+09 6.60553E+04
5.79000E-05 1.98396E+09 6.55953E+04
5.80000E-05 1.97017E+09 6.51393E+04
5.81000E-05 1.95650E+09 6.46873E+04
5.82000E-05 1.94295E+09 6.42391E+04
5.83000E-05 1.92951E+09 6.37948E+04
5.84000E-05 1.91619E+09 6.33544E+04
5.85000E-05 1.90298E+09 6.29177E+04
5.86000E-05 1.88988E+09 6.24847E+04
5.87000E-05 1.87690E+09 6.20554E+04
5.88000E-05 1.86403E+09 6.16299E+04
5.89000E-05 1.85126E+09 6.12079E+04
5.90000E-05 1.83861E+09 6.07895E+04
5.91000E-05 1.82606E+09 6.03747E+04
5.92000E-05 1.81362E+09 5.99634E+04
5.93000E-05 1.80129E+09 5.95556E+04
5.94000E-05 1.78906E+09 5.91512E+04
5.95000E-05 1.77693E+09 5.87502E+04
5.96000E-05 1.76491E+09 5.83526E+04
5.97000E-05 1.75298E+09 5.79584E+04
5.98000E-05 1.74116E+09 5.75675E+04
5.99000E-05 1.72943E+09 5.71798E+04
6.00000E-05 1.71781E+09 5.67954E+04
6.01000E-05 1.70628E+09 5.64142E+04
6.02000E-05 1.69484E+09 5.60362E+04
6.03000E-05 1.68350E+09 5.56613E+04
6.04000E-05 1.67226E+09 5.52895E+04
6.05000E-05 1.66111E+09 5.49208E+04
6.06000E-05 1.65005E+09 5.45552E+04
6.07000E-05 1.63908E+09 5.41926E+04
6.08000E-05 1.62821E+09 5.38330E+04
6.09000E-05 1.61742E+09 5.34764E+04
6.10000E-05 1.60672E+09 5.31227E+04
6.11000E-05 1.59611E+09 5.27719E+04
6.12000E-05 1.58559E+09 5.24239E+04
6.13000E-05 1.57515E+09 5.20789E+04
6.14000E-05 1.56480E+09 5.17366E+04
6.15000E-05 1.55453E+09 5.13972E+04
6.16000E-05 1.54435E+09 5.10605E+04
6.17000E-05 1.53425E+09 5.07265E+04
6.18000E-05 1.52423E+09 5.03953E+04
6.19000E-05 1.51429E+09 5.00667E+04
6.20000E-05 1.50444E+09 4.97409E+04
6.21000E-05 1.49466E+09 4.94176E+04
6.22000E-05 1.48496E+09 4.90970E+04
6.23000E-05 1.47534E+09 4.87789E+04
6.24000E-05 1.46580E+09 4.84634E+04
6.25000E-05 1.45634E+09 4.81504E+04
6.26000E-05 1.44695E+09 4.78400E+04
6.27000E-05 1.43763E+09 4.75320E+04
6.28000E-05 1.42839E+09 4.72265E+04
6.29000E-05 1.41922E+09 4.69235E+04
6.30000E-05 1.41013E+09 4.66228E+04
6.31000E-05 1.40111E+09 4.63246E+04
6.32000E-05 1.39216E+09 4.60287E+04
6.33000E-05 1.38328E+09 4.57351E+04
6.34000E-05 1.37447E+09 4.54439E+04
6.35000E-05 1.36574E+09 4.51550E+04
6.36000E-05 1.35707E+09 4.48684E+04
6.37000E-05 1.34847E+09 4.45840E+04
6.38000E-05 1.33993E+09 4.43019E+04
6.39000E-05 1.33147E+09 4.40220E+04
6.40000E-05 1.32307E+09 4.37443E+04
6.41000E-05 1.31473E+09 4.34687E+04
6.42000E-05 1.30647E+09 4.31953E+04
6.43000E-05 1.29826E+09 4.29241E+04
6.44000E-05 1.29012E+09 4.26550E+04
6.45000E-05 1.28205E+09 4.23879E+04
6.46000E-05 1.27403E+09 4.21230E+04
6.47000E-05 1.26608E+09 4.18601E+04
6.48000E-05 1.25819E+09 4.15992E+04
6.49000E-05 1.25036E+09 4.13404E+04
6.50000E-05 1.24259E+09 4.10835E+04
6.51000E-05 1.23488E+09 4.08287E+04
6.52000E-05 1.22724E+09 4.05758E+04
6.53000E-05 1.21965E+09 4.03248E+04
6.54000E-05 1.21211E+09 4.00758E+04
6.55000E-05 1.20464E+09 3.98287E+04
6.56000E-05 1.19722E+09 3.95835E+04
6.57000E-05 1.18986E+09 3.93401E+04
6.58000E-05 1.18256E+09 3.90986E+04
6.59000E-05 1.17531E+09 3.88590E+04
6.60000E-05 1.16812E+09 3.86212E+04
6.61000E-05 1.16098E+09 3.83851E+04
6.62000E-05 1.15389E+09 3.81509E+04
6.63000E-05 1.14686E+09 3.79185E+04
6.64000E-05 1.13989E+09 3.76878E+04
6.65000E-05 1.13296E+09 3.74588E+04
6.66000E-05 1.12609E+09 3.72316E+04
6.67000E-05 1.11927E+09 3.70061E+04
6.68000E-05 1.11250E+09 3.67823E+04
6.69000E-05 1.10578E+09 3.65602E+04
6.70000E-05 1.09911E+09 3.63397E+04
6.71000E-05 1.09250E+09 3.61209E+04
6.72000E-05 1.08593E+09 3.59037E+04
6.73000E-05 1.07941E+09 3.56882E+04
6.74000E-05 1.07294E+09 3.54742E+04
6.75000E-05 1.06651E+09 3.52619E+04
6.76000E-05 1.06014E+09 3.50511E+04
6.77000E-05 1.05381E+09 3.48419E+04
6.78000E-05 1.04753E+09 3.46342E+04
6.79000E-05 1.04130E+09 3.44281E+04
6.80000E-05 1.03511E+09 3.42235E+04
6.81000E-05 1.02897E+09 3.40204E+04
6.82000E-05 1.02287E+09 3.38188E+04
6.83000E-05 1.01682E+09 3.36187E+04
6.84000E-05 1.01081E+09 3.34201E+04
6.85000E-05 1.00484E+09 3.32229E+04
6.86000E-05 9.98924E+08 3.30272E+04
6.87000E-05 9.93047E+08 3.28329E+04
6.88000E-05 9.87213E+08 3.26400E+04
6.89000E-05 9.81421E+08 3.24485E+04
6.90000E-05 9.75672E+08 3.22584E+04
6.91000E-05 9.69965E+08 3.20697E+04
6.92000E-05 9.64299E+08 3.18824E+04
6.93000E-05 9.58674E+08 3.16964E+04
6.94000E-05 9.53090E+08 3.15118E+04
6.95000E-05 9.47547E+08 3.13285E+04
6.96000E-05 9.42043E+08 3.11465E+04
6.97000E-05 9.36579E+08 3.09659E+04
6.98000E-05 9.31155E+08 3.07865E+04
6.99000E-05 9.25769E+08 3.06085E+04
7.00000E-05 9.20422E+08 3.04317E+04
7.01000E-05 9.15114E+08 3.02562E+04
7.02000E-05 9.09843E+08 3.00819E+04
7.03000E-05 9.04611E+08 2.99089E+04
7.04000E-05 8.99415E+08 2.97371E+04
7.05000E-05 8.94257E+08 2.95666E+04
7.06000E-05 8.89135E+08 2.93972E+04
7.07000E-05 8.84050E+08 2.92291E+04
7.08000E-05 8.79001E+08 2.90622E+04
7.09000E-05 8.73988E+08 2.88964E+04
7.10000E-05 8.69010E+08 2.87318E+04
7.11000E-05 8.64067E+08 2.85684E+04
7.12000E-05 8.59159E+08 2.84062E+04
7.13000E-05 8.54286E+08 2.82451E+04
7.14000E-05 8.49448E+08 2.80851E+04
7.15000E-05 8.44643E+08 2.79262E+04
7.16000E-05 8.39872E+08 2.77685E+04
7.17000E-05 8.35134E+08 2.76118E+04
7.18000E-05 8.30430E+08 2.74563E+04
7.19000E-05 8.25759E+08 2.73018E+04
7.20000E-05 8.21120E+08 2.71485E+04
7.21000E-05 8.16513E+08 2.69962E+04
7.22000E-05 8.11939E+08 2.68449E+04
7.23000E-05 8.07396E+08 2.66947E+04
7.24000E-05 8.02885E+08 2.65456E+04
7.25000E-05 7.98406E+08 2.63975E+04
7.26000E-05 7.93957E+08 2.62504E+04
7.27000E-05 7.89539E+08 2.61043E+04
7.28000E-05 7.85152E+08 2.59593E+04
7.29000E-05 7.80795E+08 2.58152E+04
7.30000E-05 7.76468E+08 2.56721E+04
7.31000E-05 7.72170E+08 2.55301E+04
7.32000E-05 7.67902E+08 2.53890E+04
7.33000E-05 7.63664E+08 2.52488E+04
7.34000E-05 7.59454E+08 2.51097E+04
7.35000E-05 7.55274E+08 2.49714E+04
7.36000E-05 7.51122E+08 2.48341E+04
7.37000E-05 7.46998E+08 2.46978E+04
7.38000E-05 7.42902E+08 2.45624E+04
7.39000E-05 7.38835E+08 2.44279E+04
7.40000E-05 7.34794E+08 2.42943E+04
7.41000E-05 7.30782E+08 2.41617E+04
7.42000E-05 7.26796E+08 2.40299E+04
7.43000E-05 7.22838E+08 2.38990E+04
7.44000E-05 7.18906E+08 2.37690E+04
7.45000E-05 7.15001E+08 2.36399E+04
7.46000E-05 7.11122E+08 2.35116E+04
7.47000E-05 7.07269E+08 2.33843E+04
7.48000E-05 7.03442E+08 2.32577E+04
7.49000E-05 6.99641E+08 2.31321E+04
7.50000E-05 6.95866E+08 2.30072E+04
7.51000E-05 6.92115E+08 2.28832E+04
7.52000E-05 6.88390E+08 2.27601E+04
7.53000E-05 6.84690E+08 2.26377E+04
7.54000E-05 6.81014E+08 2.25162E+04
7.55000E-05 6.77363E+08 2.23955E+04
7.56000E-05 6.73736E+08 2.22756E+04
7.57000E-05 6.70133E+08 2.21565E+04
7.58000E-05 6.66555E+08 2.20381E+04
7.59000E-05 6.62999E+08 2.19206E+04
7.60000E-05 6.59468E+08 2.18038E+04
7.61000E-05 6.55960E+08 2.16878E+04
7.62000E-05 6.52475E+08 2.15726E+04
7.63000E-05 6.49013E+08 2.14581E+04
7.64000E-05 6.45573E+08 2.13444E+04
7.65000E-05 6.42157E+08 2.12315E+04
7.66000E-05 6.38762E+08 2.11192E+04
7.67000E-05 6.35390E+08 2.10078E+04
7.68000E-05 6.32041E+08 2.08970E+04
7.69000E-05 6.28713E+08 2.07870E+04
7.70000E-05 6.25407E+08 2.06777E+04
7.71000E-05 6.22122E+08 2.05691E+04
7.72000E-05 6.18859E+08 2.04612E+04
7.73000E-05 6.15617E+08 2.03540E+04
7.74000E-05 6.12396E+08 2.02475E+04
7.75000E-05 6.09196E+08 2.01417E+04
7.76000E-05 6.06017E+08 2.00366E+04
7.77000E-05 6.02858E+08 1.99321E+04
7.78000E-05 5.99720E+08 1.98284E+04
7.79000E-05 5.96602E+08 1.97253E+04
7.80000E-05 5.93504E+08 1.96229E+04
7.81000E-05 5.90427E+08 1.95211E+04
7.82000E-05 5.87369E+08 1.94200E+04
7.83000E-05 5.84330E+08 1.93196E+04
7.84000E-05 5.81311E+08 1.92198E+04
7.85000E-05 5.78312E+08 1.91206E+04
7.86000E-05 5.75332E+08 1.90220E+04
7.87000E-05 5.72370E+08 1.89241E+04
7.88000E-05 5.69428E+08 1.88269E+04
7.89000E-05 5.66505E+08 1.87302E+04
7.90000E-05 5.63600E+08 1.86342E+04
7.91000E-05 5.60713E+08 1.85387E+04
7.92000E-05 5.57845E+08 1.84439E+04
7.93000E-05 5.54995E+08 1.83497E+04
7.94000E-05 5.52164E+08 1.82560E+04
7.95000E-05 5.49350E+08 1.81630E+04
7.96000E-05 5.46554E+08 1.80706E+04
7.97000E-05 5.43775E+08 1.79787E+04
7.98000E-05 5.41014E+08 1.78874E+04
7.99000E-05 5.38271E+08 1.77967E+04
8.00000E-05 5.35545E+08 1.77066E+04
8.01000E-05 5.32836E+08 1.76170E+04
8.02000E-05 5.30144E+08 1.75280E+04
8.03000E-05 5.27468E+08 1.74396E+04
8.04000E-05 5.24810E+08 1.73517E+04
8.05000E-05 5.22168E+08 1.72643E+04
8.06000E-05 5.19543E+08 1.71775E+04
8.07000E-05 5.16934E+08 1.70913E+04
8.08000E-05 5.14341E+08 1.70055E+04
8.09000E-05 5.11765E+08 1.69203E+04
8.10000E-05 5.09204E+08 1.68357E+04
8.11000E-05 5.06660E+08 1.67516E+04
8.12000E-05 5.04131E+08 1.66679E+04
8.13000E-05 5.01618E+08 1.65849E+04
8.14000E-05 4.99120E+08 1.65023E+04
8.15000E-05 4.96638E+08 1.64202E+04
8.16000E-05 4.94171E+08 1.63386E+04
8.17000E-05 4.91719E+08 1.62576E+04
8.18000E-05 4.89283E+08 1.61770E+04
8.19000E-05 4.86861E+08 1.60970E+04
8.20000E-05 4.84454E+08 1.60174E+04
8.21000E-05 4.82062E+08 1.59383E+04
8.22000E-05 4.79685E+08 1.58597E+04
8.23000E-05 4.77322E+08 1.57816E+04
8.24000E-05 4.74974E+08 1.57039E+04
8.25000E-05 4.72640E+08 1.56268E+04
8.26000E-05 4.70320E+08 1.55501E+04
8.27000E-05 4.68014E+08 1.54738E+04
8.28000E-05 4.65723E+08 1.53981E+04
8.29000E-05 4.63445E+08 1.53228E+04
8.30000E-05 4.61181E+08 1.52479E+04
8.31000E-05 4.58931E+08 1.51735E+04
8.32000E-05 4.56695E+08 1.50996E+04
8.33000E-05 4.54472E+08 1.50261E+04
8.34000E-05 4.52262E+08 1.49530E+04
8.35000E-05 4.50066E+08 1.48804E+04
8.36000E-05 4.47883E+08 1.48082E+04
8.37000E-05 4.45713E+08 1.47365E+04
8.38000E-05 4.43556E+08 1.46652E+04
8.39000E-05 4.41412E+08 1.45943E+04
8.40000E-05 4.39281E+08 1.45238E+04
8.41000E-05 4.37163E+08 1.44538E+04
8.42000E-05 4.35057E+08 1.43842E+04
8.43000E-05 4.32964E+08 1.43150E+04
8.44000E-05 4.30884E+08 1.42462E+04
8.45000E-05 4.28815E+08 1.41778E+04
8.46000E-05 4.26760E+08 1.41098E+04
8.47000E-05 4.24716E+08 1.40423E+04
8.48000E-05 4.22685E+08 1.39751E+04
8.49000E-05 4.20665E+08 1.39083E+04
8.50000E-05 4.18658E+08 1.38420E+04
8.51000E-05 4.16662E+08 1.37760E+04
8.52000E-05 4.14679E+08 1.37104E+04
8.53000E-05 4.12707E+08 1.36452E+04
8.54000E-05 4.10746E+08 1.35804E+04
8.55000E-05 4.08797E+08 1.35160E+04
8.56000E-05 4.06860E+08 1.34519E+04
8.57000E-05 4.04934E+08 1.33882E+04
8.58000E-05 4.03019E+08 1.33249E+04
8.59000E-05 4.01116E+08 1.32620E+04
8.60000E-05 3.99224E+08 1.31994E+04
8.61000E-05 3.97342E+08 1.31372E+04
8.62000E-05 3.95472E+08 1.30754E+04
8.63000E-05 3.93613E+08 1.30139E+04
8.64000E-05 3.91764E+08 1.29528E+04
8.65000E-05 3.89927E+08 1.28920E+04
8.66000E-05 3.88100E+08 1.28316E+04
8.67000E-05 3.86283E+08 1.27716E+04
8.68000E-05 3.84478E+08 1.27119E+04
8.69000E-05 3.82682E+08 1.26525E+04
8.70000E-05 3.80897E+08 1.25935E+04
8.71000E-05 3.79123E+08 1.25348E+04
8.72000E-05 3.77358E+08 1.24765E+04
8.73000E-05 3.75604E+08 1.24185E+04
8.74000E-05 3.73860E+08 1.23608E+04
8.75000E-05 3.72126E+08 1.23035E+04
8.76000E-05 3.70402E+08 1.22465E+04
8.77000E-05 3.68688E+08 1.21898E+04
8.78000E-05 3.66984E+08 1.21335E+04
8.79000E-05 3.65289E+08 1.20775E+04
8.80000E-05 3.63604E+08 1.20218E+04
8.81000E-05 3.61929E+08 1.19664E+04
8.82000E-05 3.60263E+08 1.19113E+04
8.83000E-05 3.58607E+08 1.18565E+04
8.84000E-05 3.56961E+08 1.18021E+04
8.85000E-05 3.55323E+08 1.17480E+04
8.86000E-05 3.53695E+08 1.16941E+04
8.87000E-05 3.52077E+08 1.16406E+04
8.88000E-05 3.50467E+08 1.15874E+04
8.89000E-05 3.48867E+08 1.15345E+04
8.90000E-05 3.47275E+08 1.14819E+04
8.91000E-05 3.45693E+08 1.14296E+04
8.92000E-05 3.44120E+08 1.13775E+04
8.93000E-05 3.42555E+08 1.13258E+04
8.94000E-05 3.40999E+08 1.12744E+04
8.95000E-05 3.39452E+08 1.12232E+04
8.96000E-05 3.37914E+08 1.11724E+04
8.97000E-05 3.36385E+08 1.11218E+04
8.98000E-05 3.34864E+08 1.10715E+04
8.99000E-05 3.33351E+08 1.10215E+04
9.00000E-05 3.31847E+08 1.09718E+04
9.01000E-05 3.30351E+08 1.09223E+04
9.02000E-05 3.28864E+08 1.08732E+04
9.03000E-05 3.27385E+08 1.08243E+04
9.04000E-05 3.25915E+08 1.07756E+04
9.05000E-05 3.24452E+08 1.07273E+04
9.06000E-05 3.22998E+08 1.06792E+04
9.07000E-05 3.21552E+08 1.06314E+04
9.08000E-05 3.20113E+08 1.05838E+04
9.09000E-05 3.18683E+08 1.05365E+04
9.10000E-05 3.17261E+08 1.04895E+04
9.11000E-05 3.15846E+08 1.04427E+04
9.12000E-05 3.14440E+08 1.03962E+04
9.13000E-05 3.13041E+08 1.03500E+04
9.14000E-05 3.11650E+08 1.03040E+04
9.15000E-05 3.10266E+08 1.02583E+04
9.16000E-05 3.08890E+08 1.02128E+04
9.17000E-05 3.07522E+08 1.01675E+04
9.18000E-05 3.06161E+08 1.01225E+04
9.19000E-05 3.04808E+08 1.00778E+04
9.20000E-05 3.03462E+08 1.00333E+04
9.21000E-05 3.02123E+08 9.98903E+03
9.22000E-05 3.00792E+08 9.94502E+03
9.23000E-05 2.99468E+08 9.90124E+03
9.24000E-05 2.98152E+08 9.85771E+03
9.25000E-05 2.96842E+08 9.81441E+03
9.26000E-05 2.95540E+08 9.77135E+03
9.27000E-05 2.94244E+08 9.72852E+03
9.28000E-05 2.92956E+08 9.68593E+03
9.29000E-05 2.91675E+08 9.64357E+03
9.30000E-05 2.90400E+08 9.60143E+03
9.31000E-05 2.89133E+08 9.55953E+03
9.32000E-05 2.87872E+08 9.51785E+03
9.33000E-05 2.86619E+08 9.47640E+03
9.34000E-05 2.85372E+08 9.43517E+03
9.35000E-05 2.84131E+08 9.39416E+03
9.36000E-05 2.82898E+08 9.35338E+03
9.37000E-05 2.81671E+08 9.31281E+03
9.38000E-05 2.80450E+08 9.27246E+03
9.39000E-05 2.79237E+08 9.23233E+03
9.40000E-05 2.78029E+08 9.19242E+03
9.41000E-05 2.76829E+08 9.15271E+03
9.42000E-05 2.75634E+08 9.11322E+03
9.43000E-05 2.74446E+08 9.07395E+03
9.44000E-05 2.73265E+08 9.03488E+03
9.45000E-05 2.72089E+08 8.99602E+03
9.46000E-05 2.70920E+08 8.95736E+03
9.47000E-05 2.69757E+08 8.91892E+03
9.48000E-05 2.68601E+08 8.88068E+03
9.49000E-05 2.67450E+08 8.84264E+03
9.50000E-05 2.66306E+08 8.80480E+03
9.51000E-05 2.65167E+08 8.76716E+03
9.52000E-05 2.64035E+08 8.72973E+03
9.53000E-05 2.62909E+08 8.69249E+03
9.54000E-05 2.61789E+08 8.65545E+03
9.55000E-05 2.60674E+08 8.61860E+03
9.56000E-05 2.59566E+08 8.58195E+03
9.57000E-05 2.58463E+08 8.54549E+03
9.58000E-05 2.57366E+08 8.50923E+03
9.59000E-05 2.56275E+08 8.47315E+03
9.60000E-05 2.55189E+08 8.43726E+03
9.61000E-05 2.54110E+08 8.40157E+03
9.62000E-05 2.53036E+08 8.36606E+03
9.63000E-05 2.51967E+08 8.33073E+03
9.64000E-05 2.50905E+08 8.29559E+03
9.65000E-05 2.49847E+08 8.26064E+03
9.66000E-05 2.48796E+08 8.22587E+03
9.67000E-05 2.47749E+08 8.19127E+03
9.68000E-05 2.46709E+08 8.15686E+03
9.69000E-05 2.45673E+08 8.12263E+03
9.70000E-05 2.44643E+08 8.08858E+03
9.71000E-05 2.43619E+08 8.05470E+03
9.72000E-05 2.42599E+08 8.02100E+03
9.73000E-05 2.41585E+08 7.98747E+03
9.74000E-05 2.40576E+08 7.95412E+03
9.75000E-05 2.39573E+08 7.92094E+03
9.76000E-05 2.38575E+08 7.88793E+03
9.77000E-05 2.37581E+08 7.85509E+03
9.78000E-05 2.36593E+08 7.82242E+03
9.79000E-05 2.35610E+08 7.78992E+03
9.80000E-05 2.34632E+08 7.75759E+03
9.81000E-05 2.33659E+08 7.72542E+03
9.82000E-05 2.32692E+08 7.69342E+03
9.83000E-05 2.31729E+08 7.66159E+03
9.84000E-05 2.30771E+08 7.62991E+03
9.85000E-05 2.29818E+08 7.59840E+03
9.86000E-05 2.28869E+08 7.56705E+03
9.87000E-05 2.27926E+08 7.53586E+03
9.88000E-05 2.26988E+08 7.50483E+03
9.89000E-05 2.26054E+08 7.47396E+03
9.90000E-05 2.25125E+08 7.44325E+03
9.91000E-05 2.24201E+08 7.41269E+03
9.92000E-05 2.23281E+08 7.38228E+03
9.93000E-05 2.22366E+08 7.35204E+03
9.94000E-05 2.21456E+08 7.32194E+03
9.95000E-05 2.20550E+08 7.29200E+03
9.96000E-05 2.19649E+08 7.26221E+03
9.97000E-05 2.18753E+08 7.23257E+03
9.98000E-05 2.17861E+08 7.20308E+03
9.99000E-05 2.16974E+08 7.17374E+03
1.00000E-04 2.16091E+08 7.14455E+03
