#  FeatureSize(cm)    Fluence(mum2)   Dose(Gy)
1.00000E-07 3.67507E+20 1.21508E+16
2.00000E-07 2.29692E+19 7.59424E+14
3.00000E-07 4.53712E+18 1.50010E+14
4.00000E-07 1.43557E+18 4.74640E+13
5.00000E-07 5.88011E+17 1.94412E+13
6.00000E-07 2.83570E+17 9.37560E+12
7.00000E-07 1.53064E+17 5.06072E+12
8.00000E-07 8.97233E+16 2.96650E+12
9.00000E-07 5.60138E+16 1.85197E+12
1.00000E-06 3.67507E+16 1.21508E+12
1.10000E-06 2.51012E+16 8.29914E+11
1.20000E-06 1.77231E+16 5.85975E+11
1.30000E-06 1.28674E+16 4.25433E+11
1.40000E-06 9.56650E+15 3.16295E+11
1.50000E-06 7.25939E+15 2.40015E+11
1.60000E-06 5.60771E+15 1.85406E+11
1.70000E-06 4.40017E+15 1.45482E+11
1.80000E-06 3.50086E+15 1.15748E+11
1.90000E-06 2.82001E+15 9.32373E+10
2.00000E-06 2.29692E+15 7.59424E+10
2.10000E-06 1.88968E+15 6.24780E+10
2.20000E-06 1.56882E+15 5.18697E+10
2.30000E-06 1.31327E+15 4.34203E+10
2.40000E-06 1.10769E+15 3.66234E+10
2.50000E-06 9.40817E+14 3.11060E+10
2.60000E-06 8.04214E+14 2.65895E+10
2.70000E-06 6.91529E+14 2.28638E+10
2.80000E-06 5.97906E+14 1.97684E+10
2.90000E-06 5.19605E+14 1.71796E+10
3.00000E-06 4.53712E+14 1.50010E+10
3.10000E-06 3.97941E+14 1.31570E+10
3.20000E-06 3.50482E+14 1.15879E+10
3.30000E-06 3.09891E+14 1.02459E+10
3.40000E-06 2.75011E+14 9.09261E+09
3.50000E-06 2.44902E+14 8.09714E+09
3.60000E-06 2.18804E+14 7.23426E+09
3.70000E-06 1.96091E+14 6.48332E+09
3.80000E-06 1.76251E+14 5.82733E+09
3.90000E-06 1.58857E+14 5.25225E+09
4.00000E-06 1.43557E+14 4.74640E+09
4.10000E-06 1.30056E+14 4.30000E+09
4.20000E-06 1.18105E+14 3.90487E+09
4.30000E-06 1.07496E+14 3.55411E+09
4.40000E-06 9.80515E+13 3.24185E+09
4.50000E-06 8.96221E+13 2.96315E+09
4.60000E-06 8.20793E+13 2.71377E+09
4.70000E-06 7.53137E+13 2.49008E+09
4.80000E-06 6.92309E+13 2.28896E+09
4.90000E-06 6.37501E+13 2.10775E+09
5.00000E-06 5.88011E+13 1.94412E+09
5.10000E-06 5.43231E+13 1.79607E+09
5.20000E-06 5.02634E+13 1.66185E+09
5.30000E-06 4.65759E+13 1.53993E+09
5.40000E-06 4.32205E+13 1.42899E+09
5.50000E-06 4.01619E+13 1.32786E+09
5.60000E-06 3.73691E+13 1.23553E+09
5.70000E-06 3.48149E+13 1.15108E+09
5.80000E-06 3.24753E+13 1.07372E+09
5.90000E-06 3.03289E+13 1.00276E+09
6.00000E-06 2.83570E+13 9.37560E+08
6.10000E-06 2.65427E+13 8.77576E+08
6.20000E-06 2.48713E+13 8.22313E+08
6.30000E-06 2.33294E+13 7.71333E+08
6.40000E-06 2.19051E+13 7.24243E+08
6.50000E-06 2.05879E+13 6.80692E+08
6.60000E-06 1.93682E+13 6.40366E+08
6.70000E-06 1.82375E+13 6.02983E+08
6.80000E-06 1.71882E+13 5.68288E+08
6.90000E-06 1.62132E+13 5.36053E+08
7.00000E-06 1.53064E+13 5.06072E+08
7.10000E-06 1.44621E+13 4.78157E+08
7.20000E-06 1.36752E+13 4.52141E+08
7.30000E-06 1.29412E+13 4.27871E+08
7.40000E-06 1.22557E+13 4.05207E+08
7.50000E-06 1.16150E+13 3.84025E+08
7.60000E-06 1.10157E+13 3.64208E+08
7.70000E-06 1.04545E+13 3.45654E+08
7.80000E-06 9.92857E+12 3.28266E+08
7.90000E-06 9.43532E+12 3.11958E+08
8.00000E-06 8.97233E+12 2.96650E+08
8.10000E-06 8.53739E+12 2.82270E+08
8.20000E-06 8.12849E+12 2.68750E+08
8.30000E-06 7.74378E+12 2.56031E+08
8.40000E-06 7.38156E+12 2.44055E+08
8.50000E-06 7.04027E+12 2.32771E+08
8.60000E-06 6.71848E+12 2.22132E+08
8.70000E-06 6.41487E+12 2.12093E+08
8.80000E-06 6.12822E+12 2.02616E+08
8.90000E-06 5.85740E+12 1.93662E+08
9.00000E-06 5.60138E+12 1.85197E+08
9.10000E-06 5.35920E+12 1.77190E+08
9.20000E-06 5.12996E+12 1.69611E+08
9.30000E-06 4.91285E+12 1.62432E+08
9.40000E-06 4.70710E+12 1.55630E+08
9.50000E-06 4.51202E+12 1.49180E+08
9.60000E-06 4.32693E+12 1.43060E+08
9.70000E-06 4.15124E+12 1.37252E+08
9.80000E-06 3.98438E+12 1.31735E+08
9.90000E-06 3.82582E+12 1.26492E+08
1.00000E-05 3.67507E+12 1.21508E+08
1.01000E-05 3.53167E+12 1.16767E+08
1.02000E-05 3.39519E+12 1.12254E+08
1.03000E-05 3.26525E+12 1.07958E+08
1.04000E-05 3.14146E+12 1.03865E+08
1.05000E-05 3.02349E+12 9.99647E+07
1.06000E-05 2.91100E+12 9.62455E+07
1.07000E-05 2.80369E+12 9.26977E+07
1.08000E-05 2.70128E+12 8.93118E+07
1.09000E-05 2.60351E+12 8.60792E+07
1.10000E-05 2.51012E+12 8.29914E+07
1.11000E-05 2.42088E+12 8.00409E+07
1.12000E-05 2.33557E+12 7.72204E+07
1.13000E-05 2.25399E+12 7.45230E+07
1.14000E-05 2.17593E+12 7.19424E+07
1.15000E-05 2.10123E+12 6.94725E+07
1.16000E-05 2.02971E+12 6.71077E+07
1.17000E-05 1.96120E+12 6.48426E+07
1.18000E-05 1.89556E+12 6.26724E+07
1.19000E-05 1.83264E+12 6.05921E+07
1.20000E-05 1.77231E+12 5.85975E+07
1.21000E-05 1.71445E+12 5.66843E+07
1.22000E-05 1.65892E+12 5.48485E+07
1.23000E-05 1.60563E+12 5.30864E+07
1.24000E-05 1.55446E+12 5.13946E+07
1.25000E-05 1.50531E+12 4.97696E+07
1.26000E-05 1.45809E+12 4.82083E+07
1.27000E-05 1.41270E+12 4.67078E+07
1.28000E-05 1.36907E+12 4.52652E+07
1.29000E-05 1.32711E+12 4.38778E+07
1.30000E-05 1.28674E+12 4.25433E+07
1.31000E-05 1.24790E+12 4.12590E+07
1.32000E-05 1.21051E+12 4.00229E+07
1.33000E-05 1.17452E+12 3.88327E+07
1.34000E-05 1.13985E+12 3.76864E+07
1.35000E-05 1.10645E+12 3.65821E+07
1.36000E-05 1.07426E+12 3.55180E+07
1.37000E-05 1.04324E+12 3.44923E+07
1.38000E-05 1.01333E+12 3.35033E+07
1.39000E-05 9.84478E+11 3.25495E+07
1.40000E-05 9.56650E+11 3.16295E+07
1.41000E-05 9.29798E+11 3.07417E+07
1.42000E-05 9.03882E+11 2.98848E+07
1.43000E-05 8.78863E+11 2.90576E+07
1.44000E-05 8.54703E+11 2.82588E+07
1.45000E-05 8.31368E+11 2.74873E+07
1.46000E-05 8.08823E+11 2.67419E+07
1.47000E-05 7.87038E+11 2.60216E+07
1.48000E-05 7.65982E+11 2.53255E+07
1.49000E-05 7.45624E+11 2.46524E+07
1.50000E-05 7.25939E+11 2.40015E+07
1.51000E-05 7.06899E+11 2.33720E+07
1.52000E-05 6.88479E+11 2.27630E+07
1.53000E-05 6.70655E+11 2.21737E+07
1.54000E-05 6.53405E+11 2.16034E+07
1.55000E-05 6.36705E+11 2.10512E+07
1.56000E-05 6.20536E+11 2.05166E+07
1.57000E-05 6.04876E+11 1.99989E+07
1.58000E-05 5.89708E+11 1.94974E+07
1.59000E-05 5.75012E+11 1.90115E+07
1.60000E-05 5.60771E+11 1.85406E+07
1.61000E-05 5.46968E+11 1.80843E+07
1.62000E-05 5.33587E+11 1.76418E+07
1.63000E-05 5.20613E+11 1.72129E+07
1.64000E-05 5.08030E+11 1.67969E+07
1.65000E-05 4.95826E+11 1.63934E+07
1.66000E-05 4.83986E+11 1.60019E+07
1.67000E-05 4.72497E+11 1.56221E+07
1.68000E-05 4.61347E+11 1.52534E+07
1.69000E-05 4.50524E+11 1.48956E+07
1.70000E-05 4.40017E+11 1.45482E+07
1.71000E-05 4.29814E+11 1.42108E+07
1.72000E-05 4.19905E+11 1.38832E+07
1.73000E-05 4.10280E+11 1.35650E+07
1.74000E-05 4.00930E+11 1.32558E+07
1.75000E-05 3.91844E+11 1.29554E+07
1.76000E-05 3.83014E+11 1.26635E+07
1.77000E-05 3.74431E+11 1.23797E+07
1.78000E-05 3.66088E+11 1.21039E+07
1.79000E-05 3.57975E+11 1.18356E+07
1.80000E-05 3.50086E+11 1.15748E+07
1.81000E-05 3.42413E+11 1.13211E+07
1.82000E-05 3.34950E+11 1.10744E+07
1.83000E-05 3.27688E+11 1.08343E+07
1.84000E-05 3.20622E+11 1.06007E+07
1.85000E-05 3.13746E+11 1.03733E+07
1.86000E-05 3.07053E+11 1.01520E+07
1.87000E-05 3.00538E+11 9.93660E+06
1.88000E-05 2.94194E+11 9.72686E+06
1.89000E-05 2.88017E+11 9.52263E+06
1.90000E-05 2.82001E+11 9.32373E+06
1.91000E-05 2.76142E+11 9.13000E+06
1.92000E-05 2.70433E+11 8.94127E+06
1.93000E-05 2.64872E+11 8.75739E+06
1.94000E-05 2.59453E+11 8.57822E+06
1.95000E-05 2.54171E+11 8.40361E+06
1.96000E-05 2.49024E+11 8.23341E+06
1.97000E-05 2.44006E+11 8.06750E+06
1.98000E-05 2.39114E+11 7.90575E+06
1.99000E-05 2.34343E+11 7.74804E+06
2.00000E-05 2.29692E+11 7.59424E+06
2.01000E-05 2.25155E+11 7.44423E+06
2.02000E-05 2.20729E+11 7.29791E+06
2.03000E-05 2.16412E+11 7.15517E+06
2.04000E-05 2.12200E+11 7.01590E+06
2.05000E-05 2.08089E+11 6.88000E+06
2.06000E-05 2.04078E+11 6.74738E+06
2.07000E-05 2.00163E+11 6.61794E+06
2.08000E-05 1.96341E+11 6.49158E+06
2.09000E-05 1.92611E+11 6.36823E+06
2.10000E-05 1.88968E+11 6.24780E+06
2.11000E-05 1.85411E+11 6.13019E+06
2.12000E-05 1.81937E+11 6.01535E+06
2.13000E-05 1.78545E+11 5.90318E+06
2.14000E-05 1.75231E+11 5.79361E+06
2.15000E-05 1.71993E+11 5.68657E+06
2.16000E-05 1.68830E+11 5.58199E+06
2.17000E-05 1.65740E+11 5.47981E+06
2.18000E-05 1.62719E+11 5.37995E+06
2.19000E-05 1.59768E+11 5.28236E+06
2.20000E-05 1.56882E+11 5.18697E+06
2.21000E-05 1.54062E+11 5.09372E+06
2.22000E-05 1.51305E+11 5.00256E+06
2.23000E-05 1.48609E+11 4.91343E+06
2.24000E-05 1.45973E+11 4.82627E+06
2.25000E-05 1.43395E+11 4.74104E+06
2.26000E-05 1.40874E+11 4.65769E+06
2.27000E-05 1.38408E+11 4.57615E+06
2.28000E-05 1.35996E+11 4.49640E+06
2.29000E-05 1.33636E+11 4.41837E+06
2.30000E-05 1.31327E+11 4.34203E+06
2.31000E-05 1.29068E+11 4.26733E+06
2.32000E-05 1.26857E+11 4.19423E+06
2.33000E-05 1.24693E+11 4.12269E+06
2.34000E-05 1.22575E+11 4.05266E+06
2.35000E-05 1.20502E+11 3.98412E+06
2.36000E-05 1.18472E+11 3.91702E+06
2.37000E-05 1.16485E+11 3.85133E+06
2.38000E-05 1.14540E+11 3.78701E+06
2.39000E-05 1.12635E+11 3.72402E+06
2.40000E-05 1.10769E+11 3.66234E+06
2.41000E-05 1.08942E+11 3.60194E+06
2.42000E-05 1.07153E+11 3.54277E+06
2.43000E-05 1.05400E+11 3.48481E+06
2.44000E-05 1.03683E+11 3.42803E+06
2.45000E-05 1.02000E+11 3.37241E+06
2.46000E-05 1.00352E+11 3.31790E+06
2.47000E-05 9.87364E+10 3.26450E+06
2.48000E-05 9.71535E+10 3.21216E+06
2.49000E-05 9.56022E+10 3.16087E+06
2.50000E-05 9.40817E+10 3.11060E+06
2.51000E-05 9.25913E+10 3.06132E+06
2.52000E-05 9.11303E+10 3.01302E+06
2.53000E-05 8.96981E+10 2.96566E+06
2.54000E-05 8.82938E+10 2.91924E+06
2.55000E-05 8.69169E+10 2.87371E+06
2.56000E-05 8.55668E+10 2.82907E+06
2.57000E-05 8.42428E+10 2.78530E+06
2.58000E-05 8.29443E+10 2.74236E+06
2.59000E-05 8.16707E+10 2.70026E+06
2.60000E-05 8.04214E+10 2.65895E+06
2.61000E-05 7.91960E+10 2.61844E+06
2.62000E-05 7.79938E+10 2.57869E+06
2.63000E-05 7.68143E+10 2.53969E+06
2.64000E-05 7.56571E+10 2.50143E+06
2.65000E-05 7.45215E+10 2.46389E+06
2.66000E-05 7.34072E+10 2.42704E+06
2.67000E-05 7.23136E+10 2.39089E+06
2.68000E-05 7.12403E+10 2.35540E+06
2.69000E-05 7.01869E+10 2.32057E+06
2.70000E-05 6.91529E+10 2.28638E+06
2.71000E-05 6.81378E+10 2.25282E+06
2.72000E-05 6.71413E+10 2.21987E+06
2.73000E-05 6.61629E+10 2.18753E+06
2.74000E-05 6.52023E+10 2.15577E+06
2.75000E-05 6.42591E+10 2.12458E+06
2.76000E-05 6.33328E+10 2.09396E+06
2.77000E-05 6.24232E+10 2.06388E+06
2.78000E-05 6.15299E+10 2.03435E+06
2.79000E-05 6.06524E+10 2.00534E+06
2.80000E-05 5.97906E+10 1.97684E+06
2.81000E-05 5.89440E+10 1.94885E+06
2.82000E-05 5.81124E+10 1.92136E+06
2.83000E-05 5.72954E+10 1.89434E+06
2.84000E-05 5.64926E+10 1.86780E+06
2.85000E-05 5.57039E+10 1.84172E+06
2.86000E-05 5.49289E+10 1.81610E+06
2.87000E-05 5.41673E+10 1.79092E+06
2.88000E-05 5.34189E+10 1.76618E+06
2.89000E-05 5.26834E+10 1.74186E+06
2.90000E-05 5.19605E+10 1.71796E+06
2.91000E-05 5.12499E+10 1.69446E+06
2.92000E-05 5.05515E+10 1.67137E+06
2.93000E-05 4.98649E+10 1.64867E+06
2.94000E-05 4.91899E+10 1.62635E+06
2.95000E-05 4.85263E+10 1.60441E+06
2.96000E-05 4.78738E+10 1.58284E+06
2.97000E-05 4.72323E+10 1.56163E+06
2.98000E-05 4.66015E+10 1.54077E+06
2.99000E-05 4.59812E+10 1.52027E+06
3.00000E-05 4.53712E+10 1.50010E+06
3.01000E-05 4.47712E+10 1.48026E+06
3.02000E-05 4.41812E+10 1.46075E+06
3.03000E-05 4.36008E+10 1.44156E+06
3.04000E-05 4.30299E+10 1.42269E+06
3.05000E-05 4.24684E+10 1.40412E+06
3.06000E-05 4.19160E+10 1.38586E+06
3.07000E-05 4.13725E+10 1.36789E+06
3.08000E-05 4.08378E+10 1.35021E+06
3.09000E-05 4.03117E+10 1.33282E+06
3.10000E-05 3.97941E+10 1.31570E+06
3.11000E-05 3.92847E+10 1.29886E+06
3.12000E-05 3.87835E+10 1.28229E+06
3.13000E-05 3.82902E+10 1.26598E+06
3.14000E-05 3.78048E+10 1.24993E+06
3.15000E-05 3.73270E+10 1.23413E+06
3.16000E-05 3.68567E+10 1.21858E+06
3.17000E-05 3.63939E+10 1.20328E+06
3.18000E-05 3.59382E+10 1.18822E+06
3.19000E-05 3.54897E+10 1.17339E+06
3.20000E-05 3.50482E+10 1.15879E+06
3.21000E-05 3.46135E+10 1.14442E+06
3.22000E-05 3.41855E+10 1.13027E+06
3.23000E-05 3.37641E+10 1.11633E+06
3.24000E-05 3.33492E+10 1.10262E+06
3.25000E-05 3.29406E+10 1.08911E+06
3.26000E-05 3.25383E+10 1.07581E+06
3.27000E-05 3.21421E+10 1.06271E+06
3.28000E-05 3.17519E+10 1.04981E+06
3.29000E-05 3.13676E+10 1.03710E+06
3.30000E-05 3.09891E+10 1.02459E+06
3.31000E-05 3.06163E+10 1.01226E+06
3.32000E-05 3.02491E+10 1.00012E+06
3.33000E-05 2.98874E+10 9.88160E+05
3.34000E-05 2.95311E+10 9.76379E+05
3.35000E-05 2.91800E+10 9.64772E+05
3.36000E-05 2.88342E+10 9.53338E+05
3.37000E-05 2.84935E+10 9.42073E+05
3.38000E-05 2.81578E+10 9.30973E+05
3.39000E-05 2.78270E+10 9.20037E+05
3.40000E-05 2.75011E+10 9.09261E+05
3.41000E-05 2.71799E+10 8.98642E+05
3.42000E-05 2.68634E+10 8.88177E+05
3.43000E-05 2.65515E+10 8.77865E+05
3.44000E-05 2.62441E+10 8.67701E+05
3.45000E-05 2.59411E+10 8.57685E+05
3.46000E-05 2.56425E+10 8.47812E+05
3.47000E-05 2.53482E+10 8.38081E+05
3.48000E-05 2.50581E+10 8.28490E+05
3.49000E-05 2.47721E+10 8.19035E+05
3.50000E-05 2.44902E+10 8.09714E+05
3.51000E-05 2.42123E+10 8.00526E+05
3.52000E-05 2.39384E+10 7.91468E+05
3.53000E-05 2.36683E+10 7.82538E+05
3.54000E-05 2.34020E+10 7.73733E+05
3.55000E-05 2.31394E+10 7.65051E+05
3.56000E-05 2.28805E+10 7.56492E+05
3.57000E-05 2.26252E+10 7.48051E+05
3.58000E-05 2.23735E+10 7.39728E+05
3.59000E-05 2.21252E+10 7.31520E+05
3.60000E-05 2.18804E+10 7.23426E+05
3.61000E-05 2.16390E+10 7.15443E+05
3.62000E-05 2.14008E+10 7.07571E+05
3.63000E-05 2.11660E+10 6.99806E+05
3.64000E-05 2.09344E+10 6.92147E+05
3.65000E-05 2.07059E+10 6.84593E+05
3.66000E-05 2.04805E+10 6.77142E+05
3.67000E-05 2.02582E+10 6.69792E+05
3.68000E-05 2.00389E+10 6.62541E+05
3.69000E-05 1.98226E+10 6.55388E+05
3.70000E-05 1.96091E+10 6.48332E+05
3.71000E-05 1.93986E+10 6.41370E+05
3.72000E-05 1.91908E+10 6.34501E+05
3.73000E-05 1.89858E+10 6.27724E+05
3.74000E-05 1.87836E+10 6.21037E+05
3.75000E-05 1.85840E+10 6.14439E+05
3.76000E-05 1.83871E+10 6.07929E+05
3.77000E-05 1.81928E+10 6.01504E+05
3.78000E-05 1.80011E+10 5.95164E+05
3.79000E-05 1.78118E+10 5.88908E+05
3.80000E-05 1.76251E+10 5.82733E+05
3.81000E-05 1.74408E+10 5.76639E+05
3.82000E-05 1.72588E+10 5.70625E+05
3.83000E-05 1.70793E+10 5.64689E+05
3.84000E-05 1.69021E+10 5.58829E+05
3.85000E-05 1.67272E+10 5.53046E+05
3.86000E-05 1.65545E+10 5.47337E+05
3.87000E-05 1.63841E+10 5.41702E+05
3.88000E-05 1.62158E+10 5.36139E+05
3.89000E-05 1.60497E+10 5.30647E+05
3.90000E-05 1.58857E+10 5.25225E+05
3.91000E-05 1.57238E+10 5.19873E+05
3.92000E-05 1.55640E+10 5.14588E+05
3.93000E-05 1.54062E+10 5.09371E+05
3.94000E-05 1.52504E+10 5.04219E+05
3.95000E-05 1.50965E+10 4.99132E+05
3.96000E-05 1.49446E+10 4.94110E+05
3.97000E-05 1.47946E+10 4.89150E+05
3.98000E-05 1.46465E+10 4.84252E+05
3.99000E-05 1.45002E+10 4.79416E+05
4.00000E-05 1.43557E+10 4.74640E+05
4.01000E-05 1.42131E+10 4.69923E+05
4.02000E-05 1.40722E+10 4.65264E+05
4.03000E-05 1.39330E+10 4.60664E+05
4.04000E-05 1.37956E+10 4.56119E+05
4.05000E-05 1.36598E+10 4.51631E+05
4.06000E-05 1.35257E+10 4.47198E+05
4.07000E-05 1.33933E+10 4.42819E+05
4.08000E-05 1.32625E+10 4.38494E+05
4.09000E-05 1.31332E+10 4.34221E+05
4.10000E-05 1.30056E+10 4.30000E+05
4.11000E-05 1.28795E+10 4.25831E+05
4.12000E-05 1.27549E+10 4.21711E+05
4.13000E-05 1.26318E+10 4.17642E+05
4.14000E-05 1.25102E+10 4.13621E+05
4.15000E-05 1.23900E+10 4.09649E+05
4.16000E-05 1.22713E+10 4.05724E+05
4.17000E-05 1.21540E+10 4.01846E+05
4.18000E-05 1.20382E+10 3.98015E+05
4.19000E-05 1.19236E+10 3.94228E+05
4.20000E-05 1.18105E+10 3.90487E+05
4.21000E-05 1.16987E+10 3.86790E+05
4.22000E-05 1.15882E+10 3.83137E+05
4.23000E-05 1.14790E+10 3.79527E+05
4.24000E-05 1.13711E+10 3.75959E+05
4.25000E-05 1.12644E+10 3.72433E+05
4.26000E-05 1.11590E+10 3.68948E+05
4.27000E-05 1.10549E+10 3.65504E+05
4.28000E-05 1.09519E+10 3.62100E+05
4.29000E-05 1.08502E+10 3.58736E+05
4.30000E-05 1.07496E+10 3.55411E+05
4.31000E-05 1.06502E+10 3.52123E+05
4.32000E-05 1.05519E+10 3.48874E+05
4.33000E-05 1.04547E+10 3.45663E+05
4.34000E-05 1.03587E+10 3.42488E+05
4.35000E-05 1.02638E+10 3.39349E+05
4.36000E-05 1.01700E+10 3.36247E+05
4.37000E-05 1.00772E+10 3.33180E+05
4.38000E-05 9.98547E+09 3.30147E+05
4.39000E-05 9.89480E+09 3.27149E+05
4.40000E-05 9.80515E+09 3.24185E+05
4.41000E-05 9.71652E+09 3.21255E+05
4.42000E-05 9.62889E+09 3.18357E+05
4.43000E-05 9.54224E+09 3.15493E+05
4.44000E-05 9.45656E+09 3.12660E+05
4.45000E-05 9.37185E+09 3.09859E+05
4.46000E-05 9.28808E+09 3.07089E+05
4.47000E-05 9.20524E+09 3.04350E+05
4.48000E-05 9.12332E+09 3.01642E+05
4.49000E-05 9.04232E+09 2.98964E+05
4.50000E-05 8.96221E+09 2.96315E+05
4.51000E-05 8.88299E+09 2.93696E+05
4.52000E-05 8.80464E+09 2.91105E+05
4.53000E-05 8.72715E+09 2.88543E+05
4.54000E-05 8.65051E+09 2.86010E+05
4.55000E-05 8.57471E+09 2.83504E+05
4.56000E-05 8.49974E+09 2.81025E+05
4.57000E-05 8.42559E+09 2.78573E+05
4.58000E-05 8.35225E+09 2.76148E+05
4.59000E-05 8.27970E+09 2.73750E+05
4.60000E-05 8.20793E+09 2.71377E+05
4.61000E-05 8.13695E+09 2.69030E+05
4.62000E-05 8.06673E+09 2.66708E+05
4.63000E-05 7.99726E+09 2.64411E+05
4.64000E-05 7.92854E+09 2.62139E+05
4.65000E-05 7.86056E+09 2.59892E+05
4.66000E-05 7.79330E+09 2.57668E+05
4.67000E-05 7.72676E+09 2.55468E+05
4.68000E-05 7.66093E+09 2.53292E+05
4.69000E-05 7.59580E+09 2.51138E+05
4.70000E-05 7.53137E+09 2.49008E+05
4.71000E-05 7.46761E+09 2.46900E+05
4.72000E-05 7.40452E+09 2.44814E+05
4.73000E-05 7.34211E+09 2.42750E+05
4.74000E-05 7.28034E+09 2.40708E+05
4.75000E-05 7.21923E+09 2.38687E+05
4.76000E-05 7.15875E+09 2.36688E+05
4.77000E-05 7.09891E+09 2.34709E+05
4.78000E-05 7.03969E+09 2.32752E+05
4.79000E-05 6.98109E+09 2.30814E+05
4.80000E-05 6.92309E+09 2.28896E+05
4.81000E-05 6.86570E+09 2.26999E+05
4.82000E-05 6.80890E+09 2.25121E+05
4.83000E-05 6.75269E+09 2.23262E+05
4.84000E-05 6.69705E+09 2.21423E+05
4.85000E-05 6.64199E+09 2.19602E+05
4.86000E-05 6.58749E+09 2.17801E+05
4.87000E-05 6.53355E+09 2.16017E+05
4.88000E-05 6.48016E+09 2.14252E+05
4.89000E-05 6.42732E+09 2.12505E+05
4.90000E-05 6.37501E+09 2.10775E+05
4.91000E-05 6.32323E+09 2.09063E+05
4.92000E-05 6.27198E+09 2.07369E+05
4.93000E-05 6.22125E+09 2.05692E+05
4.94000E-05 6.17103E+09 2.04031E+05
4.95000E-05 6.12131E+09 2.02387E+05
4.96000E-05 6.07209E+09 2.00760E+05
4.97000E-05 6.02337E+09 1.99149E+05
4.98000E-05 5.97514E+09 1.97554E+05
4.99000E-05 5.92738E+09 1.95976E+05
5.00000E-05 5.88011E+09 1.94412E+05
5.01000E-05 5.83330E+09 1.92865E+05
5.02000E-05 5.78696E+09 1.91333E+05
5.03000E-05 5.74107E+09 1.89816E+05
5.04000E-05 5.69565E+09 1.88314E+05
5.05000E-05 5.65067E+09 1.86827E+05
5.06000E-05 5.60613E+09 1.85354E+05
5.07000E-05 5.56203E+09 1.83896E+05
5.08000E-05 5.51836E+09 1.82452E+05
5.09000E-05 5.47512E+09 1.81023E+05
5.10000E-05 5.43231E+09 1.79607E+05
5.11000E-05 5.38991E+09 1.78205E+05
5.12000E-05 5.34793E+09 1.76817E+05
5.13000E-05 5.30635E+09 1.75442E+05
5.14000E-05 5.26517E+09 1.74081E+05
5.15000E-05 5.22440E+09 1.72733E+05
5.16000E-05 5.18402E+09 1.71398E+05
5.17000E-05 5.14402E+09 1.70076E+05
5.18000E-05 5.10442E+09 1.68766E+05
5.19000E-05 5.06519E+09 1.67469E+05
5.20000E-05 5.02634E+09 1.66185E+05
5.21000E-05 4.98786E+09 1.64912E+05
5.22000E-05 4.94975E+09 1.63652E+05
5.23000E-05 4.91200E+09 1.62404E+05
5.24000E-05 4.87461E+09 1.61168E+05
5.25000E-05 4.83758E+09 1.59944E+05
5.26000E-05 4.80089E+09 1.58731E+05
5.27000E-05 4.76456E+09 1.57529E+05
5.28000E-05 4.72857E+09 1.56339E+05
5.29000E-05 4.69291E+09 1.55161E+05
5.30000E-05 4.65759E+09 1.53993E+05
5.31000E-05 4.62261E+09 1.52836E+05
5.32000E-05 4.58795E+09 1.51690E+05
5.33000E-05 4.55362E+09 1.50555E+05
5.34000E-05 4.51960E+09 1.49430E+05
5.35000E-05 4.48590E+09 1.48316E+05
5.36000E-05 4.45252E+09 1.47213E+05
5.37000E-05 4.41945E+09 1.46119E+05
5.38000E-05 4.38668E+09 1.45036E+05
5.39000E-05 4.35422E+09 1.43962E+05
5.40000E-05 4.32205E+09 1.42899E+05
5.41000E-05 4.29019E+09 1.41845E+05
5.42000E-05 4.25861E+09 1.40801E+05
5.43000E-05 4.22733E+09 1.39767E+05
5.44000E-05 4.19633E+09 1.38742E+05
5.45000E-05 4.16562E+09 1.37727E+05
5.46000E-05 4.13518E+09 1.36720E+05
5.47000E-05 4.10503E+09 1.35723E+05
5.48000E-05 4.07514E+09 1.34735E+05
5.49000E-05 4.04553E+09 1.33756E+05
5.50000E-05 4.01619E+09 1.32786E+05
5.51000E-05 3.98711E+09 1.31825E+05
5.52000E-05 3.95830E+09 1.30872E+05
5.53000E-05 3.92975E+09 1.29928E+05
5.54000E-05 3.90145E+09 1.28993E+05
5.55000E-05 3.87341E+09 1.28065E+05
5.56000E-05 3.84562E+09 1.27147E+05
5.57000E-05 3.81807E+09 1.26236E+05
5.58000E-05 3.79078E+09 1.25334E+05
5.59000E-05 3.76373E+09 1.24439E+05
5.60000E-05 3.73691E+09 1.23553E+05
5.61000E-05 3.71034E+09 1.22674E+05
5.62000E-05 3.68400E+09 1.21803E+05
5.63000E-05 3.65790E+09 1.20940E+05
5.64000E-05 3.63202E+09 1.20085E+05
5.65000E-05 3.60638E+09 1.19237E+05
5.66000E-05 3.58096E+09 1.18396E+05
5.67000E-05 3.55576E+09 1.17563E+05
5.68000E-05 3.53079E+09 1.16738E+05
5.69000E-05 3.50603E+09 1.15919E+05
5.70000E-05 3.48149E+09 1.15108E+05
5.71000E-05 3.45717E+09 1.14304E+05
5.72000E-05 3.43306E+09 1.13506E+05
5.73000E-05 3.40915E+09 1.12716E+05
5.74000E-05 3.38546E+09 1.11933E+05
5.75000E-05 3.36197E+09 1.11156E+05
5.76000E-05 3.33868E+09 1.10386E+05
5.77000E-05 3.31560E+09 1.09623E+05
5.78000E-05 3.29271E+09 1.08866E+05
5.79000E-05 3.27002E+09 1.08116E+05
5.80000E-05 3.24753E+09 1.07372E+05
5.81000E-05 3.22523E+09 1.06635E+05
5.82000E-05 3.20312E+09 1.05904E+05
5.83000E-05 3.18120E+09 1.05179E+05
5.84000E-05 3.15947E+09 1.04461E+05
5.85000E-05 3.13792E+09 1.03748E+05
5.86000E-05 3.11655E+09 1.03042E+05
5.87000E-05 3.09537E+09 1.02341E+05
5.88000E-05 3.07437E+09 1.01647E+05
5.89000E-05 3.05354E+09 1.00959E+05
5.90000E-05 3.03289E+09 1.00276E+05
5.91000E-05 3.01242E+09 9.95988E+04
5.92000E-05 2.99212E+09 9.89275E+04
5.93000E-05 2.97198E+09 9.82619E+04
5.94000E-05 2.95202E+09 9.76019E+04
5.95000E-05 2.93223E+09 9.69474E+04
5.96000E-05 2.91260E+09 9.62984E+04
5.97000E-05 2.89313E+09 9.56548E+04
5.98000E-05 2.87383E+09 9.50166E+04
5.99000E-05 2.85468E+09 9.43837E+04
6.00000E-05 2.83570E+09 9.37560E+04
6.01000E-05 2.81687E+09 9.31336E+04
6.02000E-05 2.79820E+09 9.25163E+04
6.03000E-05 2.77969E+09 9.19041E+04
6.04000E-05 2.76132E+09 9.12970E+04
6.05000E-05 2.74311E+09 9.06948E+04
6.06000E-05 2.72505E+09 9.00977E+04
6.07000E-05 2.70714E+09 8.95054E+04
6.08000E-05 2.68937E+09 8.89180E+04
6.09000E-05 2.67175E+09 8.83354E+04
6.10000E-05 2.65427E+09 8.77576E+04
6.11000E-05 2.63694E+09 8.71845E+04
6.12000E-05 2.61975E+09 8.66161E+04
6.13000E-05 2.60269E+09 8.60522E+04
6.14000E-05 2.58578E+09 8.54930E+04
6.15000E-05 2.56900E+09 8.49383E+04
6.16000E-05 2.55236E+09 8.43881E+04
6.17000E-05 2.53586E+09 8.38423E+04
6.18000E-05 2.51948E+09 8.33010E+04
6.19000E-05 2.50324E+09 8.27640E+04
6.20000E-05 2.48713E+09 8.22313E+04
6.21000E-05 2.47115E+09 8.17029E+04
6.22000E-05 2.45529E+09 8.11788E+04
6.23000E-05 2.43957E+09 8.06588E+04
6.24000E-05 2.42397E+09 8.01430E+04
6.25000E-05 2.40849E+09 7.96313E+04
6.26000E-05 2.39314E+09 7.91237E+04
6.27000E-05 2.37791E+09 7.86202E+04
6.28000E-05 2.36280E+09 7.81206E+04
6.29000E-05 2.34781E+09 7.76250E+04
6.30000E-05 2.33294E+09 7.71333E+04
6.31000E-05 2.31818E+09 7.66455E+04
6.32000E-05 2.30355E+09 7.61615E+04
6.33000E-05 2.28902E+09 7.56814E+04
6.34000E-05 2.27462E+09 7.52051E+04
6.35000E-05 2.26032E+09 7.47324E+04
6.36000E-05 2.24614E+09 7.42635E+04
6.37000E-05 2.23207E+09 7.37983E+04
6.38000E-05 2.21811E+09 7.33367E+04
6.39000E-05 2.20425E+09 7.28787E+04
6.40000E-05 2.19051E+09 7.24243E+04
6.41000E-05 2.17687E+09 7.19734E+04
6.42000E-05 2.16334E+09 7.15260E+04
6.43000E-05 2.14991E+09 7.10821E+04
6.44000E-05 2.13659E+09 7.06416E+04
6.45000E-05 2.12337E+09 7.02045E+04
6.46000E-05 2.11026E+09 6.97708E+04
6.47000E-05 2.09724E+09 6.93405E+04
6.48000E-05 2.08432E+09 6.89135E+04
6.49000E-05 2.07151E+09 6.84897E+04
6.50000E-05 2.05879E+09 6.80692E+04
6.51000E-05 2.04617E+09 6.76519E+04
6.52000E-05 2.03364E+09 6.72378E+04
6.53000E-05 2.02121E+09 6.68269E+04
6.54000E-05 2.00888E+09 6.64191E+04
6.55000E-05 1.99664E+09 6.60144E+04
6.56000E-05 1.98449E+09 6.56128E+04
6.57000E-05 1.97244E+09 6.52143E+04
6.58000E-05 1.96048E+09 6.48187E+04
6.59000E-05 1.94860E+09 6.44262E+04
6.60000E-05 1.93682E+09 6.40366E+04
6.61000E-05 1.92513E+09 6.36500E+04
6.62000E-05 1.91352E+09 6.32663E+04
6.63000E-05 1.90200E+09 6.28854E+04
6.64000E-05 1.89057E+09 6.25074E+04
6.65000E-05 1.87922E+09 6.21323E+04
6.66000E-05 1.86796E+09 6.17600E+04
6.67000E-05 1.85679E+09 6.13904E+04
6.68000E-05 1.84569E+09 6.10237E+04
6.69000E-05 1.83468E+09 6.06596E+04
6.70000E-05 1.82375E+09 6.02983E+04
6.71000E-05 1.81291E+09 5.99396E+04
6.72000E-05 1.80214E+09 5.95836E+04
6.73000E-05 1.79145E+09 5.92303E+04
6.74000E-05 1.78084E+09 5.88796E+04
6.75000E-05 1.77031E+09 5.85314E+04
6.76000E-05 1.75986E+09 5.81858E+04
6.77000E-05 1.74949E+09 5.78428E+04
6.78000E-05 1.73919E+09 5.75023E+04
6.79000E-05 1.72896E+09 5.71643E+04
6.80000E-05 1.71882E+09 5.68288E+04
6.81000E-05 1.70874E+09 5.64957E+04
6.82000E-05 1.69874E+09 5.61651E+04
6.83000E-05 1.68882E+09 5.58369E+04
6.84000E-05 1.67896E+09 5.55111E+04
6.85000E-05 1.66918E+09 5.51876E+04
6.86000E-05 1.65947E+09 5.48665E+04
6.87000E-05 1.64983E+09 5.45478E+04
6.88000E-05 1.64026E+09 5.42313E+04
6.89000E-05 1.63075E+09 5.39172E+04
6.90000E-05 1.62132E+09 5.36053E+04
6.91000E-05 1.61196E+09 5.32957E+04
6.92000E-05 1.60266E+09 5.29883E+04
6.93000E-05 1.59343E+09 5.26831E+04
6.94000E-05 1.58426E+09 5.23801E+04
6.95000E-05 1.57516E+09 5.20793E+04
6.96000E-05 1.56613E+09 5.17806E+04
6.97000E-05 1.55716E+09 5.14841E+04
6.98000E-05 1.54826E+09 5.11897E+04
6.99000E-05 1.53942E+09 5.08974E+04
7.00000E-05 1.53064E+09 5.06072E+04
7.01000E-05 1.52192E+09 5.03190E+04
7.02000E-05 1.51327E+09 5.00329E+04
7.03000E-05 1.50468E+09 4.97488E+04
7.04000E-05 1.49615E+09 4.94668E+04
7.05000E-05 1.48768E+09 4.91867E+04
7.06000E-05 1.47927E+09 4.89086E+04
7.07000E-05 1.47091E+09 4.86325E+04
7.08000E-05 1.46262E+09 4.83583E+04
7.09000E-05 1.45439E+09 4.80861E+04
7.10000E-05 1.44621E+09 4.78157E+04
7.11000E-05 1.43809E+09 4.75473E+04
7.12000E-05 1.43003E+09 4.72807E+04
7.13000E-05 1.42202E+09 4.70160E+04
7.14000E-05 1.41407E+09 4.67532E+04
7.15000E-05 1.40618E+09 4.64922E+04
7.16000E-05 1.39834E+09 4.62330E+04
7.17000E-05 1.39056E+09 4.59756E+04
7.18000E-05 1.38283E+09 4.57200E+04
7.19000E-05 1.37515E+09 4.54662E+04
7.20000E-05 1.36752E+09 4.52141E+04
7.21000E-05 1.35995E+09 4.49638E+04
7.22000E-05 1.35243E+09 4.47152E+04
7.23000E-05 1.34497E+09 4.44683E+04
7.24000E-05 1.33755E+09 4.42232E+04
7.25000E-05 1.33019E+09 4.39797E+04
7.26000E-05 1.32287E+09 4.37379E+04
7.27000E-05 1.31561E+09 4.34977E+04
7.28000E-05 1.30840E+09 4.32592E+04
7.29000E-05 1.30123E+09 4.30223E+04
7.30000E-05 1.29412E+09 4.27871E+04
7.31000E-05 1.28705E+09 4.25534E+04
7.32000E-05 1.28003E+09 4.23214E+04
7.33000E-05 1.27306E+09 4.20909E+04
7.34000E-05 1.26614E+09 4.18620E+04
7.35000E-05 1.25926E+09 4.16346E+04
7.36000E-05 1.25243E+09 4.14088E+04
7.37000E-05 1.24565E+09 4.11845E+04
7.38000E-05 1.23891E+09 4.09618E+04
7.39000E-05 1.23222E+09 4.07405E+04
7.40000E-05 1.22557E+09 4.05207E+04
7.41000E-05 1.21897E+09 4.03024E+04
7.42000E-05 1.21241E+09 4.00856E+04
7.43000E-05 1.20590E+09 3.98702E+04
7.44000E-05 1.19943E+09 3.96563E+04
7.45000E-05 1.19300E+09 3.94438E+04
7.46000E-05 1.18662E+09 3.92328E+04
7.47000E-05 1.18027E+09 3.90231E+04
7.48000E-05 1.17397E+09 3.88148E+04
7.49000E-05 1.16772E+09 3.86080E+04
7.50000E-05 1.16150E+09 3.84025E+04
7.51000E-05 1.15533E+09 3.81983E+04
7.52000E-05 1.14920E+09 3.79955E+04
7.53000E-05 1.14310E+09 3.77941E+04
7.54000E-05 1.13705E+09 3.75940E+04
7.55000E-05 1.13104E+09 3.73952E+04
7.56000E-05 1.12507E+09 3.71978E+04
7.57000E-05 1.11913E+09 3.70016E+04
7.58000E-05 1.11324E+09 3.68067E+04
7.59000E-05 1.10738E+09 3.66131E+04
7.60000E-05 1.10157E+09 3.64208E+04
7.61000E-05 1.09579E+09 3.62298E+04
7.62000E-05 1.09005E+09 3.60400E+04
7.63000E-05 1.08434E+09 3.58514E+04
7.64000E-05 1.07868E+09 3.56640E+04
7.65000E-05 1.07305E+09 3.54779E+04
7.66000E-05 1.06746E+09 3.52930E+04
7.67000E-05 1.06190E+09 3.51093E+04
7.68000E-05 1.05638E+09 3.49268E+04
7.69000E-05 1.05090E+09 3.47455E+04
7.70000E-05 1.04545E+09 3.45654E+04
7.71000E-05 1.04003E+09 3.43864E+04
7.72000E-05 1.03466E+09 3.42086E+04
7.73000E-05 1.02931E+09 3.40319E+04
7.74000E-05 1.02400E+09 3.38564E+04
7.75000E-05 1.01873E+09 3.36820E+04
7.76000E-05 1.01349E+09 3.35087E+04
7.77000E-05 1.00828E+09 3.33365E+04
7.78000E-05 1.00311E+09 3.31654E+04
7.79000E-05 9.97965E+08 3.29955E+04
7.80000E-05 9.92857E+08 3.28266E+04
7.81000E-05 9.87782E+08 3.26588E+04
7.82000E-05 9.82739E+08 3.24920E+04
7.83000E-05 9.77728E+08 3.23264E+04
7.84000E-05 9.72749E+08 3.21618E+04
7.85000E-05 9.67802E+08 3.19982E+04
7.86000E-05 9.62886E+08 3.18357E+04
7.87000E-05 9.58002E+08 3.16742E+04
7.88000E-05 9.53148E+08 3.15137E+04
7.89000E-05 9.48325E+08 3.13542E+04
7.90000E-05 9.43532E+08 3.11958E+04
7.91000E-05 9.38770E+08 3.10383E+04
7.92000E-05 9.34038E+08 3.08819E+04
7.93000E-05 9.29335E+08 3.07264E+04
7.94000E-05 9.24662E+08 3.05719E+04
7.95000E-05 9.20019E+08 3.04183E+04
7.96000E-05 9.15404E+08 3.02658E+04
7.97000E-05 9.10819E+08 3.01142E+04
7.98000E-05 9.06262E+08 2.99635E+04
7.99000E-05 9.01733E+08 2.98138E+04
8.00000E-05 8.97233E+08 2.96650E+04
8.01000E-05 8.92761E+08 2.95171E+04
8.02000E-05 8.88316E+08 2.93702E+04
8.03000E-05 8.83900E+08 2.92242E+04
8.04000E-05 8.79510E+08 2.90790E+04
8.05000E-05 8.75148E+08 2.89348E+04
8.06000E-05 8.70813E+08 2.87915E+04
8.07000E-05 8.66505E+08 2.86490E+04
8.08000E-05 8.62223E+08 2.85075E+04
8.09000E-05 8.57968E+08 2.83668E+04
8.10000E-05 8.53739E+08 2.82270E+04
8.11000E-05 8.49536E+08 2.80880E+04
8.12000E-05 8.45359E+08 2.79499E+04
8.13000E-05 8.41207E+08 2.78126E+04
8.14000E-05 8.37081E+08 2.76762E+04
8.15000E-05 8.32980E+08 2.75406E+04
8.16000E-05 8.28905E+08 2.74059E+04
8.17000E-05 8.24854E+08 2.72719E+04
8.18000E-05 8.20828E+08 2.71388E+04
8.19000E-05 8.16826E+08 2.70065E+04
8.20000E-05 8.12849E+08 2.68750E+04
8.21000E-05 8.08896E+08 2.67443E+04
8.22000E-05 8.04967E+08 2.66144E+04
8.23000E-05 8.01061E+08 2.64853E+04
8.24000E-05 7.97180E+08 2.63570E+04
8.25000E-05 7.93322E+08 2.62294E+04
8.26000E-05 7.89487E+08 2.61026E+04
8.27000E-05 7.85675E+08 2.59766E+04
8.28000E-05 7.81887E+08 2.58513E+04
8.29000E-05 7.78121E+08 2.57268E+04
8.30000E-05 7.74378E+08 2.56031E+04
8.31000E-05 7.70657E+08 2.54800E+04
8.32000E-05 7.66958E+08 2.53578E+04
8.33000E-05 7.63282E+08 2.52362E+04
8.34000E-05 7.59628E+08 2.51154E+04
8.35000E-05 7.55996E+08 2.49953E+04
8.36000E-05 7.52385E+08 2.48759E+04
8.37000E-05 7.48796E+08 2.47572E+04
8.38000E-05 7.45228E+08 2.46393E+04
8.39000E-05 7.41681E+08 2.45220E+04
8.40000E-05 7.38156E+08 2.44055E+04
8.41000E-05 7.34651E+08 2.42896E+04
8.42000E-05 7.31167E+08 2.41744E+04
8.43000E-05 7.27704E+08 2.40599E+04
8.44000E-05 7.24261E+08 2.39461E+04
8.45000E-05 7.20839E+08 2.38329E+04
8.46000E-05 7.17437E+08 2.37204E+04
8.47000E-05 7.14055E+08 2.36086E+04
8.48000E-05 7.10693E+08 2.34974E+04
8.49000E-05 7.07350E+08 2.33869E+04
8.50000E-05 7.04027E+08 2.32771E+04
8.51000E-05 7.00724E+08 2.31679E+04
8.52000E-05 6.97440E+08 2.30593E+04
8.53000E-05 6.94175E+08 2.29513E+04
8.54000E-05 6.90929E+08 2.28440E+04
8.55000E-05 6.87703E+08 2.27373E+04
8.56000E-05 6.84495E+08 2.26313E+04
8.57000E-05 6.81305E+08 2.25258E+04
8.58000E-05 6.78135E+08 2.24210E+04
8.59000E-05 6.74982E+08 2.23168E+04
8.60000E-05 6.71848E+08 2.22132E+04
8.61000E-05 6.68733E+08 2.21101E+04
8.62000E-05 6.65635E+08 2.20077E+04
8.63000E-05 6.62555E+08 2.19059E+04
8.64000E-05 6.59493E+08 2.18046E+04
8.65000E-05 6.56449E+08 2.17040E+04
8.66000E-05 6.53422E+08 2.16039E+04
8.67000E-05 6.50412E+08 2.15044E+04
8.68000E-05 6.47420E+08 2.14055E+04
8.69000E-05 6.44445E+08 2.13071E+04
8.70000E-05 6.41487E+08 2.12093E+04
8.71000E-05 6.38547E+08 2.11121E+04
8.72000E-05 6.35622E+08 2.10154E+04
8.73000E-05 6.32715E+08 2.09193E+04
8.74000E-05 6.29824E+08 2.08237E+04
8.75000E-05 6.26950E+08 2.07287E+04
8.76000E-05 6.24092E+08 2.06342E+04
8.77000E-05 6.21251E+08 2.05402E+04
8.78000E-05 6.18425E+08 2.04468E+04
8.79000E-05 6.15616E+08 2.03539E+04
8.80000E-05 6.12822E+08 2.02616E+04
8.81000E-05 6.10045E+08 2.01697E+04
8.82000E-05 6.07283E+08 2.00784E+04
8.83000E-05 6.04536E+08 1.99876E+04
8.84000E-05 6.01805E+08 1.98973E+04
8.85000E-05 5.99090E+08 1.98076E+04
8.86000E-05 5.96390E+08 1.97183E+04
8.87000E-05 5.93705E+08 1.96295E+04
8.88000E-05 5.91035E+08 1.95412E+04
8.89000E-05 5.88380E+08 1.94535E+04
8.90000E-05 5.85740E+08 1.93662E+04
8.91000E-05 5.83115E+08 1.92794E+04
8.92000E-05 5.80505E+08 1.91931E+04
8.93000E-05 5.77909E+08 1.91073E+04
8.94000E-05 5.75327E+08 1.90219E+04
8.95000E-05 5.72760E+08 1.89370E+04
8.96000E-05 5.70208E+08 1.88526E+04
8.97000E-05 5.67669E+08 1.87687E+04
8.98000E-05 5.65145E+08 1.86852E+04
8.99000E-05 5.62635E+08 1.86022E+04
9.00000E-05 5.60138E+08 1.85197E+04
9.01000E-05 5.57656E+08 1.84376E+04
9.02000E-05 5.55187E+08 1.83560E+04
9.03000E-05 5.52731E+08 1.82748E+04
9.04000E-05 5.50290E+08 1.81941E+04
9.05000E-05 5.47862E+08 1.81138E+04
9.06000E-05 5.45447E+08 1.80340E+04
9.07000E-05 5.43045E+08 1.79546E+04
9.08000E-05 5.40657E+08 1.78756E+04
9.09000E-05 5.38282E+08 1.77971E+04
9.10000E-05 5.35920E+08 1.77190E+04
9.11000E-05 5.33570E+08 1.76413E+04
9.12000E-05 5.31234E+08 1.75641E+04
9.13000E-05 5.28910E+08 1.74872E+04
9.14000E-05 5.26599E+08 1.74108E+04
9.15000E-05 5.24301E+08 1.73348E+04
9.16000E-05 5.22015E+08 1.72593E+04
9.17000E-05 5.19742E+08 1.71841E+04
9.18000E-05 5.17481E+08 1.71093E+04
9.19000E-05 5.15232E+08 1.70350E+04
9.20000E-05 5.12996E+08 1.69611E+04
9.21000E-05 5.10771E+08 1.68875E+04
9.22000E-05 5.08559E+08 1.68144E+04
9.23000E-05 5.06359E+08 1.67416E+04
9.24000E-05 5.04170E+08 1.66693E+04
9.25000E-05 5.01994E+08 1.65973E+04
9.26000E-05 4.99829E+08 1.65257E+04
9.27000E-05 4.97675E+08 1.64545E+04
9.28000E-05 4.95534E+08 1.63837E+04
9.29000E-05 4.93404E+08 1.63133E+04
9.30000E-05 4.91285E+08 1.62432E+04
9.31000E-05 4.89177E+08 1.61736E+04
9.32000E-05 4.87081E+08 1.61042E+04
9.33000E-05 4.84996E+08 1.60353E+04
9.34000E-05 4.82923E+08 1.59668E+04
9.35000E-05 4.80860E+08 1.58986E+04
9.36000E-05 4.78808E+08 1.58307E+04
9.37000E-05 4.76768E+08 1.57632E+04
9.38000E-05 4.74738E+08 1.56961E+04
9.39000E-05 4.72719E+08 1.56294E+04
9.40000E-05 4.70710E+08 1.55630E+04
9.41000E-05 4.68713E+08 1.54969E+04
9.42000E-05 4.66726E+08 1.54312E+04
9.43000E-05 4.64749E+08 1.53659E+04
9.44000E-05 4.62783E+08 1.53009E+04
9.45000E-05 4.60827E+08 1.52362E+04
9.46000E-05 4.58882E+08 1.51719E+04
9.47000E-05 4.56946E+08 1.51079E+04
9.48000E-05 4.55021E+08 1.50443E+04
9.49000E-05 4.53107E+08 1.49809E+04
9.50000E-05 4.51202E+08 1.49180E+04
9.51000E-05 4.49307E+08 1.48553E+04
9.52000E-05 4.47422E+08 1.47930E+04
9.53000E-05 4.45547E+08 1.47310E+04
9.54000E-05 4.43682E+08 1.46693E+04
9.55000E-05 4.41826E+08 1.46080E+04
9.56000E-05 4.39981E+08 1.45470E+04
9.57000E-05 4.38145E+08 1.44863E+04
9.58000E-05 4.36318E+08 1.44259E+04
9.59000E-05 4.34501E+08 1.43658E+04
9.60000E-05 4.32693E+08 1.43060E+04
9.61000E-05 4.30895E+08 1.42466E+04
9.62000E-05 4.29106E+08 1.41874E+04
9.63000E-05 4.27327E+08 1.41286E+04
9.64000E-05 4.25556E+08 1.40701E+04
9.65000E-05 4.23795E+08 1.40118E+04
9.66000E-05 4.22043E+08 1.39539E+04
9.67000E-05 4.20300E+08 1.38963E+04
9.68000E-05 4.18566E+08 1.38389E+04
9.69000E-05 4.16841E+08 1.37819E+04
9.70000E-05 4.15124E+08 1.37252E+04
9.71000E-05 4.13417E+08 1.36687E+04
9.72000E-05 4.11718E+08 1.36125E+04
9.73000E-05 4.10028E+08 1.35567E+04
9.74000E-05 4.08347E+08 1.35011E+04
9.75000E-05 4.06674E+08 1.34458E+04
9.76000E-05 4.05010E+08 1.33907E+04
9.77000E-05 4.03354E+08 1.33360E+04
9.78000E-05 4.01707E+08 1.32815E+04
9.79000E-05 4.00069E+08 1.32274E+04
9.80000E-05 3.98438E+08 1.31735E+04
9.81000E-05 3.96816E+08 1.31198E+04
9.82000E-05 3.95202E+08 1.30665E+04
9.83000E-05 3.93596E+08 1.30134E+04
9.84000E-05 3.91999E+08 1.29606E+04
9.85000E-05 3.90409E+08 1.29080E+04
9.86000E-05 3.88828E+08 1.28557E+04
9.87000E-05 3.87255E+08 1.28037E+04
9.88000E-05 3.85689E+08 1.27519E+04
9.89000E-05 3.84132E+08 1.27004E+04
9.90000E-05 3.82582E+08 1.26492E+04
9.91000E-05 3.81040E+08 1.25982E+04
9.92000E-05 3.79506E+08 1.25475E+04
9.93000E-05 3.77979E+08 1.24970E+04
9.94000E-05 3.76461E+08 1.24468E+04
9.95000E-05 3.74950E+08 1.23969E+04
9.96000E-05 3.73446E+08 1.23472E+04
9.97000E-05 3.71950E+08 1.22977E+04
9.98000E-05 3.70461E+08 1.22485E+04
9.99000E-05 3.68980E+08 1.21995E+04
1.00000E-04 3.67507E+08 1.21508E+04
