#  FeatureSize(cm)    Fluence(mum2)   Dose(Gy)
1.00000E-07 1.51361E+20 5.00440E+15
2.00000E-07 9.46004E+18 3.12775E+14
3.00000E-07 1.86865E+18 6.17827E+13
4.00000E-07 5.91252E+17 1.95484E+13
5.00000E-07 2.42177E+17 8.00703E+12
6.00000E-07 1.16791E+17 3.86142E+12
7.00000E-07 6.30406E+16 2.08430E+12
8.00000E-07 3.69533E+16 1.22178E+12
9.00000E-07 2.30697E+16 7.62749E+11
1.00000E-06 1.51361E+16 5.00440E+11
1.10000E-06 1.03381E+16 3.41807E+11
1.20000E-06 7.29941E+15 2.41339E+11
1.30000E-06 5.29955E+15 1.75218E+11
1.40000E-06 3.94004E+15 1.30269E+11
1.50000E-06 2.98984E+15 9.88523E+10
1.60000E-06 2.30958E+15 7.63610E+10
1.70000E-06 1.81225E+15 5.99178E+10
1.80000E-06 1.44186E+15 4.76718E+10
1.90000E-06 1.16144E+15 3.84005E+10
2.00000E-06 9.46004E+14 3.12775E+10
2.10000E-06 7.78279E+14 2.57321E+10
2.20000E-06 6.46133E+14 2.13629E+10
2.30000E-06 5.40881E+14 1.78830E+10
2.40000E-06 4.56213E+14 1.50837E+10
2.50000E-06 3.87483E+14 1.28113E+10
2.60000E-06 3.31222E+14 1.09511E+10
2.70000E-06 2.84812E+14 9.41665E+09
2.80000E-06 2.46252E+14 8.14178E+09
2.90000E-06 2.14003E+14 7.07554E+09
3.00000E-06 1.86865E+14 6.17827E+09
3.10000E-06 1.63895E+14 5.41882E+09
3.20000E-06 1.44349E+14 4.77256E+09
3.30000E-06 1.27631E+14 4.21984E+09
3.40000E-06 1.13265E+14 3.74486E+09
3.50000E-06 1.00865E+14 3.33487E+09
3.60000E-06 9.01162E+13 2.97949E+09
3.70000E-06 8.07618E+13 2.67021E+09
3.80000E-06 7.25903E+13 2.40003E+09
3.90000E-06 6.54266E+13 2.16318E+09
4.00000E-06 5.91252E+13 1.95484E+09
4.10000E-06 5.35645E+13 1.77099E+09
4.20000E-06 4.86425E+13 1.60825E+09
4.30000E-06 4.42730E+13 1.46379E+09
4.40000E-06 4.03833E+13 1.33518E+09
4.50000E-06 3.69116E+13 1.22040E+09
4.60000E-06 3.38050E+13 1.11769E+09
4.70000E-06 3.10185E+13 1.02556E+09
4.80000E-06 2.85133E+13 9.42729E+08
4.90000E-06 2.62560E+13 8.68095E+08
5.00000E-06 2.42177E+13 8.00703E+08
5.10000E-06 2.23734E+13 7.39726E+08
5.20000E-06 2.07014E+13 6.84445E+08
5.30000E-06 1.91827E+13 6.34232E+08
5.40000E-06 1.78007E+13 5.88541E+08
5.50000E-06 1.65410E+13 5.46891E+08
5.60000E-06 1.53908E+13 5.08861E+08
5.70000E-06 1.43388E+13 4.74081E+08
5.80000E-06 1.33752E+13 4.42221E+08
5.90000E-06 1.24912E+13 4.12994E+08
6.00000E-06 1.16791E+13 3.86142E+08
6.10000E-06 1.09318E+13 3.61437E+08
6.20000E-06 1.02434E+13 3.38676E+08
6.30000E-06 9.60839E+12 3.17680E+08
6.40000E-06 9.02179E+12 2.98285E+08
6.50000E-06 8.47929E+12 2.80349E+08
6.60000E-06 7.97695E+12 2.63740E+08
6.70000E-06 7.51127E+12 2.48343E+08
6.80000E-06 7.07908E+12 2.34054E+08
6.90000E-06 6.67754E+12 2.20778E+08
7.00000E-06 6.30406E+12 2.08430E+08
7.10000E-06 5.95634E+12 1.96933E+08
7.20000E-06 5.63226E+12 1.86218E+08
7.30000E-06 5.32993E+12 1.76222E+08
7.40000E-06 5.04761E+12 1.66888E+08
7.50000E-06 4.78374E+12 1.58164E+08
7.60000E-06 4.53689E+12 1.50002E+08
7.70000E-06 4.30576E+12 1.42360E+08
7.80000E-06 4.08916E+12 1.35199E+08
7.90000E-06 3.88601E+12 1.28482E+08
8.00000E-06 3.69533E+12 1.22178E+08
8.10000E-06 3.51619E+12 1.16255E+08
8.20000E-06 3.34778E+12 1.10687E+08
8.30000E-06 3.18934E+12 1.05448E+08
8.40000E-06 3.04015E+12 1.00516E+08
8.50000E-06 2.89959E+12 9.58685E+07
8.60000E-06 2.76706E+12 9.14867E+07
8.70000E-06 2.64202E+12 8.73524E+07
8.80000E-06 2.52396E+12 8.34490E+07
8.90000E-06 2.41242E+12 7.97612E+07
9.00000E-06 2.30697E+12 7.62749E+07
9.10000E-06 2.20723E+12 7.29770E+07
9.20000E-06 2.11281E+12 6.98555E+07
9.30000E-06 2.02340E+12 6.68990E+07
9.40000E-06 1.93866E+12 6.40974E+07
9.50000E-06 1.85831E+12 6.14409E+07
9.60000E-06 1.78208E+12 5.89205E+07
9.70000E-06 1.70972E+12 5.65281E+07
9.80000E-06 1.64100E+12 5.42559E+07
9.90000E-06 1.57569E+12 5.20968E+07
1.00000E-05 1.51361E+12 5.00440E+07
1.01000E-05 1.45455E+12 4.80913E+07
1.02000E-05 1.39834E+12 4.62329E+07
1.03000E-05 1.34482E+12 4.44634E+07
1.04000E-05 1.29384E+12 4.27778E+07
1.05000E-05 1.24525E+12 4.11713E+07
1.06000E-05 1.19892E+12 3.96395E+07
1.07000E-05 1.15472E+12 3.81783E+07
1.08000E-05 1.11255E+12 3.67838E+07
1.09000E-05 1.07228E+12 3.54524E+07
1.10000E-05 1.03381E+12 3.41807E+07
1.11000E-05 9.97059E+11 3.29655E+07
1.12000E-05 9.61924E+11 3.18038E+07
1.13000E-05 9.28323E+11 3.06929E+07
1.14000E-05 8.96176E+11 2.96300E+07
1.15000E-05 8.65409E+11 2.86128E+07
1.16000E-05 8.35951E+11 2.76388E+07
1.17000E-05 8.07736E+11 2.67060E+07
1.18000E-05 7.80701E+11 2.58121E+07
1.19000E-05 7.54788E+11 2.49554E+07
1.20000E-05 7.29941E+11 2.41339E+07
1.21000E-05 7.06108E+11 2.33459E+07
1.22000E-05 6.83240E+11 2.25898E+07
1.23000E-05 6.61291E+11 2.18641E+07
1.24000E-05 6.40215E+11 2.11673E+07
1.25000E-05 6.19973E+11 2.04980E+07
1.26000E-05 6.00524E+11 1.98550E+07
1.27000E-05 5.81832E+11 1.92370E+07
1.28000E-05 5.63862E+11 1.86428E+07
1.29000E-05 5.46580E+11 1.80714E+07
1.30000E-05 5.29955E+11 1.75218E+07
1.31000E-05 5.13958E+11 1.69929E+07
1.32000E-05 4.98560E+11 1.64837E+07
1.33000E-05 4.83734E+11 1.59936E+07
1.34000E-05 4.69455E+11 1.55215E+07
1.35000E-05 4.55699E+11 1.50666E+07
1.36000E-05 4.42443E+11 1.46284E+07
1.37000E-05 4.29665E+11 1.42059E+07
1.38000E-05 4.17346E+11 1.37986E+07
1.39000E-05 4.05465E+11 1.34058E+07
1.40000E-05 3.94004E+11 1.30269E+07
1.41000E-05 3.82945E+11 1.26612E+07
1.42000E-05 3.72271E+11 1.23083E+07
1.43000E-05 3.61967E+11 1.19676E+07
1.44000E-05 3.52016E+11 1.16386E+07
1.45000E-05 3.42406E+11 1.13209E+07
1.46000E-05 3.33120E+11 1.10139E+07
1.47000E-05 3.24148E+11 1.07172E+07
1.48000E-05 3.15476E+11 1.04305E+07
1.49000E-05 3.07091E+11 1.01533E+07
1.50000E-05 2.98984E+11 9.88523E+06
1.51000E-05 2.91142E+11 9.62596E+06
1.52000E-05 2.83556E+11 9.37513E+06
1.53000E-05 2.76215E+11 9.13242E+06
1.54000E-05 2.69110E+11 8.89752E+06
1.55000E-05 2.62232E+11 8.67012E+06
1.56000E-05 2.55573E+11 8.44993E+06
1.57000E-05 2.49123E+11 8.23670E+06
1.58000E-05 2.42876E+11 8.03014E+06
1.59000E-05 2.36823E+11 7.83003E+06
1.60000E-05 2.30958E+11 7.63610E+06
1.61000E-05 2.25273E+11 7.44815E+06
1.62000E-05 2.19762E+11 7.26594E+06
1.63000E-05 2.14419E+11 7.08927E+06
1.64000E-05 2.09236E+11 6.91793E+06
1.65000E-05 2.04210E+11 6.75174E+06
1.66000E-05 1.99334E+11 6.59051E+06
1.67000E-05 1.94602E+11 6.43407E+06
1.68000E-05 1.90010E+11 6.28224E+06
1.69000E-05 1.85552E+11 6.13486E+06
1.70000E-05 1.81225E+11 5.99178E+06
1.71000E-05 1.77022E+11 5.85285E+06
1.72000E-05 1.72941E+11 5.71792E+06
1.73000E-05 1.68977E+11 5.58685E+06
1.74000E-05 1.65126E+11 5.45952E+06
1.75000E-05 1.61384E+11 5.33580E+06
1.76000E-05 1.57747E+11 5.21556E+06
1.77000E-05 1.54213E+11 5.09869E+06
1.78000E-05 1.50776E+11 4.98507E+06
1.79000E-05 1.47435E+11 4.87461E+06
1.80000E-05 1.44186E+11 4.76718E+06
1.81000E-05 1.41026E+11 4.66270E+06
1.82000E-05 1.37952E+11 4.56106E+06
1.83000E-05 1.34961E+11 4.46218E+06
1.84000E-05 1.32051E+11 4.36597E+06
1.85000E-05 1.29219E+11 4.27233E+06
1.86000E-05 1.26462E+11 4.18119E+06
1.87000E-05 1.23779E+11 4.09247E+06
1.88000E-05 1.21166E+11 4.00609E+06
1.89000E-05 1.18622E+11 3.92197E+06
1.90000E-05 1.16144E+11 3.84005E+06
1.91000E-05 1.13731E+11 3.76026E+06
1.92000E-05 1.11380E+11 3.68253E+06
1.93000E-05 1.09090E+11 3.60680E+06
1.94000E-05 1.06858E+11 3.53301E+06
1.95000E-05 1.04683E+11 3.46109E+06
1.96000E-05 1.02562E+11 3.39100E+06
1.97000E-05 1.00496E+11 3.32267E+06
1.98000E-05 9.84809E+10 3.25605E+06
1.99000E-05 9.65162E+10 3.19109E+06
2.00000E-05 9.46004E+10 3.12775E+06
2.01000E-05 9.27318E+10 3.06597E+06
2.02000E-05 9.09091E+10 3.00570E+06
2.03000E-05 8.91310E+10 2.94691E+06
2.04000E-05 8.73961E+10 2.88956E+06
2.05000E-05 8.57033E+10 2.83358E+06
2.06000E-05 8.40512E+10 2.77896E+06
2.07000E-05 8.24387E+10 2.72565E+06
2.08000E-05 8.08648E+10 2.67361E+06
2.09000E-05 7.93282E+10 2.62281E+06
2.10000E-05 7.78279E+10 2.57321E+06
2.11000E-05 7.63630E+10 2.52477E+06
2.12000E-05 7.49323E+10 2.47747E+06
2.13000E-05 7.35350E+10 2.43127E+06
2.14000E-05 7.21702E+10 2.38614E+06
2.15000E-05 7.08368E+10 2.34206E+06
2.16000E-05 6.95341E+10 2.29899E+06
2.17000E-05 6.82612E+10 2.25690E+06
2.18000E-05 6.70173E+10 2.21578E+06
2.19000E-05 6.58016E+10 2.17558E+06
2.20000E-05 6.46133E+10 2.13629E+06
2.21000E-05 6.34518E+10 2.09789E+06
2.22000E-05 6.23162E+10 2.06034E+06
2.23000E-05 6.12059E+10 2.02364E+06
2.24000E-05 6.01202E+10 1.98774E+06
2.25000E-05 5.90585E+10 1.95264E+06
2.26000E-05 5.80202E+10 1.91831E+06
2.27000E-05 5.70045E+10 1.88473E+06
2.28000E-05 5.60110E+10 1.85188E+06
2.29000E-05 5.50390E+10 1.81974E+06
2.30000E-05 5.40881E+10 1.78830E+06
2.31000E-05 5.31575E+10 1.75753E+06
2.32000E-05 5.22469E+10 1.72743E+06
2.33000E-05 5.13557E+10 1.69796E+06
2.34000E-05 5.04835E+10 1.66912E+06
2.35000E-05 4.96297E+10 1.64089E+06
2.36000E-05 4.87938E+10 1.61326E+06
2.37000E-05 4.79755E+10 1.58620E+06
2.38000E-05 4.71742E+10 1.55971E+06
2.39000E-05 4.63897E+10 1.53377E+06
2.40000E-05 4.56213E+10 1.50837E+06
2.41000E-05 4.48688E+10 1.48349E+06
2.42000E-05 4.41318E+10 1.45912E+06
2.43000E-05 4.34098E+10 1.43525E+06
2.44000E-05 4.27025E+10 1.41186E+06
2.45000E-05 4.20096E+10 1.38895E+06
2.46000E-05 4.13307E+10 1.36651E+06
2.47000E-05 4.06654E+10 1.34451E+06
2.48000E-05 4.00135E+10 1.32295E+06
2.49000E-05 3.93745E+10 1.30183E+06
2.50000E-05 3.87483E+10 1.28113E+06
2.51000E-05 3.81345E+10 1.26083E+06
2.52000E-05 3.75328E+10 1.24094E+06
2.53000E-05 3.69429E+10 1.22143E+06
2.54000E-05 3.63645E+10 1.20231E+06
2.55000E-05 3.57974E+10 1.18356E+06
2.56000E-05 3.52414E+10 1.16518E+06
2.57000E-05 3.46961E+10 1.14715E+06
2.58000E-05 3.41613E+10 1.12947E+06
2.59000E-05 3.36367E+10 1.11212E+06
2.60000E-05 3.31222E+10 1.09511E+06
2.61000E-05 3.26175E+10 1.07842E+06
2.62000E-05 3.21224E+10 1.06205E+06
2.63000E-05 3.16366E+10 1.04599E+06
2.64000E-05 3.11600E+10 1.03023E+06
2.65000E-05 3.06923E+10 1.01477E+06
2.66000E-05 3.02333E+10 9.99597E+05
2.67000E-05 2.97829E+10 9.84706E+05
2.68000E-05 2.93409E+10 9.70091E+05
2.69000E-05 2.89070E+10 9.55746E+05
2.70000E-05 2.84812E+10 9.41665E+05
2.71000E-05 2.80631E+10 9.27843E+05
2.72000E-05 2.76527E+10 9.14273E+05
2.73000E-05 2.72497E+10 9.00951E+05
2.74000E-05 2.68541E+10 8.87870E+05
2.75000E-05 2.64656E+10 8.75026E+05
2.76000E-05 2.60841E+10 8.62413E+05
2.77000E-05 2.57095E+10 8.50027E+05
2.78000E-05 2.53416E+10 8.37862E+05
2.79000E-05 2.49802E+10 8.25914E+05
2.80000E-05 2.46252E+10 8.14178E+05
2.81000E-05 2.42766E+10 8.02650E+05
2.82000E-05 2.39341E+10 7.91326E+05
2.83000E-05 2.35976E+10 7.80200E+05
2.84000E-05 2.32669E+10 7.69269E+05
2.85000E-05 2.29421E+10 7.58529E+05
2.86000E-05 2.26229E+10 7.47976E+05
2.87000E-05 2.23093E+10 7.37605E+05
2.88000E-05 2.20010E+10 7.27414E+05
2.89000E-05 2.16981E+10 7.17398E+05
2.90000E-05 2.14003E+10 7.07554E+05
2.91000E-05 2.11077E+10 6.97878E+05
2.92000E-05 2.08200E+10 6.88367E+05
2.93000E-05 2.05372E+10 6.79018E+05
2.94000E-05 2.02593E+10 6.69827E+05
2.95000E-05 1.99859E+10 6.60790E+05
2.96000E-05 1.97172E+10 6.51906E+05
2.97000E-05 1.94530E+10 6.43170E+05
2.98000E-05 1.91932E+10 6.34580E+05
2.99000E-05 1.89377E+10 6.26133E+05
3.00000E-05 1.86865E+10 6.17827E+05
3.01000E-05 1.84394E+10 6.09657E+05
3.02000E-05 1.81964E+10 6.01622E+05
3.03000E-05 1.79573E+10 5.93719E+05
3.04000E-05 1.77222E+10 5.85946E+05
3.05000E-05 1.74909E+10 5.78299E+05
3.06000E-05 1.72634E+10 5.70776E+05
3.07000E-05 1.70396E+10 5.63376E+05
3.08000E-05 1.68194E+10 5.56095E+05
3.09000E-05 1.66027E+10 5.48931E+05
3.10000E-05 1.63895E+10 5.41882E+05
3.11000E-05 1.61797E+10 5.34946E+05
3.12000E-05 1.59733E+10 5.28121E+05
3.13000E-05 1.57701E+10 5.21404E+05
3.14000E-05 1.55702E+10 5.14794E+05
3.15000E-05 1.53734E+10 5.08288E+05
3.16000E-05 1.51797E+10 5.01884E+05
3.17000E-05 1.49891E+10 4.95581E+05
3.18000E-05 1.48015E+10 4.89377E+05
3.19000E-05 1.46167E+10 4.83269E+05
3.20000E-05 1.44349E+10 4.77256E+05
3.21000E-05 1.42558E+10 4.71337E+05
3.22000E-05 1.40796E+10 4.65509E+05
3.23000E-05 1.39060E+10 4.59771E+05
3.24000E-05 1.37351E+10 4.54121E+05
3.25000E-05 1.35669E+10 4.48558E+05
3.26000E-05 1.34012E+10 4.43079E+05
3.27000E-05 1.32380E+10 4.37684E+05
3.28000E-05 1.30773E+10 4.32371E+05
3.29000E-05 1.29190E+10 4.27138E+05
3.30000E-05 1.27631E+10 4.21984E+05
3.31000E-05 1.26096E+10 4.16907E+05
3.32000E-05 1.24583E+10 4.11907E+05
3.33000E-05 1.23094E+10 4.06982E+05
3.34000E-05 1.21626E+10 4.02129E+05
3.35000E-05 1.20180E+10 3.97349E+05
3.36000E-05 1.18756E+10 3.92640E+05
3.37000E-05 1.17353E+10 3.88000E+05
3.38000E-05 1.15970E+10 3.83429E+05
3.39000E-05 1.14608E+10 3.78925E+05
3.40000E-05 1.13265E+10 3.74486E+05
3.41000E-05 1.11943E+10 3.70113E+05
3.42000E-05 1.10639E+10 3.65803E+05
3.43000E-05 1.09354E+10 3.61556E+05
3.44000E-05 1.08088E+10 3.57370E+05
3.45000E-05 1.06841E+10 3.53244E+05
3.46000E-05 1.05611E+10 3.49178E+05
3.47000E-05 1.04399E+10 3.45171E+05
3.48000E-05 1.03204E+10 3.41220E+05
3.49000E-05 1.02026E+10 3.37326E+05
3.50000E-05 1.00865E+10 3.33487E+05
3.51000E-05 9.97205E+09 3.29703E+05
3.52000E-05 9.85921E+09 3.25973E+05
3.53000E-05 9.74796E+09 3.22294E+05
3.54000E-05 9.63828E+09 3.18668E+05
3.55000E-05 9.53014E+09 3.15093E+05
3.56000E-05 9.42351E+09 3.11567E+05
3.57000E-05 9.31837E+09 3.08091E+05
3.58000E-05 9.21469E+09 3.04663E+05
3.59000E-05 9.11245E+09 3.01282E+05
3.60000E-05 9.01162E+09 2.97949E+05
3.61000E-05 8.91218E+09 2.94661E+05
3.62000E-05 8.81411E+09 2.91419E+05
3.63000E-05 8.71739E+09 2.88221E+05
3.64000E-05 8.62198E+09 2.85066E+05
3.65000E-05 8.52788E+09 2.81955E+05
3.66000E-05 8.43506E+09 2.78886E+05
3.67000E-05 8.34350E+09 2.75859E+05
3.68000E-05 8.25318E+09 2.72873E+05
3.69000E-05 8.16408E+09 2.69927E+05
3.70000E-05 8.07618E+09 2.67021E+05
3.71000E-05 7.98945E+09 2.64153E+05
3.72000E-05 7.90389E+09 2.61324E+05
3.73000E-05 7.81947E+09 2.58533E+05
3.74000E-05 7.73618E+09 2.55779E+05
3.75000E-05 7.65399E+09 2.53062E+05
3.76000E-05 7.57289E+09 2.50380E+05
3.77000E-05 7.49286E+09 2.47734E+05
3.78000E-05 7.41388E+09 2.45123E+05
3.79000E-05 7.33594E+09 2.42546E+05
3.80000E-05 7.25903E+09 2.40003E+05
3.81000E-05 7.18312E+09 2.37494E+05
3.82000E-05 7.10819E+09 2.35016E+05
3.83000E-05 7.03425E+09 2.32572E+05
3.84000E-05 6.96126E+09 2.30158E+05
3.85000E-05 6.88922E+09 2.27776E+05
3.86000E-05 6.81810E+09 2.25425E+05
3.87000E-05 6.74790E+09 2.23104E+05
3.88000E-05 6.67861E+09 2.20813E+05
3.89000E-05 6.61020E+09 2.18551E+05
3.90000E-05 6.54266E+09 2.16318E+05
3.91000E-05 6.47598E+09 2.14114E+05
3.92000E-05 6.41015E+09 2.11937E+05
3.93000E-05 6.34516E+09 2.09788E+05
3.94000E-05 6.28099E+09 2.07667E+05
3.95000E-05 6.21762E+09 2.05572E+05
3.96000E-05 6.15506E+09 2.03503E+05
3.97000E-05 6.09327E+09 2.01460E+05
3.98000E-05 6.03227E+09 1.99443E+05
3.99000E-05 5.97202E+09 1.97451E+05
4.00000E-05 5.91252E+09 1.95484E+05
4.01000E-05 5.85376E+09 1.93542E+05
4.02000E-05 5.79574E+09 1.91623E+05
4.03000E-05 5.73842E+09 1.89728E+05
4.04000E-05 5.68182E+09 1.87856E+05
4.05000E-05 5.62591E+09 1.86008E+05
4.06000E-05 5.57069E+09 1.84182E+05
4.07000E-05 5.51614E+09 1.82379E+05
4.08000E-05 5.46226E+09 1.80597E+05
4.09000E-05 5.40903E+09 1.78837E+05
4.10000E-05 5.35645E+09 1.77099E+05
4.11000E-05 5.30451E+09 1.75382E+05
4.12000E-05 5.25320E+09 1.73685E+05
4.13000E-05 5.20251E+09 1.72009E+05
4.14000E-05 5.15242E+09 1.70353E+05
4.15000E-05 5.10294E+09 1.68717E+05
4.16000E-05 5.05405E+09 1.67101E+05
4.17000E-05 5.00574E+09 1.65504E+05
4.18000E-05 4.95801E+09 1.63926E+05
4.19000E-05 4.91085E+09 1.62366E+05
4.20000E-05 4.86425E+09 1.60825E+05
4.21000E-05 4.81819E+09 1.59303E+05
4.22000E-05 4.77269E+09 1.57798E+05
4.23000E-05 4.72771E+09 1.56311E+05
4.24000E-05 4.68327E+09 1.54842E+05
4.25000E-05 4.63935E+09 1.53390E+05
4.26000E-05 4.59594E+09 1.51954E+05
4.27000E-05 4.55304E+09 1.50536E+05
4.28000E-05 4.51063E+09 1.49134E+05
4.29000E-05 4.46872E+09 1.47748E+05
4.30000E-05 4.42730E+09 1.46379E+05
4.31000E-05 4.38635E+09 1.45025E+05
4.32000E-05 4.34588E+09 1.43687E+05
4.33000E-05 4.30587E+09 1.42364E+05
4.34000E-05 4.26632E+09 1.41056E+05
4.35000E-05 4.22723E+09 1.39764E+05
4.36000E-05 4.18858E+09 1.38486E+05
4.37000E-05 4.15037E+09 1.37223E+05
4.38000E-05 4.11260E+09 1.35974E+05
4.39000E-05 4.07525E+09 1.34739E+05
4.40000E-05 4.03833E+09 1.33518E+05
4.41000E-05 4.00183E+09 1.32311E+05
4.42000E-05 3.96573E+09 1.31118E+05
4.43000E-05 3.93005E+09 1.29938E+05
4.44000E-05 3.89476E+09 1.28772E+05
4.45000E-05 3.85987E+09 1.27618E+05
4.46000E-05 3.82537E+09 1.26477E+05
4.47000E-05 3.79125E+09 1.25349E+05
4.48000E-05 3.75751E+09 1.24234E+05
4.49000E-05 3.72415E+09 1.23131E+05
4.50000E-05 3.69116E+09 1.22040E+05
4.51000E-05 3.65853E+09 1.20961E+05
4.52000E-05 3.62626E+09 1.19894E+05
4.53000E-05 3.59435E+09 1.18839E+05
4.54000E-05 3.56278E+09 1.17795E+05
4.55000E-05 3.53156E+09 1.16763E+05
4.56000E-05 3.50069E+09 1.15742E+05
4.57000E-05 3.47015E+09 1.14733E+05
4.58000E-05 3.43994E+09 1.13734E+05
4.59000E-05 3.41006E+09 1.12746E+05
4.60000E-05 3.38050E+09 1.11769E+05
4.61000E-05 3.35127E+09 1.10802E+05
4.62000E-05 3.32235E+09 1.09846E+05
4.63000E-05 3.29374E+09 1.08900E+05
4.64000E-05 3.26543E+09 1.07964E+05
4.65000E-05 3.23743E+09 1.07038E+05
4.66000E-05 3.20973E+09 1.06123E+05
4.67000E-05 3.18233E+09 1.05217E+05
4.68000E-05 3.15522E+09 1.04320E+05
4.69000E-05 3.12839E+09 1.03433E+05
4.70000E-05 3.10185E+09 1.02556E+05
4.71000E-05 3.07559E+09 1.01688E+05
4.72000E-05 3.04961E+09 1.00829E+05
4.73000E-05 3.02391E+09 9.99786E+04
4.74000E-05 2.99847E+09 9.91376E+04
4.75000E-05 2.97330E+09 9.83054E+04
4.76000E-05 2.94839E+09 9.74819E+04
4.77000E-05 2.92374E+09 9.66670E+04
4.78000E-05 2.89935E+09 9.58606E+04
4.79000E-05 2.87522E+09 9.50626E+04
4.80000E-05 2.85133E+09 9.42729E+04
4.81000E-05 2.82769E+09 9.34913E+04
4.82000E-05 2.80430E+09 9.27179E+04
4.83000E-05 2.78115E+09 9.19524E+04
4.84000E-05 2.75824E+09 9.11948E+04
4.85000E-05 2.73556E+09 9.04450E+04
4.86000E-05 2.71311E+09 8.97029E+04
4.87000E-05 2.69090E+09 8.89684E+04
4.88000E-05 2.66891E+09 8.82414E+04
4.89000E-05 2.64714E+09 8.75218E+04
4.90000E-05 2.62560E+09 8.68095E+04
4.91000E-05 2.60427E+09 8.61045E+04
4.92000E-05 2.58317E+09 8.54066E+04
4.93000E-05 2.56227E+09 8.47157E+04
4.94000E-05 2.54159E+09 8.40318E+04
4.95000E-05 2.52111E+09 8.33548E+04
4.96000E-05 2.50084E+09 8.26847E+04
4.97000E-05 2.48077E+09 8.20212E+04
4.98000E-05 2.46091E+09 8.13644E+04
4.99000E-05 2.44124E+09 8.07141E+04
5.00000E-05 2.42177E+09 8.00703E+04
5.01000E-05 2.40249E+09 7.94330E+04
5.02000E-05 2.38341E+09 7.88019E+04
5.03000E-05 2.36451E+09 7.81771E+04
5.04000E-05 2.34580E+09 7.75585E+04
5.05000E-05 2.32727E+09 7.69460E+04
5.06000E-05 2.30893E+09 7.63396E+04
5.07000E-05 2.29077E+09 7.57390E+04
5.08000E-05 2.27278E+09 7.51444E+04
5.09000E-05 2.25497E+09 7.45556E+04
5.10000E-05 2.23734E+09 7.39726E+04
5.11000E-05 2.21988E+09 7.33953E+04
5.12000E-05 2.20259E+09 7.28235E+04
5.13000E-05 2.18546E+09 7.22574E+04
5.14000E-05 2.16850E+09 7.16967E+04
5.15000E-05 2.15171E+09 7.11415E+04
5.16000E-05 2.13508E+09 7.05916E+04
5.17000E-05 2.11861E+09 7.00470E+04
5.18000E-05 2.10230E+09 6.95077E+04
5.19000E-05 2.08614E+09 6.89735E+04
5.20000E-05 2.07014E+09 6.84445E+04
5.21000E-05 2.05429E+09 6.79205E+04
5.22000E-05 2.03859E+09 6.74015E+04
5.23000E-05 2.02305E+09 6.68875E+04
5.24000E-05 2.00765E+09 6.63784E+04
5.25000E-05 1.99240E+09 6.58741E+04
5.26000E-05 1.97729E+09 6.53745E+04
5.27000E-05 1.96232E+09 6.48798E+04
5.28000E-05 1.94750E+09 6.43896E+04
5.29000E-05 1.93281E+09 6.39041E+04
5.30000E-05 1.91827E+09 6.34232E+04
5.31000E-05 1.90386E+09 6.29468E+04
5.32000E-05 1.88958E+09 6.24748E+04
5.33000E-05 1.87544E+09 6.20073E+04
5.34000E-05 1.86143E+09 6.15441E+04
5.35000E-05 1.84756E+09 6.10853E+04
5.36000E-05 1.83381E+09 6.06307E+04
5.37000E-05 1.82019E+09 6.01803E+04
5.38000E-05 1.80669E+09 5.97341E+04
5.39000E-05 1.79332E+09 5.92921E+04
5.40000E-05 1.78007E+09 5.88541E+04
5.41000E-05 1.76695E+09 5.84201E+04
5.42000E-05 1.75394E+09 5.79902E+04
5.43000E-05 1.74106E+09 5.75642E+04
5.44000E-05 1.72829E+09 5.71421E+04
5.45000E-05 1.71564E+09 5.67238E+04
5.46000E-05 1.70311E+09 5.63094E+04
5.47000E-05 1.69069E+09 5.58988E+04
5.48000E-05 1.67838E+09 5.54919E+04
5.49000E-05 1.66619E+09 5.50887E+04
5.50000E-05 1.65410E+09 5.46891E+04
5.51000E-05 1.64213E+09 5.42932E+04
5.52000E-05 1.63026E+09 5.39008E+04
5.53000E-05 1.61850E+09 5.35120E+04
5.54000E-05 1.60684E+09 5.31267E+04
5.55000E-05 1.59529E+09 5.27448E+04
5.56000E-05 1.58385E+09 5.23664E+04
5.57000E-05 1.57250E+09 5.19913E+04
5.58000E-05 1.56126E+09 5.16196E+04
5.59000E-05 1.55012E+09 5.12512E+04
5.60000E-05 1.53908E+09 5.08861E+04
5.61000E-05 1.52813E+09 5.05243E+04
5.62000E-05 1.51729E+09 5.01656E+04
5.63000E-05 1.50653E+09 4.98102E+04
5.64000E-05 1.49588E+09 4.94579E+04
5.65000E-05 1.48532E+09 4.91086E+04
5.66000E-05 1.47485E+09 4.87625E+04
5.67000E-05 1.46447E+09 4.84194E+04
5.68000E-05 1.45418E+09 4.80793E+04
5.69000E-05 1.44399E+09 4.77422E+04
5.70000E-05 1.43388E+09 4.74081E+04
5.71000E-05 1.42386E+09 4.70768E+04
5.72000E-05 1.41393E+09 4.67485E+04
5.73000E-05 1.40409E+09 4.64230E+04
5.74000E-05 1.39433E+09 4.61003E+04
5.75000E-05 1.38465E+09 4.57805E+04
5.76000E-05 1.37506E+09 4.54634E+04
5.77000E-05 1.36556E+09 4.51490E+04
5.78000E-05 1.35613E+09 4.48374E+04
5.79000E-05 1.34679E+09 4.45284E+04
5.80000E-05 1.33752E+09 4.42221E+04
5.81000E-05 1.32834E+09 4.39185E+04
5.82000E-05 1.31923E+09 4.36174E+04
5.83000E-05 1.31020E+09 4.33189E+04
5.84000E-05 1.30125E+09 4.30230E+04
5.85000E-05 1.29238E+09 4.27295E+04
5.86000E-05 1.28358E+09 4.24386E+04
5.87000E-05 1.27485E+09 4.21502E+04
5.88000E-05 1.26620E+09 4.18642E+04
5.89000E-05 1.25763E+09 4.15806E+04
5.90000E-05 1.24912E+09 4.12994E+04
5.91000E-05 1.24069E+09 4.10206E+04
5.92000E-05 1.23233E+09 4.07441E+04
5.93000E-05 1.22404E+09 4.04700E+04
5.94000E-05 1.21581E+09 4.01981E+04
5.95000E-05 1.20766E+09 3.99286E+04
5.96000E-05 1.19958E+09 3.96613E+04
5.97000E-05 1.19156E+09 3.93962E+04
5.98000E-05 1.18361E+09 3.91333E+04
5.99000E-05 1.17572E+09 3.88727E+04
6.00000E-05 1.16791E+09 3.86142E+04
6.01000E-05 1.16015E+09 3.83578E+04
6.02000E-05 1.15246E+09 3.81036E+04
6.03000E-05 1.14484E+09 3.78514E+04
6.04000E-05 1.13727E+09 3.76014E+04
6.05000E-05 1.12977E+09 3.73534E+04
6.06000E-05 1.12233E+09 3.71075E+04
6.07000E-05 1.11496E+09 3.68635E+04
6.08000E-05 1.10764E+09 3.66216E+04
6.09000E-05 1.10038E+09 3.63817E+04
6.10000E-05 1.09318E+09 3.61437E+04
6.11000E-05 1.08605E+09 3.59076E+04
6.12000E-05 1.07896E+09 3.56735E+04
6.13000E-05 1.07194E+09 3.54413E+04
6.14000E-05 1.06497E+09 3.52110E+04
6.15000E-05 1.05806E+09 3.49825E+04
6.16000E-05 1.05121E+09 3.47559E+04
6.17000E-05 1.04441E+09 3.45311E+04
6.18000E-05 1.03767E+09 3.43082E+04
6.19000E-05 1.03098E+09 3.40870E+04
6.20000E-05 1.02434E+09 3.38676E+04
6.21000E-05 1.01776E+09 3.36500E+04
6.22000E-05 1.01123E+09 3.34341E+04
6.23000E-05 1.00476E+09 3.32200E+04
6.24000E-05 9.98331E+08 3.30076E+04
6.25000E-05 9.91957E+08 3.27968E+04
6.26000E-05 9.85633E+08 3.25877E+04
6.27000E-05 9.79360E+08 3.23803E+04
6.28000E-05 9.73137E+08 3.21746E+04
6.29000E-05 9.66964E+08 3.19705E+04
6.30000E-05 9.60839E+08 3.17680E+04
6.31000E-05 9.54762E+08 3.15671E+04
6.32000E-05 9.48734E+08 3.13677E+04
6.33000E-05 9.42753E+08 3.11700E+04
6.34000E-05 9.36819E+08 3.09738E+04
6.35000E-05 9.30932E+08 3.07792E+04
6.36000E-05 9.25091E+08 3.05860E+04
6.37000E-05 9.19295E+08 3.03944E+04
6.38000E-05 9.13545E+08 3.02043E+04
6.39000E-05 9.07840E+08 3.00157E+04
6.40000E-05 9.02179E+08 2.98285E+04
6.41000E-05 8.96563E+08 2.96428E+04
6.42000E-05 8.90990E+08 2.94586E+04
6.43000E-05 8.85460E+08 2.92757E+04
6.44000E-05 8.79973E+08 2.90943E+04
6.45000E-05 8.74528E+08 2.89143E+04
6.46000E-05 8.69126E+08 2.87357E+04
6.47000E-05 8.63765E+08 2.85584E+04
6.48000E-05 8.58445E+08 2.83826E+04
6.49000E-05 8.53167E+08 2.82080E+04
6.50000E-05 8.47929E+08 2.80349E+04
6.51000E-05 8.42731E+08 2.78630E+04
6.52000E-05 8.37572E+08 2.76924E+04
6.53000E-05 8.32454E+08 2.75232E+04
6.54000E-05 8.27374E+08 2.73552E+04
6.55000E-05 8.22333E+08 2.71886E+04
6.56000E-05 8.17330E+08 2.70232E+04
6.57000E-05 8.12365E+08 2.68590E+04
6.58000E-05 8.07438E+08 2.66961E+04
6.59000E-05 8.02548E+08 2.65344E+04
6.60000E-05 7.97695E+08 2.63740E+04
6.61000E-05 7.92879E+08 2.62148E+04
6.62000E-05 7.88099E+08 2.60567E+04
6.63000E-05 7.83355E+08 2.58999E+04
6.64000E-05 7.78647E+08 2.57442E+04
6.65000E-05 7.73974E+08 2.55897E+04
6.66000E-05 7.69336E+08 2.54363E+04
6.67000E-05 7.64732E+08 2.52841E+04
6.68000E-05 7.60163E+08 2.51331E+04
6.69000E-05 7.55628E+08 2.49832E+04
6.70000E-05 7.51127E+08 2.48343E+04
6.71000E-05 7.46660E+08 2.46866E+04
6.72000E-05 7.42225E+08 2.45400E+04
6.73000E-05 7.37824E+08 2.43945E+04
6.74000E-05 7.33454E+08 2.42500E+04
6.75000E-05 7.29118E+08 2.41066E+04
6.76000E-05 7.24813E+08 2.39643E+04
6.77000E-05 7.20540E+08 2.38230E+04
6.78000E-05 7.16298E+08 2.36828E+04
6.79000E-05 7.12088E+08 2.35436E+04
6.80000E-05 7.07908E+08 2.34054E+04
6.81000E-05 7.03760E+08 2.32682E+04
6.82000E-05 6.99641E+08 2.31321E+04
6.83000E-05 6.95553E+08 2.29969E+04
6.84000E-05 6.91494E+08 2.28627E+04
6.85000E-05 6.87465E+08 2.27295E+04
6.86000E-05 6.83465E+08 2.25972E+04
6.87000E-05 6.79494E+08 2.24659E+04
6.88000E-05 6.75552E+08 2.23356E+04
6.89000E-05 6.71639E+08 2.22062E+04
6.90000E-05 6.67754E+08 2.20778E+04
6.91000E-05 6.63897E+08 2.19503E+04
6.92000E-05 6.60068E+08 2.18236E+04
6.93000E-05 6.56266E+08 2.16980E+04
6.94000E-05 6.52492E+08 2.15732E+04
6.95000E-05 6.48744E+08 2.14493E+04
6.96000E-05 6.45024E+08 2.13263E+04
6.97000E-05 6.41330E+08 2.12041E+04
6.98000E-05 6.37663E+08 2.10829E+04
6.99000E-05 6.34022E+08 2.09625E+04
7.00000E-05 6.30406E+08 2.08430E+04
7.01000E-05 6.26817E+08 2.07243E+04
7.02000E-05 6.23253E+08 2.06065E+04
7.03000E-05 6.19714E+08 2.04895E+04
7.04000E-05 6.16201E+08 2.03733E+04
7.05000E-05 6.12712E+08 2.02579E+04
7.06000E-05 6.09248E+08 2.01434E+04
7.07000E-05 6.05808E+08 2.00297E+04
7.08000E-05 6.02393E+08 1.99168E+04
7.09000E-05 5.99001E+08 1.98046E+04
7.10000E-05 5.95634E+08 1.96933E+04
7.11000E-05 5.92290E+08 1.95827E+04
7.12000E-05 5.88969E+08 1.94729E+04
7.13000E-05 5.85672E+08 1.93639E+04
7.14000E-05 5.82398E+08 1.92557E+04
7.15000E-05 5.79147E+08 1.91482E+04
7.16000E-05 5.75918E+08 1.90414E+04
7.17000E-05 5.72712E+08 1.89354E+04
7.18000E-05 5.69528E+08 1.88302E+04
7.19000E-05 5.66366E+08 1.87256E+04
7.20000E-05 5.63226E+08 1.86218E+04
7.21000E-05 5.60108E+08 1.85187E+04
7.22000E-05 5.57011E+08 1.84163E+04
7.23000E-05 5.53936E+08 1.83146E+04
7.24000E-05 5.50882E+08 1.82137E+04
7.25000E-05 5.47849E+08 1.81134E+04
7.26000E-05 5.44837E+08 1.80138E+04
7.27000E-05 5.41845E+08 1.79149E+04
7.28000E-05 5.38874E+08 1.78167E+04
7.29000E-05 5.35923E+08 1.77191E+04
7.30000E-05 5.32993E+08 1.76222E+04
7.31000E-05 5.30082E+08 1.75260E+04
7.32000E-05 5.27192E+08 1.74304E+04
7.33000E-05 5.24321E+08 1.73355E+04
7.34000E-05 5.21469E+08 1.72412E+04
7.35000E-05 5.18637E+08 1.71476E+04
7.36000E-05 5.15824E+08 1.70546E+04
7.37000E-05 5.13030E+08 1.69622E+04
7.38000E-05 5.10255E+08 1.68704E+04
7.39000E-05 5.07499E+08 1.67793E+04
7.40000E-05 5.04761E+08 1.66888E+04
7.41000E-05 5.02042E+08 1.65989E+04
7.42000E-05 4.99341E+08 1.65096E+04
7.43000E-05 4.96658E+08 1.64209E+04
7.44000E-05 4.93993E+08 1.63328E+04
7.45000E-05 4.91346E+08 1.62453E+04
7.46000E-05 4.88717E+08 1.61583E+04
7.47000E-05 4.86105E+08 1.60720E+04
7.48000E-05 4.83511E+08 1.59862E+04
7.49000E-05 4.80934E+08 1.59010E+04
7.50000E-05 4.78374E+08 1.58164E+04
7.51000E-05 4.75831E+08 1.57323E+04
7.52000E-05 4.73305E+08 1.56488E+04
7.53000E-05 4.70796E+08 1.55658E+04
7.54000E-05 4.68303E+08 1.54834E+04
7.55000E-05 4.65827E+08 1.54015E+04
7.56000E-05 4.63367E+08 1.53202E+04
7.57000E-05 4.60924E+08 1.52394E+04
7.58000E-05 4.58496E+08 1.51591E+04
7.59000E-05 4.56085E+08 1.50794E+04
7.60000E-05 4.53689E+08 1.50002E+04
7.61000E-05 4.51309E+08 1.49215E+04
7.62000E-05 4.48945E+08 1.48433E+04
7.63000E-05 4.46596E+08 1.47657E+04
7.64000E-05 4.44262E+08 1.46885E+04
7.65000E-05 4.41944E+08 1.46119E+04
7.66000E-05 4.39640E+08 1.45357E+04
7.67000E-05 4.37352E+08 1.44601E+04
7.68000E-05 4.35079E+08 1.43849E+04
7.69000E-05 4.32820E+08 1.43102E+04
7.70000E-05 4.30576E+08 1.42360E+04
7.71000E-05 4.28347E+08 1.41623E+04
7.72000E-05 4.26131E+08 1.40891E+04
7.73000E-05 4.23931E+08 1.40163E+04
7.74000E-05 4.21744E+08 1.39440E+04
7.75000E-05 4.19571E+08 1.38722E+04
7.76000E-05 4.17413E+08 1.38008E+04
7.77000E-05 4.15268E+08 1.37299E+04
7.78000E-05 4.13137E+08 1.36595E+04
7.79000E-05 4.11020E+08 1.35894E+04
7.80000E-05 4.08916E+08 1.35199E+04
7.81000E-05 4.06826E+08 1.34508E+04
7.82000E-05 4.04749E+08 1.33821E+04
7.83000E-05 4.02685E+08 1.33139E+04
7.84000E-05 4.00635E+08 1.32461E+04
7.85000E-05 3.98597E+08 1.31787E+04
7.86000E-05 3.96572E+08 1.31118E+04
7.87000E-05 3.94561E+08 1.30453E+04
7.88000E-05 3.92562E+08 1.29792E+04
7.89000E-05 3.90575E+08 1.29135E+04
7.90000E-05 3.88601E+08 1.28482E+04
7.91000E-05 3.86640E+08 1.27834E+04
7.92000E-05 3.84691E+08 1.27189E+04
7.93000E-05 3.82754E+08 1.26549E+04
7.94000E-05 3.80830E+08 1.25913E+04
7.95000E-05 3.78917E+08 1.25280E+04
7.96000E-05 3.77017E+08 1.24652E+04
7.97000E-05 3.75128E+08 1.24028E+04
7.98000E-05 3.73251E+08 1.23407E+04
7.99000E-05 3.71386E+08 1.22790E+04
8.00000E-05 3.69533E+08 1.22178E+04
8.01000E-05 3.67691E+08 1.21569E+04
8.02000E-05 3.65860E+08 1.20963E+04
8.03000E-05 3.64041E+08 1.20362E+04
8.04000E-05 3.62233E+08 1.19764E+04
8.05000E-05 3.60437E+08 1.19170E+04
8.06000E-05 3.58651E+08 1.18580E+04
8.07000E-05 3.56877E+08 1.17993E+04
8.08000E-05 3.55114E+08 1.17410E+04
8.09000E-05 3.53361E+08 1.16831E+04
8.10000E-05 3.51619E+08 1.16255E+04
8.11000E-05 3.49888E+08 1.15683E+04
8.12000E-05 3.48168E+08 1.15114E+04
8.13000E-05 3.46458E+08 1.14549E+04
8.14000E-05 3.44759E+08 1.13987E+04
8.15000E-05 3.43070E+08 1.13428E+04
8.16000E-05 3.41391E+08 1.12873E+04
8.17000E-05 3.39723E+08 1.12322E+04
8.18000E-05 3.38064E+08 1.11773E+04
8.19000E-05 3.36416E+08 1.11228E+04
8.20000E-05 3.34778E+08 1.10687E+04
8.21000E-05 3.33150E+08 1.10149E+04
8.22000E-05 3.31532E+08 1.09614E+04
8.23000E-05 3.29924E+08 1.09082E+04
8.24000E-05 3.28325E+08 1.08553E+04
8.25000E-05 3.26736E+08 1.08028E+04
8.26000E-05 3.25157E+08 1.07506E+04
8.27000E-05 3.23587E+08 1.06987E+04
8.28000E-05 3.22026E+08 1.06471E+04
8.29000E-05 3.20475E+08 1.05958E+04
8.30000E-05 3.18934E+08 1.05448E+04
8.31000E-05 3.17401E+08 1.04942E+04
8.32000E-05 3.15878E+08 1.04438E+04
8.33000E-05 3.14364E+08 1.03937E+04
8.34000E-05 3.12859E+08 1.03440E+04
8.35000E-05 3.11363E+08 1.02945E+04
8.36000E-05 3.09876E+08 1.02453E+04
8.37000E-05 3.08398E+08 1.01965E+04
8.38000E-05 3.06928E+08 1.01479E+04
8.39000E-05 3.05467E+08 1.00996E+04
8.40000E-05 3.04015E+08 1.00516E+04
8.41000E-05 3.02572E+08 1.00039E+04
8.42000E-05 3.01137E+08 9.95642E+03
8.43000E-05 2.99711E+08 9.90926E+03
8.44000E-05 2.98293E+08 9.86238E+03
8.45000E-05 2.96883E+08 9.81578E+03
8.46000E-05 2.95482E+08 9.76945E+03
8.47000E-05 2.94089E+08 9.72340E+03
8.48000E-05 2.92704E+08 9.67761E+03
8.49000E-05 2.91328E+08 9.63210E+03
8.50000E-05 2.89959E+08 9.58685E+03
8.51000E-05 2.88599E+08 9.54187E+03
8.52000E-05 2.87246E+08 9.49715E+03
8.53000E-05 2.85902E+08 9.45269E+03
8.54000E-05 2.84565E+08 9.40850E+03
8.55000E-05 2.83236E+08 9.36456E+03
8.56000E-05 2.81915E+08 9.32087E+03
8.57000E-05 2.80601E+08 9.27744E+03
8.58000E-05 2.79295E+08 9.23427E+03
8.59000E-05 2.77997E+08 9.19134E+03
8.60000E-05 2.76706E+08 9.14867E+03
8.61000E-05 2.75423E+08 9.10624E+03
8.62000E-05 2.74147E+08 9.06406E+03
8.63000E-05 2.72879E+08 9.02212E+03
8.64000E-05 2.71618E+08 8.98042E+03
8.65000E-05 2.70364E+08 8.93897E+03
8.66000E-05 2.69117E+08 8.89775E+03
8.67000E-05 2.67878E+08 8.85677E+03
8.68000E-05 2.66645E+08 8.81602E+03
8.69000E-05 2.65420E+08 8.77551E+03
8.70000E-05 2.64202E+08 8.73524E+03
8.71000E-05 2.62991E+08 8.69519E+03
8.72000E-05 2.61786E+08 8.65537E+03
8.73000E-05 2.60589E+08 8.61578E+03
8.74000E-05 2.59398E+08 8.57642E+03
8.75000E-05 2.58214E+08 8.53728E+03
8.76000E-05 2.57037E+08 8.49836E+03
8.77000E-05 2.55867E+08 8.45967E+03
8.78000E-05 2.54703E+08 8.42119E+03
8.79000E-05 2.53546E+08 8.38294E+03
8.80000E-05 2.52396E+08 8.34490E+03
8.81000E-05 2.51252E+08 8.30707E+03
8.82000E-05 2.50114E+08 8.26946E+03
8.83000E-05 2.48983E+08 8.23207E+03
8.84000E-05 2.47858E+08 8.19488E+03
8.85000E-05 2.46740E+08 8.15790E+03
8.86000E-05 2.45628E+08 8.12114E+03
8.87000E-05 2.44522E+08 8.08457E+03
8.88000E-05 2.43423E+08 8.04822E+03
8.89000E-05 2.42329E+08 8.01207E+03
8.90000E-05 2.41242E+08 7.97612E+03
8.91000E-05 2.40161E+08 7.94037E+03
8.92000E-05 2.39086E+08 7.90482E+03
8.93000E-05 2.38016E+08 7.86948E+03
8.94000E-05 2.36953E+08 7.83433E+03
8.95000E-05 2.35896E+08 7.79937E+03
8.96000E-05 2.34845E+08 7.76461E+03
8.97000E-05 2.33799E+08 7.73004E+03
8.98000E-05 2.32759E+08 7.69567E+03
8.99000E-05 2.31726E+08 7.66148E+03
9.00000E-05 2.30697E+08 7.62749E+03
9.01000E-05 2.29675E+08 7.59368E+03
9.02000E-05 2.28658E+08 7.56006E+03
9.03000E-05 2.27647E+08 7.52663E+03
9.04000E-05 2.26641E+08 7.49338E+03
9.05000E-05 2.25641E+08 7.46032E+03
9.06000E-05 2.24647E+08 7.42744E+03
9.07000E-05 2.23658E+08 7.39473E+03
9.08000E-05 2.22674E+08 7.36221E+03
9.09000E-05 2.21696E+08 7.32987E+03
9.10000E-05 2.20723E+08 7.29770E+03
9.11000E-05 2.19755E+08 7.26571E+03
9.12000E-05 2.18793E+08 7.23390E+03
9.13000E-05 2.17836E+08 7.20226E+03
9.14000E-05 2.16884E+08 7.17079E+03
9.15000E-05 2.15938E+08 7.13949E+03
9.16000E-05 2.14996E+08 7.10837E+03
9.17000E-05 2.14060E+08 7.07741E+03
9.18000E-05 2.13129E+08 7.04662E+03
9.19000E-05 2.12203E+08 7.01600E+03
9.20000E-05 2.11281E+08 6.98555E+03
9.21000E-05 2.10365E+08 6.95526E+03
9.22000E-05 2.09454E+08 6.92513E+03
9.23000E-05 2.08548E+08 6.89517E+03
9.24000E-05 2.07647E+08 6.86537E+03
9.25000E-05 2.06750E+08 6.83573E+03
9.26000E-05 2.05858E+08 6.80625E+03
9.27000E-05 2.04972E+08 6.77693E+03
9.28000E-05 2.04090E+08 6.74776E+03
9.29000E-05 2.03212E+08 6.71876E+03
9.30000E-05 2.02340E+08 6.68990E+03
9.31000E-05 2.01472E+08 6.66121E+03
9.32000E-05 2.00608E+08 6.63266E+03
9.33000E-05 1.99750E+08 6.60427E+03
9.34000E-05 1.98896E+08 6.57604E+03
9.35000E-05 1.98046E+08 6.54795E+03
9.36000E-05 1.97201E+08 6.52001E+03
9.37000E-05 1.96361E+08 6.49222E+03
9.38000E-05 1.95525E+08 6.46458E+03
9.39000E-05 1.94693E+08 6.43709E+03
9.40000E-05 1.93866E+08 6.40974E+03
9.41000E-05 1.93043E+08 6.38253E+03
9.42000E-05 1.92225E+08 6.35548E+03
9.43000E-05 1.91411E+08 6.32856E+03
9.44000E-05 1.90601E+08 6.30179E+03
9.45000E-05 1.89795E+08 6.27515E+03
9.46000E-05 1.88994E+08 6.24866E+03
9.47000E-05 1.88197E+08 6.22231E+03
9.48000E-05 1.87404E+08 6.19610E+03
9.49000E-05 1.86616E+08 6.17002E+03
9.50000E-05 1.85831E+08 6.14409E+03
9.51000E-05 1.85051E+08 6.11828E+03
9.52000E-05 1.84274E+08 6.09262E+03
9.53000E-05 1.83502E+08 6.06708E+03
9.54000E-05 1.82734E+08 6.04169E+03
9.55000E-05 1.81970E+08 6.01642E+03
9.56000E-05 1.81210E+08 5.99129E+03
9.57000E-05 1.80453E+08 5.96628E+03
9.58000E-05 1.79701E+08 5.94141E+03
9.59000E-05 1.78953E+08 5.91667E+03
9.60000E-05 1.78208E+08 5.89205E+03
9.61000E-05 1.77468E+08 5.86757E+03
9.62000E-05 1.76731E+08 5.84321E+03
9.63000E-05 1.75998E+08 5.81898E+03
9.64000E-05 1.75269E+08 5.79487E+03
9.65000E-05 1.74543E+08 5.77088E+03
9.66000E-05 1.73822E+08 5.74703E+03
9.67000E-05 1.73104E+08 5.72329E+03
9.68000E-05 1.72390E+08 5.69968E+03
9.69000E-05 1.71679E+08 5.67619E+03
9.70000E-05 1.70972E+08 5.65281E+03
9.71000E-05 1.70269E+08 5.62956E+03
9.72000E-05 1.69569E+08 5.60643E+03
9.73000E-05 1.68873E+08 5.58342E+03
9.74000E-05 1.68181E+08 5.56053E+03
9.75000E-05 1.67492E+08 5.53775E+03
9.76000E-05 1.66807E+08 5.51509E+03
9.77000E-05 1.66125E+08 5.49254E+03
9.78000E-05 1.65446E+08 5.47011E+03
9.79000E-05 1.64771E+08 5.44780E+03
9.80000E-05 1.64100E+08 5.42559E+03
9.81000E-05 1.63432E+08 5.40351E+03
9.82000E-05 1.62767E+08 5.38153E+03
9.83000E-05 1.62106E+08 5.35966E+03
9.84000E-05 1.61448E+08 5.33791E+03
9.85000E-05 1.60793E+08 5.31627E+03
9.86000E-05 1.60142E+08 5.29473E+03
9.87000E-05 1.59494E+08 5.27331E+03
9.88000E-05 1.58849E+08 5.25199E+03
9.89000E-05 1.58208E+08 5.23078E+03
9.90000E-05 1.57569E+08 5.20968E+03
9.91000E-05 1.56934E+08 5.18868E+03
9.92000E-05 1.56303E+08 5.16779E+03
9.93000E-05 1.55674E+08 5.14701E+03
9.94000E-05 1.55048E+08 5.12632E+03
9.95000E-05 1.54426E+08 5.10575E+03
9.96000E-05 1.53807E+08 5.08527E+03
9.97000E-05 1.53191E+08 5.06490E+03
9.98000E-05 1.52578E+08 5.04463E+03
9.99000E-05 1.51968E+08 5.02446E+03
1.00000E-04 1.51361E+08 5.00440E+03
