#  FeatureSize(cm)    Fluence(mum2)   Dose(Gy)
1.00000E-07 3.02721E+20 1.00088E+16
2.00000E-07 1.89201E+19 6.25549E+14
3.00000E-07 3.73730E+18 1.23565E+14
4.00000E-07 1.18250E+18 3.90968E+13
5.00000E-07 4.84354E+17 1.60141E+13
6.00000E-07 2.33581E+17 7.72283E+12
7.00000E-07 1.26081E+17 4.16859E+12
8.00000E-07 7.39065E+16 2.44355E+12
9.00000E-07 4.61395E+16 1.52550E+12
1.00000E-06 3.02721E+16 1.00088E+12
1.10000E-06 2.06763E+16 6.83614E+11
1.20000E-06 1.45988E+16 4.82677E+11
1.30000E-06 1.05991E+16 3.50436E+11
1.40000E-06 7.88008E+15 2.60537E+11
1.50000E-06 5.97968E+15 1.97705E+11
1.60000E-06 4.61916E+15 1.52722E+11
1.70000E-06 3.62449E+15 1.19836E+11
1.80000E-06 2.88372E+15 9.53436E+10
1.90000E-06 2.32289E+15 7.68011E+10
2.00000E-06 1.89201E+15 6.25549E+10
2.10000E-06 1.55656E+15 5.14641E+10
2.20000E-06 1.29227E+15 4.27259E+10
2.30000E-06 1.08176E+15 3.57660E+10
2.40000E-06 9.12426E+14 3.01673E+10
2.50000E-06 7.74966E+14 2.56225E+10
2.60000E-06 6.62444E+14 2.19022E+10
2.70000E-06 5.69623E+14 1.88333E+10
2.80000E-06 4.92505E+14 1.62836E+10
2.90000E-06 4.28007E+14 1.41511E+10
3.00000E-06 3.73730E+14 1.23565E+10
3.10000E-06 3.27790E+14 1.08376E+10
3.20000E-06 2.88697E+14 9.54513E+09
3.30000E-06 2.55262E+14 8.43968E+09
3.40000E-06 2.26531E+14 7.48973E+09
3.50000E-06 2.01730E+14 6.66975E+09
3.60000E-06 1.80232E+14 5.95898E+09
3.70000E-06 1.61524E+14 5.34041E+09
3.80000E-06 1.45181E+14 4.80007E+09
3.90000E-06 1.30853E+14 4.32637E+09
4.00000E-06 1.18250E+14 3.90968E+09
4.10000E-06 1.07129E+14 3.54198E+09
4.20000E-06 9.72849E+13 3.21651E+09
4.30000E-06 8.85460E+13 2.92757E+09
4.40000E-06 8.07666E+13 2.67037E+09
4.50000E-06 7.38232E+13 2.44080E+09
4.60000E-06 6.76101E+13 2.23537E+09
4.70000E-06 6.20371E+13 2.05112E+09
4.80000E-06 5.70266E+13 1.88546E+09
4.90000E-06 5.25120E+13 1.73619E+09
5.00000E-06 4.84354E+13 1.60141E+09
5.10000E-06 4.47468E+13 1.47945E+09
5.20000E-06 4.14028E+13 1.36889E+09
5.30000E-06 3.83654E+13 1.26846E+09
5.40000E-06 3.56015E+13 1.17708E+09
5.50000E-06 3.30820E+13 1.09378E+09
5.60000E-06 3.07816E+13 1.01772E+09
5.70000E-06 2.86776E+13 9.48161E+08
5.80000E-06 2.67504E+13 8.84443E+08
5.90000E-06 2.49824E+13 8.25988E+08
6.00000E-06 2.33581E+13 7.72283E+08
6.10000E-06 2.18637E+13 7.22874E+08
6.20000E-06 2.04869E+13 6.77353E+08
6.30000E-06 1.92168E+13 6.35359E+08
6.40000E-06 1.80436E+13 5.96570E+08
6.50000E-06 1.69586E+13 5.60697E+08
6.60000E-06 1.59539E+13 5.27480E+08
6.70000E-06 1.50225E+13 4.96687E+08
6.80000E-06 1.41582E+13 4.68108E+08
6.90000E-06 1.33551E+13 4.41556E+08
7.00000E-06 1.26081E+13 4.16859E+08
7.10000E-06 1.19127E+13 3.93866E+08
7.20000E-06 1.12645E+13 3.72436E+08
7.30000E-06 1.06599E+13 3.52444E+08
7.40000E-06 1.00952E+13 3.33776E+08
7.50000E-06 9.56748E+12 3.16327E+08
7.60000E-06 9.07378E+12 3.00004E+08
7.70000E-06 8.61152E+12 2.84721E+08
7.80000E-06 8.17832E+12 2.70398E+08
7.90000E-06 7.77203E+12 2.56965E+08
8.00000E-06 7.39065E+12 2.44355E+08
8.10000E-06 7.03239E+12 2.32510E+08
8.20000E-06 6.69557E+12 2.21374E+08
8.30000E-06 6.37867E+12 2.10896E+08
8.40000E-06 6.08031E+12 2.01032E+08
8.50000E-06 5.79919E+12 1.91737E+08
8.60000E-06 5.53412E+12 1.82973E+08
8.70000E-06 5.28404E+12 1.74705E+08
8.80000E-06 5.04792E+12 1.66898E+08
8.90000E-06 4.82484E+12 1.59522E+08
9.00000E-06 4.61395E+12 1.52550E+08
9.10000E-06 4.41446E+12 1.45954E+08
9.20000E-06 4.22563E+12 1.39711E+08
9.30000E-06 4.04679E+12 1.33798E+08
9.40000E-06 3.87732E+12 1.28195E+08
9.50000E-06 3.71662E+12 1.22882E+08
9.60000E-06 3.56417E+12 1.17841E+08
9.70000E-06 3.41945E+12 1.13056E+08
9.80000E-06 3.28200E+12 1.08512E+08
9.90000E-06 3.15139E+12 1.04194E+08
1.00000E-05 3.02721E+12 1.00088E+08
1.01000E-05 2.90909E+12 9.61825E+07
1.02000E-05 2.79668E+12 9.24658E+07
1.03000E-05 2.68964E+12 8.89268E+07
1.04000E-05 2.58767E+12 8.55556E+07
1.05000E-05 2.49049E+12 8.23426E+07
1.06000E-05 2.39783E+12 7.92790E+07
1.07000E-05 2.30945E+12 7.63566E+07
1.08000E-05 2.22509E+12 7.35676E+07
1.09000E-05 2.14455E+12 7.09048E+07
1.10000E-05 2.06763E+12 6.83614E+07
1.11000E-05 1.99412E+12 6.59310E+07
1.12000E-05 1.92385E+12 6.36077E+07
1.13000E-05 1.85665E+12 6.13858E+07
1.14000E-05 1.79235E+12 5.92601E+07
1.15000E-05 1.73082E+12 5.72256E+07
1.16000E-05 1.67190E+12 5.52777E+07
1.17000E-05 1.61547E+12 5.34119E+07
1.18000E-05 1.56140E+12 5.16242E+07
1.19000E-05 1.50958E+12 4.99107E+07
1.20000E-05 1.45988E+12 4.82677E+07
1.21000E-05 1.41222E+12 4.66918E+07
1.22000E-05 1.36648E+12 4.51796E+07
1.23000E-05 1.32258E+12 4.37282E+07
1.24000E-05 1.28043E+12 4.23345E+07
1.25000E-05 1.23995E+12 4.09960E+07
1.26000E-05 1.20105E+12 3.97100E+07
1.27000E-05 1.16366E+12 3.84740E+07
1.28000E-05 1.12772E+12 3.72857E+07
1.29000E-05 1.09316E+12 3.61429E+07
1.30000E-05 1.05991E+12 3.50436E+07
1.31000E-05 1.02792E+12 3.39857E+07
1.32000E-05 9.97119E+11 3.29675E+07
1.33000E-05 9.67467E+11 3.19871E+07
1.34000E-05 9.38909E+11 3.10429E+07
1.35000E-05 9.11397E+11 3.01333E+07
1.36000E-05 8.84886E+11 2.92567E+07
1.37000E-05 8.59331E+11 2.84118E+07
1.38000E-05 8.34692E+11 2.75972E+07
1.39000E-05 8.10930E+11 2.68116E+07
1.40000E-05 7.88008E+11 2.60537E+07
1.41000E-05 7.65890E+11 2.53224E+07
1.42000E-05 7.44542E+11 2.46166E+07
1.43000E-05 7.23933E+11 2.39352E+07
1.44000E-05 7.04033E+11 2.32773E+07
1.45000E-05 6.84811E+11 2.26417E+07
1.46000E-05 6.66241E+11 2.20278E+07
1.47000E-05 6.48296E+11 2.14344E+07
1.48000E-05 6.30951E+11 2.08610E+07
1.49000E-05 6.14183E+11 2.03066E+07
1.50000E-05 5.97968E+11 1.97705E+07
1.51000E-05 5.82284E+11 1.92519E+07
1.52000E-05 5.67111E+11 1.87503E+07
1.53000E-05 5.52430E+11 1.82648E+07
1.54000E-05 5.38220E+11 1.77950E+07
1.55000E-05 5.24464E+11 1.73402E+07
1.56000E-05 5.11145E+11 1.68999E+07
1.57000E-05 4.98246E+11 1.64734E+07
1.58000E-05 4.85752E+11 1.60603E+07
1.59000E-05 4.73646E+11 1.56601E+07
1.60000E-05 4.61916E+11 1.52722E+07
1.61000E-05 4.50546E+11 1.48963E+07
1.62000E-05 4.39524E+11 1.45319E+07
1.63000E-05 4.28837E+11 1.41785E+07
1.64000E-05 4.18473E+11 1.38359E+07
1.65000E-05 4.08420E+11 1.35035E+07
1.66000E-05 3.98667E+11 1.31810E+07
1.67000E-05 3.89204E+11 1.28681E+07
1.68000E-05 3.80019E+11 1.25645E+07
1.69000E-05 3.71104E+11 1.22697E+07
1.70000E-05 3.62449E+11 1.19836E+07
1.71000E-05 3.54045E+11 1.17057E+07
1.72000E-05 3.45883E+11 1.14358E+07
1.73000E-05 3.37955E+11 1.11737E+07
1.74000E-05 3.30252E+11 1.09190E+07
1.75000E-05 3.22768E+11 1.06716E+07
1.76000E-05 3.15495E+11 1.04311E+07
1.77000E-05 3.08425E+11 1.01974E+07
1.78000E-05 3.01552E+11 9.97015E+06
1.79000E-05 2.94870E+11 9.74921E+06
1.80000E-05 2.88372E+11 9.53436E+06
1.81000E-05 2.82052E+11 9.32540E+06
1.82000E-05 2.75903E+11 9.12213E+06
1.83000E-05 2.69922E+11 8.92436E+06
1.84000E-05 2.64102E+11 8.73193E+06
1.85000E-05 2.58438E+11 8.54466E+06
1.86000E-05 2.52925E+11 8.36238E+06
1.87000E-05 2.47558E+11 8.18494E+06
1.88000E-05 2.42332E+11 8.01217E+06
1.89000E-05 2.37244E+11 7.84394E+06
1.90000E-05 2.32289E+11 7.68011E+06
1.91000E-05 2.27462E+11 7.52053E+06
1.92000E-05 2.22760E+11 7.36507E+06
1.93000E-05 2.18179E+11 7.21361E+06
1.94000E-05 2.13715E+11 7.06602E+06
1.95000E-05 2.09365E+11 6.92219E+06
1.96000E-05 2.05125E+11 6.78199E+06
1.97000E-05 2.00992E+11 6.64533E+06
1.98000E-05 1.96962E+11 6.51210E+06
1.99000E-05 1.93032E+11 6.38218E+06
2.00000E-05 1.89201E+11 6.25549E+06
2.01000E-05 1.85464E+11 6.13193E+06
2.02000E-05 1.81818E+11 6.01141E+06
2.03000E-05 1.78262E+11 5.89383E+06
2.04000E-05 1.74792E+11 5.77911E+06
2.05000E-05 1.71407E+11 5.66717E+06
2.06000E-05 1.68102E+11 5.55793E+06
2.07000E-05 1.64877E+11 5.45130E+06
2.08000E-05 1.61730E+11 5.34722E+06
2.09000E-05 1.58656E+11 5.24562E+06
2.10000E-05 1.55656E+11 5.14641E+06
2.11000E-05 1.52726E+11 5.04954E+06
2.12000E-05 1.49865E+11 4.95494E+06
2.13000E-05 1.47070E+11 4.86254E+06
2.14000E-05 1.44340E+11 4.77229E+06
2.15000E-05 1.41674E+11 4.68412E+06
2.16000E-05 1.39068E+11 4.59798E+06
2.17000E-05 1.36522E+11 4.51380E+06
2.18000E-05 1.34035E+11 4.43155E+06
2.19000E-05 1.31603E+11 4.35116E+06
2.20000E-05 1.29227E+11 4.27259E+06
2.21000E-05 1.26904E+11 4.19578E+06
2.22000E-05 1.24632E+11 4.12069E+06
2.23000E-05 1.22412E+11 4.04727E+06
2.24000E-05 1.20240E+11 3.97548E+06
2.25000E-05 1.18117E+11 3.90527E+06
2.26000E-05 1.16040E+11 3.83661E+06
2.27000E-05 1.14009E+11 3.76945E+06
2.28000E-05 1.12022E+11 3.70376E+06
2.29000E-05 1.10078E+11 3.63948E+06
2.30000E-05 1.08176E+11 3.57660E+06
2.31000E-05 1.06315E+11 3.51507E+06
2.32000E-05 1.04494E+11 3.45485E+06
2.33000E-05 1.02711E+11 3.39592E+06
2.34000E-05 1.00967E+11 3.33825E+06
2.35000E-05 9.92593E+10 3.28179E+06
2.36000E-05 9.75876E+10 3.22651E+06
2.37000E-05 9.59510E+10 3.17240E+06
2.38000E-05 9.43485E+10 3.11942E+06
2.39000E-05 9.27793E+10 3.06754E+06
2.40000E-05 9.12426E+10 3.01673E+06
2.41000E-05 8.97376E+10 2.96697E+06
2.42000E-05 8.82635E+10 2.91823E+06
2.43000E-05 8.68196E+10 2.87049E+06
2.44000E-05 8.54050E+10 2.82372E+06
2.45000E-05 8.40192E+10 2.77790E+06
2.46000E-05 8.26613E+10 2.73301E+06
2.47000E-05 8.13308E+10 2.68902E+06
2.48000E-05 8.00269E+10 2.64591E+06
2.49000E-05 7.87491E+10 2.60366E+06
2.50000E-05 7.74966E+10 2.56225E+06
2.51000E-05 7.62690E+10 2.52166E+06
2.52000E-05 7.50655E+10 2.48187E+06
2.53000E-05 7.38857E+10 2.44287E+06
2.54000E-05 7.27290E+10 2.40462E+06
2.55000E-05 7.15949E+10 2.36712E+06
2.56000E-05 7.04828E+10 2.33035E+06
2.57000E-05 6.93921E+10 2.29429E+06
2.58000E-05 6.83225E+10 2.25893E+06
2.59000E-05 6.72734E+10 2.22424E+06
2.60000E-05 6.62444E+10 2.19022E+06
2.61000E-05 6.52350E+10 2.15685E+06
2.62000E-05 6.42447E+10 2.12411E+06
2.63000E-05 6.32732E+10 2.09199E+06
2.64000E-05 6.23199E+10 2.06047E+06
2.65000E-05 6.13846E+10 2.02954E+06
2.66000E-05 6.04667E+10 1.99919E+06
2.67000E-05 5.95659E+10 1.96941E+06
2.68000E-05 5.86818E+10 1.94018E+06
2.69000E-05 5.78141E+10 1.91149E+06
2.70000E-05 5.69623E+10 1.88333E+06
2.71000E-05 5.61262E+10 1.85569E+06
2.72000E-05 5.53053E+10 1.82855E+06
2.73000E-05 5.44995E+10 1.80190E+06
2.74000E-05 5.37082E+10 1.77574E+06
2.75000E-05 5.29312E+10 1.75005E+06
2.76000E-05 5.21683E+10 1.72483E+06
2.77000E-05 5.14190E+10 1.70005E+06
2.78000E-05 5.06831E+10 1.67572E+06
2.79000E-05 4.99604E+10 1.65183E+06
2.80000E-05 4.92505E+10 1.62836E+06
2.81000E-05 4.85532E+10 1.60530E+06
2.82000E-05 4.78681E+10 1.58265E+06
2.83000E-05 4.71951E+10 1.56040E+06
2.84000E-05 4.65339E+10 1.53854E+06
2.85000E-05 4.58842E+10 1.51706E+06
2.86000E-05 4.52458E+10 1.49595E+06
2.87000E-05 4.46185E+10 1.47521E+06
2.88000E-05 4.40020E+10 1.45483E+06
2.89000E-05 4.33962E+10 1.43480E+06
2.90000E-05 4.28007E+10 1.41511E+06
2.91000E-05 4.22154E+10 1.39576E+06
2.92000E-05 4.16401E+10 1.37673E+06
2.93000E-05 4.10745E+10 1.35804E+06
2.94000E-05 4.05185E+10 1.33965E+06
2.95000E-05 3.99719E+10 1.32158E+06
2.96000E-05 3.94345E+10 1.30381E+06
2.97000E-05 3.89060E+10 1.28634E+06
2.98000E-05 3.83864E+10 1.26916E+06
2.99000E-05 3.78755E+10 1.25227E+06
3.00000E-05 3.73730E+10 1.23565E+06
3.01000E-05 3.68788E+10 1.21931E+06
3.02000E-05 3.63928E+10 1.20324E+06
3.03000E-05 3.59147E+10 1.18744E+06
3.04000E-05 3.54445E+10 1.17189E+06
3.05000E-05 3.49819E+10 1.15660E+06
3.06000E-05 3.45269E+10 1.14155E+06
3.07000E-05 3.40792E+10 1.12675E+06
3.08000E-05 3.36388E+10 1.11219E+06
3.09000E-05 3.32054E+10 1.09786E+06
3.10000E-05 3.27790E+10 1.08376E+06
3.11000E-05 3.23595E+10 1.06989E+06
3.12000E-05 3.19466E+10 1.05624E+06
3.13000E-05 3.15403E+10 1.04281E+06
3.14000E-05 3.11404E+10 1.02959E+06
3.15000E-05 3.07468E+10 1.01658E+06
3.16000E-05 3.03595E+10 1.00377E+06
3.17000E-05 2.99782E+10 9.91162E+05
3.18000E-05 2.96029E+10 9.78753E+05
3.19000E-05 2.92334E+10 9.66538E+05
3.20000E-05 2.88697E+10 9.54513E+05
3.21000E-05 2.85117E+10 9.42674E+05
3.22000E-05 2.81591E+10 9.31018E+05
3.23000E-05 2.78120E+10 9.19542E+05
3.24000E-05 2.74703E+10 9.08242E+05
3.25000E-05 2.71337E+10 8.97115E+05
3.26000E-05 2.68023E+10 8.86158E+05
3.27000E-05 2.64760E+10 8.75368E+05
3.28000E-05 2.61546E+10 8.64741E+05
3.29000E-05 2.58380E+10 8.54276E+05
3.30000E-05 2.55262E+10 8.43968E+05
3.31000E-05 2.52192E+10 8.33815E+05
3.32000E-05 2.49167E+10 8.23814E+05
3.33000E-05 2.46187E+10 8.13963E+05
3.34000E-05 2.43252E+10 8.04259E+05
3.35000E-05 2.40361E+10 7.94699E+05
3.36000E-05 2.37512E+10 7.85280E+05
3.37000E-05 2.34705E+10 7.76001E+05
3.38000E-05 2.31940E+10 7.66858E+05
3.39000E-05 2.29215E+10 7.57849E+05
3.40000E-05 2.26531E+10 7.48973E+05
3.41000E-05 2.23885E+10 7.40226E+05
3.42000E-05 2.21278E+10 7.31606E+05
3.43000E-05 2.18709E+10 7.23111E+05
3.44000E-05 2.16177E+10 7.14740E+05
3.45000E-05 2.13681E+10 7.06489E+05
3.46000E-05 2.11222E+10 6.98357E+05
3.47000E-05 2.08797E+10 6.90341E+05
3.48000E-05 2.06408E+10 6.82440E+05
3.49000E-05 2.04052E+10 6.74652E+05
3.50000E-05 2.01730E+10 6.66975E+05
3.51000E-05 1.99441E+10 6.59406E+05
3.52000E-05 1.97184E+10 6.51945E+05
3.53000E-05 1.94959E+10 6.44589E+05
3.54000E-05 1.92766E+10 6.37336E+05
3.55000E-05 1.90603E+10 6.30185E+05
3.56000E-05 1.88470E+10 6.23134E+05
3.57000E-05 1.86367E+10 6.16182E+05
3.58000E-05 1.84294E+10 6.09326E+05
3.59000E-05 1.82249E+10 6.02565E+05
3.60000E-05 1.80232E+10 5.95898E+05
3.61000E-05 1.78244E+10 5.89322E+05
3.62000E-05 1.76282E+10 5.82837E+05
3.63000E-05 1.74348E+10 5.76441E+05
3.64000E-05 1.72440E+10 5.70133E+05
3.65000E-05 1.70558E+10 5.63911E+05
3.66000E-05 1.68701E+10 5.57773E+05
3.67000E-05 1.66870E+10 5.51718E+05
3.68000E-05 1.65064E+10 5.45746E+05
3.69000E-05 1.63282E+10 5.39854E+05
3.70000E-05 1.61524E+10 5.34041E+05
3.71000E-05 1.59789E+10 5.28307E+05
3.72000E-05 1.58078E+10 5.22649E+05
3.73000E-05 1.56389E+10 5.17066E+05
3.74000E-05 1.54724E+10 5.11558E+05
3.75000E-05 1.53080E+10 5.06124E+05
3.76000E-05 1.51458E+10 5.00761E+05
3.77000E-05 1.49857E+10 4.95469E+05
3.78000E-05 1.48278E+10 4.90246E+05
3.79000E-05 1.46719E+10 4.85093E+05
3.80000E-05 1.45181E+10 4.80007E+05
3.81000E-05 1.43662E+10 4.74987E+05
3.82000E-05 1.42164E+10 4.70033E+05
3.83000E-05 1.40685E+10 4.65143E+05
3.84000E-05 1.39225E+10 4.60317E+05
3.85000E-05 1.37784E+10 4.55553E+05
3.86000E-05 1.36362E+10 4.50850E+05
3.87000E-05 1.34958E+10 4.46208E+05
3.88000E-05 1.33572E+10 4.41626E+05
3.89000E-05 1.32204E+10 4.37102E+05
3.90000E-05 1.30853E+10 4.32637E+05
3.91000E-05 1.29520E+10 4.28228E+05
3.92000E-05 1.28203E+10 4.23875E+05
3.93000E-05 1.26903E+10 4.19577E+05
3.94000E-05 1.25620E+10 4.15333E+05
3.95000E-05 1.24352E+10 4.11143E+05
3.96000E-05 1.23101E+10 4.07006E+05
3.97000E-05 1.21865E+10 4.02921E+05
3.98000E-05 1.20645E+10 3.98887E+05
3.99000E-05 1.19440E+10 3.94903E+05
4.00000E-05 1.18250E+10 3.90968E+05
4.01000E-05 1.17075E+10 3.87083E+05
4.02000E-05 1.15915E+10 3.83246E+05
4.03000E-05 1.14768E+10 3.79456E+05
4.04000E-05 1.13636E+10 3.75713E+05
4.05000E-05 1.12518E+10 3.72016E+05
4.06000E-05 1.11414E+10 3.68364E+05
4.07000E-05 1.10323E+10 3.64757E+05
4.08000E-05 1.09245E+10 3.61194E+05
4.09000E-05 1.08181E+10 3.57675E+05
4.10000E-05 1.07129E+10 3.54198E+05
4.11000E-05 1.06090E+10 3.50763E+05
4.12000E-05 1.05064E+10 3.47370E+05
4.13000E-05 1.04050E+10 3.44018E+05
4.14000E-05 1.03048E+10 3.40706E+05
4.15000E-05 1.02059E+10 3.37434E+05
4.16000E-05 1.01081E+10 3.34201E+05
4.17000E-05 1.00115E+10 3.31007E+05
4.18000E-05 9.91602E+09 3.27851E+05
4.19000E-05 9.82170E+09 3.24732E+05
4.20000E-05 9.72849E+09 3.21651E+05
4.21000E-05 9.63639E+09 3.18606E+05
4.22000E-05 9.54537E+09 3.15596E+05
4.23000E-05 9.45543E+09 3.12622E+05
4.24000E-05 9.36654E+09 3.09684E+05
4.25000E-05 9.27870E+09 3.06779E+05
4.26000E-05 9.19188E+09 3.03909E+05
4.27000E-05 9.10608E+09 3.01072E+05
4.28000E-05 9.02127E+09 2.98268E+05
4.29000E-05 8.93745E+09 2.95497E+05
4.30000E-05 8.85460E+09 2.92757E+05
4.31000E-05 8.77271E+09 2.90050E+05
4.32000E-05 8.69176E+09 2.87373E+05
4.33000E-05 8.61174E+09 2.84728E+05
4.34000E-05 8.53265E+09 2.82113E+05
4.35000E-05 8.45446E+09 2.79528E+05
4.36000E-05 8.37716E+09 2.76972E+05
4.37000E-05 8.30074E+09 2.74445E+05
4.38000E-05 8.22520E+09 2.71948E+05
4.39000E-05 8.15051E+09 2.69478E+05
4.40000E-05 8.07666E+09 2.67037E+05
4.41000E-05 8.00366E+09 2.64623E+05
4.42000E-05 7.93147E+09 2.62236E+05
4.43000E-05 7.86010E+09 2.59876E+05
4.44000E-05 7.78952E+09 2.57543E+05
4.45000E-05 7.71974E+09 2.55236E+05
4.46000E-05 7.65074E+09 2.52954E+05
4.47000E-05 7.58250E+09 2.50698E+05
4.48000E-05 7.51503E+09 2.48468E+05
4.49000E-05 7.44830E+09 2.46261E+05
4.50000E-05 7.38232E+09 2.44080E+05
4.51000E-05 7.31706E+09 2.41922E+05
4.52000E-05 7.25252E+09 2.39788E+05
4.53000E-05 7.18869E+09 2.37678E+05
4.54000E-05 7.12557E+09 2.35591E+05
4.55000E-05 7.06313E+09 2.33526E+05
4.56000E-05 7.00138E+09 2.31485E+05
4.57000E-05 6.94030E+09 2.29465E+05
4.58000E-05 6.87988E+09 2.27468E+05
4.59000E-05 6.82012E+09 2.25492E+05
4.60000E-05 6.76101E+09 2.23537E+05
4.61000E-05 6.70253E+09 2.21604E+05
4.62000E-05 6.64469E+09 2.19692E+05
4.63000E-05 6.58747E+09 2.17800E+05
4.64000E-05 6.53087E+09 2.15928E+05
4.65000E-05 6.47487E+09 2.14077E+05
4.66000E-05 6.41947E+09 2.12245E+05
4.67000E-05 6.36466E+09 2.10433E+05
4.68000E-05 6.31044E+09 2.08640E+05
4.69000E-05 6.25679E+09 2.06867E+05
4.70000E-05 6.20371E+09 2.05112E+05
4.71000E-05 6.15119E+09 2.03375E+05
4.72000E-05 6.09923E+09 2.01657E+05
4.73000E-05 6.04781E+09 1.99957E+05
4.74000E-05 5.99694E+09 1.98275E+05
4.75000E-05 5.94659E+09 1.96611E+05
4.76000E-05 5.89678E+09 1.94964E+05
4.77000E-05 5.84749E+09 1.93334E+05
4.78000E-05 5.79871E+09 1.91721E+05
4.79000E-05 5.75043E+09 1.90125E+05
4.80000E-05 5.70266E+09 1.88546E+05
4.81000E-05 5.65539E+09 1.86983E+05
4.82000E-05 5.60860E+09 1.85436E+05
4.83000E-05 5.56230E+09 1.83905E+05
4.84000E-05 5.51647E+09 1.82390E+05
4.85000E-05 5.47111E+09 1.80890E+05
4.86000E-05 5.42622E+09 1.79406E+05
4.87000E-05 5.38179E+09 1.77937E+05
4.88000E-05 5.33781E+09 1.76483E+05
4.89000E-05 5.29428E+09 1.75044E+05
4.90000E-05 5.25120E+09 1.73619E+05
4.91000E-05 5.20855E+09 1.72209E+05
4.92000E-05 5.16633E+09 1.70813E+05
4.93000E-05 5.12454E+09 1.69431E+05
4.94000E-05 5.08317E+09 1.68064E+05
4.95000E-05 5.04222E+09 1.66710E+05
4.96000E-05 5.00168E+09 1.65369E+05
4.97000E-05 4.96155E+09 1.64042E+05
4.98000E-05 4.92182E+09 1.62729E+05
4.99000E-05 4.88248E+09 1.61428E+05
5.00000E-05 4.84354E+09 1.60141E+05
5.01000E-05 4.80498E+09 1.58866E+05
5.02000E-05 4.76681E+09 1.57604E+05
5.03000E-05 4.72902E+09 1.56354E+05
5.04000E-05 4.69160E+09 1.55117E+05
5.05000E-05 4.65454E+09 1.53892E+05
5.06000E-05 4.61786E+09 1.52679E+05
5.07000E-05 4.58153E+09 1.51478E+05
5.08000E-05 4.54557E+09 1.50289E+05
5.09000E-05 4.50995E+09 1.49111E+05
5.10000E-05 4.47468E+09 1.47945E+05
5.11000E-05 4.43976E+09 1.46791E+05
5.12000E-05 4.40517E+09 1.45647E+05
5.13000E-05 4.37092E+09 1.44515E+05
5.14000E-05 4.33701E+09 1.43393E+05
5.15000E-05 4.30342E+09 1.42283E+05
5.16000E-05 4.27016E+09 1.41183E+05
5.17000E-05 4.23722E+09 1.40094E+05
5.18000E-05 4.20459E+09 1.39015E+05
5.19000E-05 4.17228E+09 1.37947E+05
5.20000E-05 4.14028E+09 1.36889E+05
5.21000E-05 4.10858E+09 1.35841E+05
5.22000E-05 4.07719E+09 1.34803E+05
5.23000E-05 4.04609E+09 1.33775E+05
5.24000E-05 4.01530E+09 1.32757E+05
5.25000E-05 3.98479E+09 1.31748E+05
5.26000E-05 3.95457E+09 1.30749E+05
5.27000E-05 3.92464E+09 1.29760E+05
5.28000E-05 3.89500E+09 1.28779E+05
5.29000E-05 3.86563E+09 1.27808E+05
5.30000E-05 3.83654E+09 1.26846E+05
5.31000E-05 3.80772E+09 1.25894E+05
5.32000E-05 3.77917E+09 1.24950E+05
5.33000E-05 3.75089E+09 1.24015E+05
5.34000E-05 3.72287E+09 1.23088E+05
5.35000E-05 3.69511E+09 1.22171E+05
5.36000E-05 3.66761E+09 1.21261E+05
5.37000E-05 3.64037E+09 1.20361E+05
5.38000E-05 3.61338E+09 1.19468E+05
5.39000E-05 3.58664E+09 1.18584E+05
5.40000E-05 3.56015E+09 1.17708E+05
5.41000E-05 3.53390E+09 1.16840E+05
5.42000E-05 3.50789E+09 1.15980E+05
5.43000E-05 3.48212E+09 1.15128E+05
5.44000E-05 3.45658E+09 1.14284E+05
5.45000E-05 3.43128E+09 1.13448E+05
5.46000E-05 3.40622E+09 1.12619E+05
5.47000E-05 3.38138E+09 1.11798E+05
5.48000E-05 3.35676E+09 1.10984E+05
5.49000E-05 3.33237E+09 1.10177E+05
5.50000E-05 3.30820E+09 1.09378E+05
5.51000E-05 3.28425E+09 1.08586E+05
5.52000E-05 3.26052E+09 1.07802E+05
5.53000E-05 3.23700E+09 1.07024E+05
5.54000E-05 3.21369E+09 1.06253E+05
5.55000E-05 3.19059E+09 1.05490E+05
5.56000E-05 3.16770E+09 1.04733E+05
5.57000E-05 3.14501E+09 1.03983E+05
5.58000E-05 3.12253E+09 1.03239E+05
5.59000E-05 3.10024E+09 1.02502E+05
5.60000E-05 3.07816E+09 1.01772E+05
5.61000E-05 3.05627E+09 1.01049E+05
5.62000E-05 3.03457E+09 1.00331E+05
5.63000E-05 3.01307E+09 9.96204E+04
5.64000E-05 2.99176E+09 9.89157E+04
5.65000E-05 2.97063E+09 9.82173E+04
5.66000E-05 2.94969E+09 9.75250E+04
5.67000E-05 2.92894E+09 9.68388E+04
5.68000E-05 2.90837E+09 9.61586E+04
5.69000E-05 2.88798E+09 9.54844E+04
5.70000E-05 2.86776E+09 9.48161E+04
5.71000E-05 2.84773E+09 9.41537E+04
5.72000E-05 2.82786E+09 9.34970E+04
5.73000E-05 2.80818E+09 9.28460E+04
5.74000E-05 2.78866E+09 9.22007E+04
5.75000E-05 2.76931E+09 9.15609E+04
5.76000E-05 2.75013E+09 9.09268E+04
5.77000E-05 2.73111E+09 9.02981E+04
5.78000E-05 2.71226E+09 8.96748E+04
5.79000E-05 2.69357E+09 8.90569E+04
5.80000E-05 2.67504E+09 8.84443E+04
5.81000E-05 2.65667E+09 8.78369E+04
5.82000E-05 2.63846E+09 8.72348E+04
5.83000E-05 2.62041E+09 8.66378E+04
5.84000E-05 2.60250E+09 8.60459E+04
5.85000E-05 2.58475E+09 8.54591E+04
5.86000E-05 2.56716E+09 8.48772E+04
5.87000E-05 2.54971E+09 8.43003E+04
5.88000E-05 2.53241E+09 8.37283E+04
5.89000E-05 2.51525E+09 8.31611E+04
5.90000E-05 2.49824E+09 8.25988E+04
5.91000E-05 2.48138E+09 8.20412E+04
5.92000E-05 2.46465E+09 8.14882E+04
5.93000E-05 2.44807E+09 8.09399E+04
5.94000E-05 2.43163E+09 8.03963E+04
5.95000E-05 2.41532E+09 7.98571E+04
5.96000E-05 2.39915E+09 7.93225E+04
5.97000E-05 2.38312E+09 7.87924E+04
5.98000E-05 2.36722E+09 7.82667E+04
5.99000E-05 2.35145E+09 7.77453E+04
6.00000E-05 2.33581E+09 7.72283E+04
6.01000E-05 2.32030E+09 7.67156E+04
6.02000E-05 2.30492E+09 7.62071E+04
6.03000E-05 2.28967E+09 7.57029E+04
6.04000E-05 2.27455E+09 7.52028E+04
6.05000E-05 2.25955E+09 7.47068E+04
6.06000E-05 2.24467E+09 7.42149E+04
6.07000E-05 2.22991E+09 7.37271E+04
6.08000E-05 2.21528E+09 7.32432E+04
6.09000E-05 2.20076E+09 7.27633E+04
6.10000E-05 2.18637E+09 7.22874E+04
6.11000E-05 2.17209E+09 7.18153E+04
6.12000E-05 2.15793E+09 7.13470E+04
6.13000E-05 2.14388E+09 7.08826E+04
6.14000E-05 2.12995E+09 7.04220E+04
6.15000E-05 2.11613E+09 6.99651E+04
6.16000E-05 2.10242E+09 6.95118E+04
6.17000E-05 2.08883E+09 6.90623E+04
6.18000E-05 2.07534E+09 6.86164E+04
6.19000E-05 2.06196E+09 6.81740E+04
6.20000E-05 2.04869E+09 6.77353E+04
6.21000E-05 2.03552E+09 6.73000E+04
6.22000E-05 2.02247E+09 6.68683E+04
6.23000E-05 2.00951E+09 6.64400E+04
6.24000E-05 1.99666E+09 6.60151E+04
6.25000E-05 1.98391E+09 6.55936E+04
6.26000E-05 1.97127E+09 6.51755E+04
6.27000E-05 1.95872E+09 6.47607E+04
6.28000E-05 1.94627E+09 6.43492E+04
6.29000E-05 1.93393E+09 6.39409E+04
6.30000E-05 1.92168E+09 6.35359E+04
6.31000E-05 1.90952E+09 6.31341E+04
6.32000E-05 1.89747E+09 6.27355E+04
6.33000E-05 1.88551E+09 6.23400E+04
6.34000E-05 1.87364E+09 6.19476E+04
6.35000E-05 1.86186E+09 6.15583E+04
6.36000E-05 1.85018E+09 6.11721E+04
6.37000E-05 1.83859E+09 6.07889E+04
6.38000E-05 1.82709E+09 6.04086E+04
6.39000E-05 1.81568E+09 6.00314E+04
6.40000E-05 1.80436E+09 5.96570E+04
6.41000E-05 1.79313E+09 5.92856E+04
6.42000E-05 1.78198E+09 5.89171E+04
6.43000E-05 1.77092E+09 5.85515E+04
6.44000E-05 1.75995E+09 5.81886E+04
6.45000E-05 1.74906E+09 5.78286E+04
6.46000E-05 1.73825E+09 5.74714E+04
6.47000E-05 1.72753E+09 5.71169E+04
6.48000E-05 1.71689E+09 5.67651E+04
6.49000E-05 1.70633E+09 5.64161E+04
6.50000E-05 1.69586E+09 5.60697E+04
6.51000E-05 1.68546E+09 5.57260E+04
6.52000E-05 1.67514E+09 5.53849E+04
6.53000E-05 1.66491E+09 5.50464E+04
6.54000E-05 1.65475E+09 5.47105E+04
6.55000E-05 1.64467E+09 5.43772E+04
6.56000E-05 1.63466E+09 5.40463E+04
6.57000E-05 1.62473E+09 5.37180E+04
6.58000E-05 1.61488E+09 5.33922E+04
6.59000E-05 1.60510E+09 5.30689E+04
6.60000E-05 1.59539E+09 5.27480E+04
6.61000E-05 1.58576E+09 5.24295E+04
6.62000E-05 1.57620E+09 5.21134E+04
6.63000E-05 1.56671E+09 5.17997E+04
6.64000E-05 1.55729E+09 5.14884E+04
6.65000E-05 1.54795E+09 5.11794E+04
6.66000E-05 1.53867E+09 5.08727E+04
6.67000E-05 1.52946E+09 5.05683E+04
6.68000E-05 1.52033E+09 5.02662E+04
6.69000E-05 1.51126E+09 4.99663E+04
6.70000E-05 1.50225E+09 4.96687E+04
6.71000E-05 1.49332E+09 4.93732E+04
6.72000E-05 1.48445E+09 4.90800E+04
6.73000E-05 1.47565E+09 4.87889E+04
6.74000E-05 1.46691E+09 4.85000E+04
6.75000E-05 1.45824E+09 4.82133E+04
6.76000E-05 1.44963E+09 4.79286E+04
6.77000E-05 1.44108E+09 4.76461E+04
6.78000E-05 1.43260E+09 4.73656E+04
6.79000E-05 1.42418E+09 4.70872E+04
6.80000E-05 1.41582E+09 4.68108E+04
6.81000E-05 1.40752E+09 4.65364E+04
6.82000E-05 1.39928E+09 4.62641E+04
6.83000E-05 1.39111E+09 4.59938E+04
6.84000E-05 1.38299E+09 4.57254E+04
6.85000E-05 1.37493E+09 4.54589E+04
6.86000E-05 1.36693E+09 4.51945E+04
6.87000E-05 1.35899E+09 4.49319E+04
6.88000E-05 1.35110E+09 4.46712E+04
6.89000E-05 1.34328E+09 4.44125E+04
6.90000E-05 1.33551E+09 4.41556E+04
6.91000E-05 1.32779E+09 4.39005E+04
6.92000E-05 1.32014E+09 4.36473E+04
6.93000E-05 1.31253E+09 4.33959E+04
6.94000E-05 1.30498E+09 4.31463E+04
6.95000E-05 1.29749E+09 4.28985E+04
6.96000E-05 1.29005E+09 4.26525E+04
6.97000E-05 1.28266E+09 4.24083E+04
6.98000E-05 1.27533E+09 4.21658E+04
6.99000E-05 1.26804E+09 4.19250E+04
7.00000E-05 1.26081E+09 4.16859E+04
7.01000E-05 1.25363E+09 4.14486E+04
7.02000E-05 1.24651E+09 4.12129E+04
7.03000E-05 1.23943E+09 4.09789E+04
7.04000E-05 1.23240E+09 4.07466E+04
7.05000E-05 1.22542E+09 4.05159E+04
7.06000E-05 1.21850E+09 4.02868E+04
7.07000E-05 1.21162E+09 4.00594E+04
7.08000E-05 1.20479E+09 3.98335E+04
7.09000E-05 1.19800E+09 3.96093E+04
7.10000E-05 1.19127E+09 3.93866E+04
7.11000E-05 1.18458E+09 3.91655E+04
7.12000E-05 1.17794E+09 3.89459E+04
7.13000E-05 1.17134E+09 3.87279E+04
7.14000E-05 1.16480E+09 3.85114E+04
7.15000E-05 1.15829E+09 3.82964E+04
7.16000E-05 1.15184E+09 3.80829E+04
7.17000E-05 1.14542E+09 3.78708E+04
7.18000E-05 1.13906E+09 3.76603E+04
7.19000E-05 1.13273E+09 3.74512E+04
7.20000E-05 1.12645E+09 3.72436E+04
7.21000E-05 1.12022E+09 3.70374E+04
7.22000E-05 1.11402E+09 3.68326E+04
7.23000E-05 1.10787E+09 3.66293E+04
7.24000E-05 1.10176E+09 3.64273E+04
7.25000E-05 1.09570E+09 3.62268E+04
7.26000E-05 1.08967E+09 3.60276E+04
7.27000E-05 1.08369E+09 3.58298E+04
7.28000E-05 1.07775E+09 3.56333E+04
7.29000E-05 1.07185E+09 3.54382E+04
7.30000E-05 1.06599E+09 3.52444E+04
7.31000E-05 1.06016E+09 3.50519E+04
7.32000E-05 1.05438E+09 3.48608E+04
7.33000E-05 1.04864E+09 3.46710E+04
7.34000E-05 1.04294E+09 3.44824E+04
7.35000E-05 1.03727E+09 3.42951E+04
7.36000E-05 1.03165E+09 3.41091E+04
7.37000E-05 1.02606E+09 3.39244E+04
7.38000E-05 1.02051E+09 3.37409E+04
7.39000E-05 1.01500E+09 3.35586E+04
7.40000E-05 1.00952E+09 3.33776E+04
7.41000E-05 1.00408E+09 3.31978E+04
7.42000E-05 9.98682E+08 3.30192E+04
7.43000E-05 9.93316E+08 3.28418E+04
7.44000E-05 9.87986E+08 3.26655E+04
7.45000E-05 9.82693E+08 3.24905E+04
7.46000E-05 9.77434E+08 3.23167E+04
7.47000E-05 9.72211E+08 3.21440E+04
7.48000E-05 9.67022E+08 3.19724E+04
7.49000E-05 9.61868E+08 3.18020E+04
7.50000E-05 9.56748E+08 3.16327E+04
7.51000E-05 9.51663E+08 3.14646E+04
7.52000E-05 9.46611E+08 3.12975E+04
7.53000E-05 9.41592E+08 3.11316E+04
7.54000E-05 9.36607E+08 3.09668E+04
7.55000E-05 9.31655E+08 3.08031E+04
7.56000E-05 9.26735E+08 3.06404E+04
7.57000E-05 9.21848E+08 3.04788E+04
7.58000E-05 9.16993E+08 3.03183E+04
7.59000E-05 9.12170E+08 3.01588E+04
7.60000E-05 9.07378E+08 3.00004E+04
7.61000E-05 9.02618E+08 2.98430E+04
7.62000E-05 8.97889E+08 2.96867E+04
7.63000E-05 8.93192E+08 2.95314E+04
7.64000E-05 8.88524E+08 2.93771E+04
7.65000E-05 8.83888E+08 2.92237E+04
7.66000E-05 8.79281E+08 2.90714E+04
7.67000E-05 8.74704E+08 2.89201E+04
7.68000E-05 8.70157E+08 2.87698E+04
7.69000E-05 8.65640E+08 2.86204E+04
7.70000E-05 8.61152E+08 2.84721E+04
7.71000E-05 8.56693E+08 2.83246E+04
7.72000E-05 8.52263E+08 2.81781E+04
7.73000E-05 8.47861E+08 2.80326E+04
7.74000E-05 8.43488E+08 2.78880E+04
7.75000E-05 8.39143E+08 2.77444E+04
7.76000E-05 8.34826E+08 2.76016E+04
7.77000E-05 8.30536E+08 2.74598E+04
7.78000E-05 8.26275E+08 2.73189E+04
7.79000E-05 8.22040E+08 2.71789E+04
7.80000E-05 8.17832E+08 2.70398E+04
7.81000E-05 8.13652E+08 2.69016E+04
7.82000E-05 8.09498E+08 2.67642E+04
7.83000E-05 8.05370E+08 2.66278E+04
7.84000E-05 8.01269E+08 2.64922E+04
7.85000E-05 7.97194E+08 2.63574E+04
7.86000E-05 7.93145E+08 2.62235E+04
7.87000E-05 7.89121E+08 2.60905E+04
7.88000E-05 7.85123E+08 2.59583E+04
7.89000E-05 7.81151E+08 2.58270E+04
7.90000E-05 7.77203E+08 2.56965E+04
7.91000E-05 7.73280E+08 2.55668E+04
7.92000E-05 7.69382E+08 2.54379E+04
7.93000E-05 7.65508E+08 2.53098E+04
7.94000E-05 7.61659E+08 2.51825E+04
7.95000E-05 7.57834E+08 2.50561E+04
7.96000E-05 7.54033E+08 2.49304E+04
7.97000E-05 7.50256E+08 2.48055E+04
7.98000E-05 7.46502E+08 2.46814E+04
7.99000E-05 7.42772E+08 2.45581E+04
8.00000E-05 7.39065E+08 2.44355E+04
8.01000E-05 7.35381E+08 2.43137E+04
8.02000E-05 7.31721E+08 2.41927E+04
8.03000E-05 7.28082E+08 2.40724E+04
8.04000E-05 7.24467E+08 2.39529E+04
8.05000E-05 7.20874E+08 2.38341E+04
8.06000E-05 7.17303E+08 2.37160E+04
8.07000E-05 7.13754E+08 2.35987E+04
8.08000E-05 7.10227E+08 2.34821E+04
8.09000E-05 7.06722E+08 2.33662E+04
8.10000E-05 7.03239E+08 2.32510E+04
8.11000E-05 6.99776E+08 2.31365E+04
8.12000E-05 6.96336E+08 2.30228E+04
8.13000E-05 6.92916E+08 2.29097E+04
8.14000E-05 6.89517E+08 2.27973E+04
8.15000E-05 6.86139E+08 2.26857E+04
8.16000E-05 6.82782E+08 2.25747E+04
8.17000E-05 6.79445E+08 2.24643E+04
8.18000E-05 6.76129E+08 2.23547E+04
8.19000E-05 6.72833E+08 2.22457E+04
8.20000E-05 6.69557E+08 2.21374E+04
8.21000E-05 6.66300E+08 2.20297E+04
8.22000E-05 6.63064E+08 2.19227E+04
8.23000E-05 6.59847E+08 2.18164E+04
8.24000E-05 6.56650E+08 2.17106E+04
8.25000E-05 6.53472E+08 2.16056E+04
8.26000E-05 6.50313E+08 2.15011E+04
8.27000E-05 6.47173E+08 2.13973E+04
8.28000E-05 6.44053E+08 2.12942E+04
8.29000E-05 6.40951E+08 2.11916E+04
8.30000E-05 6.37867E+08 2.10896E+04
8.31000E-05 6.34803E+08 2.09883E+04
8.32000E-05 6.31756E+08 2.08876E+04
8.33000E-05 6.28728E+08 2.07875E+04
8.34000E-05 6.25718E+08 2.06880E+04
8.35000E-05 6.22726E+08 2.05890E+04
8.36000E-05 6.19752E+08 2.04907E+04
8.37000E-05 6.16795E+08 2.03929E+04
8.38000E-05 6.13856E+08 2.02958E+04
8.39000E-05 6.10935E+08 2.01992E+04
8.40000E-05 6.08031E+08 2.01032E+04
8.41000E-05 6.05144E+08 2.00077E+04
8.42000E-05 6.02274E+08 1.99128E+04
8.43000E-05 5.99422E+08 1.98185E+04
8.44000E-05 5.96586E+08 1.97248E+04
8.45000E-05 5.93767E+08 1.96316E+04
8.46000E-05 5.90964E+08 1.95389E+04
8.47000E-05 5.88178E+08 1.94468E+04
8.48000E-05 5.85409E+08 1.93552E+04
8.49000E-05 5.82656E+08 1.92642E+04
8.50000E-05 5.79919E+08 1.91737E+04
8.51000E-05 5.77198E+08 1.90837E+04
8.52000E-05 5.74492E+08 1.89943E+04
8.53000E-05 5.71803E+08 1.89054E+04
8.54000E-05 5.69130E+08 1.88170E+04
8.55000E-05 5.66472E+08 1.87291E+04
8.56000E-05 5.63829E+08 1.86417E+04
8.57000E-05 5.61202E+08 1.85549E+04
8.58000E-05 5.58591E+08 1.84685E+04
8.59000E-05 5.55994E+08 1.83827E+04
8.60000E-05 5.53412E+08 1.82973E+04
8.61000E-05 5.50846E+08 1.82125E+04
8.62000E-05 5.48294E+08 1.81281E+04
8.63000E-05 5.45757E+08 1.80442E+04
8.64000E-05 5.43235E+08 1.79608E+04
8.65000E-05 5.40727E+08 1.78779E+04
8.66000E-05 5.38234E+08 1.77955E+04
8.67000E-05 5.35755E+08 1.77135E+04
8.68000E-05 5.33290E+08 1.76320E+04
8.69000E-05 5.30840E+08 1.75510E+04
8.70000E-05 5.28404E+08 1.74705E+04
8.71000E-05 5.25981E+08 1.73904E+04
8.72000E-05 5.23572E+08 1.73107E+04
8.73000E-05 5.21178E+08 1.72316E+04
8.74000E-05 5.18796E+08 1.71528E+04
8.75000E-05 5.16429E+08 1.70746E+04
8.76000E-05 5.14075E+08 1.69967E+04
8.77000E-05 5.11734E+08 1.69193E+04
8.78000E-05 5.09407E+08 1.68424E+04
8.79000E-05 5.07093E+08 1.67659E+04
8.80000E-05 5.04792E+08 1.66898E+04
8.81000E-05 5.02504E+08 1.66141E+04
8.82000E-05 5.00228E+08 1.65389E+04
8.83000E-05 4.97966E+08 1.64641E+04
8.84000E-05 4.95717E+08 1.63898E+04
8.85000E-05 4.93480E+08 1.63158E+04
8.86000E-05 4.91256E+08 1.62423E+04
8.87000E-05 4.89044E+08 1.61691E+04
8.88000E-05 4.86845E+08 1.60964E+04
8.89000E-05 4.84658E+08 1.60241E+04
8.90000E-05 4.82484E+08 1.59522E+04
8.91000E-05 4.80321E+08 1.58807E+04
8.92000E-05 4.78171E+08 1.58096E+04
8.93000E-05 4.76033E+08 1.57390E+04
8.94000E-05 4.73906E+08 1.56687E+04
8.95000E-05 4.71792E+08 1.55987E+04
8.96000E-05 4.69689E+08 1.55292E+04
8.97000E-05 4.67598E+08 1.54601E+04
8.98000E-05 4.65519E+08 1.53913E+04
8.99000E-05 4.63451E+08 1.53230E+04
9.00000E-05 4.61395E+08 1.52550E+04
9.01000E-05 4.59350E+08 1.51874E+04
9.02000E-05 4.57316E+08 1.51201E+04
9.03000E-05 4.55294E+08 1.50533E+04
9.04000E-05 4.53283E+08 1.49868E+04
9.05000E-05 4.51282E+08 1.49206E+04
9.06000E-05 4.49293E+08 1.48549E+04
9.07000E-05 4.47315E+08 1.47895E+04
9.08000E-05 4.45348E+08 1.47244E+04
9.09000E-05 4.43391E+08 1.46597E+04
9.10000E-05 4.41446E+08 1.45954E+04
9.11000E-05 4.39510E+08 1.45314E+04
9.12000E-05 4.37586E+08 1.44678E+04
9.13000E-05 4.35672E+08 1.44045E+04
9.14000E-05 4.33768E+08 1.43416E+04
9.15000E-05 4.31875E+08 1.42790E+04
9.16000E-05 4.29992E+08 1.42167E+04
9.17000E-05 4.28120E+08 1.41548E+04
9.18000E-05 4.26257E+08 1.40932E+04
9.19000E-05 4.24405E+08 1.40320E+04
9.20000E-05 4.22563E+08 1.39711E+04
9.21000E-05 4.20731E+08 1.39105E+04
9.22000E-05 4.18908E+08 1.38503E+04
9.23000E-05 4.17096E+08 1.37903E+04
9.24000E-05 4.15293E+08 1.37307E+04
9.25000E-05 4.13500E+08 1.36715E+04
9.26000E-05 4.11717E+08 1.36125E+04
9.27000E-05 4.09943E+08 1.35539E+04
9.28000E-05 4.08179E+08 1.34955E+04
9.29000E-05 4.06425E+08 1.34375E+04
9.30000E-05 4.04679E+08 1.33798E+04
9.31000E-05 4.02943E+08 1.33224E+04
9.32000E-05 4.01217E+08 1.32653E+04
9.33000E-05 3.99499E+08 1.32085E+04
9.34000E-05 3.97791E+08 1.31521E+04
9.35000E-05 3.96092E+08 1.30959E+04
9.36000E-05 3.94402E+08 1.30400E+04
9.37000E-05 3.92721E+08 1.29844E+04
9.38000E-05 3.91049E+08 1.29292E+04
9.39000E-05 3.89386E+08 1.28742E+04
9.40000E-05 3.87732E+08 1.28195E+04
9.41000E-05 3.86086E+08 1.27651E+04
9.42000E-05 3.84449E+08 1.27110E+04
9.43000E-05 3.82821E+08 1.26571E+04
9.44000E-05 3.81202E+08 1.26036E+04
9.45000E-05 3.79591E+08 1.25503E+04
9.46000E-05 3.77988E+08 1.24973E+04
9.47000E-05 3.76394E+08 1.24446E+04
9.48000E-05 3.74808E+08 1.23922E+04
9.49000E-05 3.73231E+08 1.23400E+04
9.50000E-05 3.71662E+08 1.22882E+04
9.51000E-05 3.70101E+08 1.22366E+04
9.52000E-05 3.68549E+08 1.21852E+04
9.53000E-05 3.67004E+08 1.21342E+04
9.54000E-05 3.65468E+08 1.20834E+04
9.55000E-05 3.63940E+08 1.20328E+04
9.56000E-05 3.62419E+08 1.19826E+04
9.57000E-05 3.60907E+08 1.19326E+04
9.58000E-05 3.59402E+08 1.18828E+04
9.59000E-05 3.57905E+08 1.18333E+04
9.60000E-05 3.56417E+08 1.17841E+04
9.61000E-05 3.54935E+08 1.17351E+04
9.62000E-05 3.53462E+08 1.16864E+04
9.63000E-05 3.51996E+08 1.16380E+04
9.64000E-05 3.50538E+08 1.15897E+04
9.65000E-05 3.49087E+08 1.15418E+04
9.66000E-05 3.47644E+08 1.14941E+04
9.67000E-05 3.46208E+08 1.14466E+04
9.68000E-05 3.44779E+08 1.13994E+04
9.69000E-05 3.43358E+08 1.13524E+04
9.70000E-05 3.41945E+08 1.13056E+04
9.71000E-05 3.40538E+08 1.12591E+04
9.72000E-05 3.39139E+08 1.12129E+04
9.73000E-05 3.37747E+08 1.11668E+04
9.74000E-05 3.36362E+08 1.11211E+04
9.75000E-05 3.34984E+08 1.10755E+04
9.76000E-05 3.33613E+08 1.10302E+04
9.77000E-05 3.32250E+08 1.09851E+04
9.78000E-05 3.30893E+08 1.09402E+04
9.79000E-05 3.29543E+08 1.08956E+04
9.80000E-05 3.28200E+08 1.08512E+04
9.81000E-05 3.26864E+08 1.08070E+04
9.82000E-05 3.25534E+08 1.07631E+04
9.83000E-05 3.24212E+08 1.07193E+04
9.84000E-05 3.22896E+08 1.06758E+04
9.85000E-05 3.21587E+08 1.06325E+04
9.86000E-05 3.20284E+08 1.05895E+04
9.87000E-05 3.18988E+08 1.05466E+04
9.88000E-05 3.17698E+08 1.05040E+04
9.89000E-05 3.16415E+08 1.04616E+04
9.90000E-05 3.15139E+08 1.04194E+04
9.91000E-05 3.13869E+08 1.03774E+04
9.92000E-05 3.12605E+08 1.03356E+04
9.93000E-05 3.11348E+08 1.02940E+04
9.94000E-05 3.10097E+08 1.02526E+04
9.95000E-05 3.08852E+08 1.02115E+04
9.96000E-05 3.07613E+08 1.01705E+04
9.97000E-05 3.06381E+08 1.01298E+04
9.98000E-05 3.05155E+08 1.00893E+04
9.99000E-05 3.03935E+08 1.00489E+04
1.00000E-04 3.02721E+08 1.00088E+04
