#  FeatureSize(cm)    Fluence(mum2)   Dose(Gy)
1.00000E-07 4.25109E+20 1.40553E+16
2.00000E-07 2.65693E+19 8.78454E+14
3.00000E-07 5.24826E+18 1.73522E+14
4.00000E-07 1.66058E+18 5.49034E+13
5.00000E-07 6.80174E+17 2.24884E+13
6.00000E-07 3.28016E+17 1.08451E+13
7.00000E-07 1.77055E+17 5.85392E+12
8.00000E-07 1.03786E+17 3.43146E+12
9.00000E-07 6.47933E+16 2.14224E+12
1.00000E-06 4.25109E+16 1.40553E+12
1.10000E-06 2.90355E+16 9.59994E+11
1.20000E-06 2.05010E+16 6.77820E+11
1.30000E-06 1.48842E+16 4.92114E+11
1.40000E-06 1.10659E+16 3.65870E+11
1.50000E-06 8.39721E+15 2.77635E+11
1.60000E-06 6.48665E+15 2.14466E+11
1.70000E-06 5.08984E+15 1.68284E+11
1.80000E-06 4.04958E+15 1.33890E+11
1.90000E-06 3.26201E+15 1.07851E+11
2.00000E-06 2.65693E+15 8.78454E+10
2.10000E-06 2.18586E+15 7.22706E+10
2.20000E-06 1.81472E+15 5.99996E+10
2.30000E-06 1.51911E+15 5.02259E+10
2.40000E-06 1.28131E+15 4.23637E+10
2.50000E-06 1.08828E+15 3.59815E+10
2.60000E-06 9.30265E+14 3.07571E+10
2.70000E-06 7.99917E+14 2.64475E+10
2.80000E-06 6.91621E+14 2.28669E+10
2.90000E-06 6.01047E+14 1.98723E+10
3.00000E-06 5.24826E+14 1.73522E+10
3.10000E-06 4.60313E+14 1.52192E+10
3.20000E-06 4.05415E+14 1.34041E+10
3.30000E-06 3.58463E+14 1.18518E+10
3.40000E-06 3.18115E+14 1.05178E+10
3.50000E-06 2.83288E+14 9.36627E+09
3.60000E-06 2.53099E+14 8.36814E+09
3.70000E-06 2.26826E+14 7.49950E+09
3.80000E-06 2.03876E+14 6.74070E+09
3.90000E-06 1.83756E+14 6.07548E+09
4.00000E-06 1.66058E+14 5.49034E+09
4.10000E-06 1.50440E+14 4.97398E+09
4.20000E-06 1.36616E+14 4.51692E+09
4.30000E-06 1.24344E+14 4.11117E+09
4.40000E-06 1.13420E+14 3.74998E+09
4.50000E-06 1.03669E+14 3.42759E+09
4.60000E-06 9.49443E+13 3.13912E+09
4.70000E-06 8.71182E+13 2.88037E+09
4.80000E-06 8.00821E+13 2.64773E+09
4.90000E-06 7.37422E+13 2.43812E+09
5.00000E-06 6.80174E+13 2.24884E+09
5.10000E-06 6.28376E+13 2.07758E+09
5.20000E-06 5.81416E+13 1.92232E+09
5.30000E-06 5.38762E+13 1.78129E+09
5.40000E-06 4.99948E+13 1.65297E+09
5.50000E-06 4.64568E+13 1.53599E+09
5.60000E-06 4.32263E+13 1.42918E+09
5.70000E-06 4.02718E+13 1.33150E+09
5.80000E-06 3.75654E+13 1.24202E+09
5.90000E-06 3.50826E+13 1.15993E+09
6.00000E-06 3.28016E+13 1.08451E+09
6.10000E-06 3.07030E+13 1.01513E+09
6.20000E-06 2.87696E+13 9.51201E+08
6.30000E-06 2.69860E+13 8.92230E+08
6.40000E-06 2.53385E+13 8.37759E+08
6.50000E-06 2.38148E+13 7.87382E+08
6.60000E-06 2.24039E+13 7.40736E+08
6.70000E-06 2.10960E+13 6.97493E+08
6.80000E-06 1.98822E+13 6.57360E+08
6.90000E-06 1.87544E+13 6.20073E+08
7.00000E-06 1.77055E+13 5.85392E+08
7.10000E-06 1.67289E+13 5.53103E+08
7.20000E-06 1.58187E+13 5.23009E+08
7.30000E-06 1.49695E+13 4.94934E+08
7.40000E-06 1.41766E+13 4.68719E+08
7.50000E-06 1.34355E+13 4.44216E+08
7.60000E-06 1.27422E+13 4.21293E+08
7.70000E-06 1.20931E+13 3.99831E+08
7.80000E-06 1.14848E+13 3.79718E+08
7.90000E-06 1.09142E+13 3.60853E+08
8.00000E-06 1.03786E+13 3.43146E+08
8.10000E-06 9.87552E+12 3.26512E+08
8.20000E-06 9.40253E+12 3.10873E+08
8.30000E-06 8.95752E+12 2.96160E+08
8.40000E-06 8.53853E+12 2.82307E+08
8.50000E-06 8.14375E+12 2.69255E+08
8.60000E-06 7.77153E+12 2.56948E+08
8.70000E-06 7.42033E+12 2.45336E+08
8.80000E-06 7.08875E+12 2.34373E+08
8.90000E-06 6.77548E+12 2.24016E+08
9.00000E-06 6.47933E+12 2.14224E+08
9.10000E-06 6.19918E+12 2.04962E+08
9.20000E-06 5.93402E+12 1.96195E+08
9.30000E-06 5.68288E+12 1.87892E+08
9.40000E-06 5.44489E+12 1.80023E+08
9.50000E-06 5.21922E+12 1.72562E+08
9.60000E-06 5.00513E+12 1.65483E+08
9.70000E-06 4.80190E+12 1.58764E+08
9.80000E-06 4.60888E+12 1.52382E+08
9.90000E-06 4.42547E+12 1.46318E+08
1.00000E-05 4.25109E+12 1.40553E+08
1.01000E-05 4.08521E+12 1.35068E+08
1.02000E-05 3.92735E+12 1.29849E+08
1.03000E-05 3.77704E+12 1.24879E+08
1.04000E-05 3.63385E+12 1.20145E+08
1.05000E-05 3.49738E+12 1.15633E+08
1.06000E-05 3.36726E+12 1.11331E+08
1.07000E-05 3.24314E+12 1.07227E+08
1.08000E-05 3.12468E+12 1.03310E+08
1.09000E-05 3.01158E+12 9.95711E+07
1.10000E-05 2.90355E+12 9.59994E+07
1.11000E-05 2.80032E+12 9.25864E+07
1.12000E-05 2.70164E+12 8.93238E+07
1.13000E-05 2.60727E+12 8.62036E+07
1.14000E-05 2.51699E+12 8.32185E+07
1.15000E-05 2.43057E+12 8.03614E+07
1.16000E-05 2.34784E+12 7.76260E+07
1.17000E-05 2.26859E+12 7.50059E+07
1.18000E-05 2.19266E+12 7.24955E+07
1.19000E-05 2.11989E+12 7.00892E+07
1.20000E-05 2.05010E+12 6.77820E+07
1.21000E-05 1.98316E+12 6.55689E+07
1.22000E-05 1.91894E+12 6.34453E+07
1.23000E-05 1.85729E+12 6.14071E+07
1.24000E-05 1.79810E+12 5.94501E+07
1.25000E-05 1.74125E+12 5.75704E+07
1.26000E-05 1.68662E+12 5.57644E+07
1.27000E-05 1.63412E+12 5.40287E+07
1.28000E-05 1.58365E+12 5.23599E+07
1.29000E-05 1.53512E+12 5.07552E+07
1.30000E-05 1.48842E+12 4.92114E+07
1.31000E-05 1.44349E+12 4.77259E+07
1.32000E-05 1.40025E+12 4.62960E+07
1.33000E-05 1.35861E+12 4.49193E+07
1.34000E-05 1.31850E+12 4.35933E+07
1.35000E-05 1.27987E+12 4.23159E+07
1.36000E-05 1.24264E+12 4.10850E+07
1.37000E-05 1.20675E+12 3.98985E+07
1.38000E-05 1.17215E+12 3.87546E+07
1.39000E-05 1.13878E+12 3.76513E+07
1.40000E-05 1.10659E+12 3.65870E+07
1.41000E-05 1.07553E+12 3.55601E+07
1.42000E-05 1.04555E+12 3.45689E+07
1.43000E-05 1.01661E+12 3.36120E+07
1.44000E-05 9.88667E+11 3.26881E+07
1.45000E-05 9.61675E+11 3.17956E+07
1.46000E-05 9.35597E+11 3.09334E+07
1.47000E-05 9.10397E+11 3.01002E+07
1.48000E-05 8.86040E+11 2.92949E+07
1.49000E-05 8.62492E+11 2.85164E+07
1.50000E-05 8.39721E+11 2.77635E+07
1.51000E-05 8.17697E+11 2.70353E+07
1.52000E-05 7.96390E+11 2.63308E+07
1.53000E-05 7.75773E+11 2.56492E+07
1.54000E-05 7.55818E+11 2.49894E+07
1.55000E-05 7.36501E+11 2.43507E+07
1.56000E-05 7.17797E+11 2.37323E+07
1.57000E-05 6.99683E+11 2.31335E+07
1.58000E-05 6.82137E+11 2.25533E+07
1.59000E-05 6.65138E+11 2.19913E+07
1.60000E-05 6.48665E+11 2.14466E+07
1.61000E-05 6.32698E+11 2.09187E+07
1.62000E-05 6.17220E+11 2.04070E+07
1.63000E-05 6.02212E+11 1.99108E+07
1.64000E-05 5.87658E+11 1.94296E+07
1.65000E-05 5.73541E+11 1.89628E+07
1.66000E-05 5.59845E+11 1.85100E+07
1.67000E-05 5.46556E+11 1.80706E+07
1.68000E-05 5.33658E+11 1.76442E+07
1.69000E-05 5.21139E+11 1.72303E+07
1.70000E-05 5.08984E+11 1.68284E+07
1.71000E-05 4.97182E+11 1.64382E+07
1.72000E-05 4.85720E+11 1.60593E+07
1.73000E-05 4.74587E+11 1.56911E+07
1.74000E-05 4.63771E+11 1.53335E+07
1.75000E-05 4.53261E+11 1.49860E+07
1.76000E-05 4.43047E+11 1.46483E+07
1.77000E-05 4.33119E+11 1.43201E+07
1.78000E-05 4.23468E+11 1.40010E+07
1.79000E-05 4.14084E+11 1.36907E+07
1.80000E-05 4.04958E+11 1.33890E+07
1.81000E-05 3.96083E+11 1.30956E+07
1.82000E-05 3.87449E+11 1.28101E+07
1.83000E-05 3.79049E+11 1.25324E+07
1.84000E-05 3.70876E+11 1.22622E+07
1.85000E-05 3.62922E+11 1.19992E+07
1.86000E-05 3.55180E+11 1.17432E+07
1.87000E-05 3.47643E+11 1.14940E+07
1.88000E-05 3.40305E+11 1.12514E+07
1.89000E-05 3.33160E+11 1.10152E+07
1.90000E-05 3.26201E+11 1.07851E+07
1.91000E-05 3.19423E+11 1.05610E+07
1.92000E-05 3.12821E+11 1.03427E+07
1.93000E-05 3.06387E+11 1.01300E+07
1.94000E-05 3.00119E+11 9.92275E+06
1.95000E-05 2.94010E+11 9.72077E+06
1.96000E-05 2.88055E+11 9.52390E+06
1.97000E-05 2.82251E+11 9.33199E+06
1.98000E-05 2.76592E+11 9.14489E+06
1.99000E-05 2.71074E+11 8.96245E+06
2.00000E-05 2.65693E+11 8.78454E+06
2.01000E-05 2.60445E+11 8.61103E+06
2.02000E-05 2.55326E+11 8.44177E+06
2.03000E-05 2.50332E+11 8.27666E+06
2.04000E-05 2.45459E+11 8.11556E+06
2.05000E-05 2.40705E+11 7.95836E+06
2.06000E-05 2.36065E+11 7.80495E+06
2.07000E-05 2.31536E+11 7.65522E+06
2.08000E-05 2.27116E+11 7.50906E+06
2.09000E-05 2.22800E+11 7.36638E+06
2.10000E-05 2.18586E+11 7.22706E+06
2.11000E-05 2.14472E+11 7.09103E+06
2.12000E-05 2.10454E+11 6.95818E+06
2.13000E-05 2.06529E+11 6.82843E+06
2.14000E-05 2.02696E+11 6.70168E+06
2.15000E-05 1.98951E+11 6.57787E+06
2.16000E-05 1.95292E+11 6.45690E+06
2.17000E-05 1.91717E+11 6.33870E+06
2.18000E-05 1.88224E+11 6.22319E+06
2.19000E-05 1.84809E+11 6.11030E+06
2.20000E-05 1.81472E+11 5.99996E+06
2.21000E-05 1.78210E+11 5.89210E+06
2.22000E-05 1.75020E+11 5.78665E+06
2.23000E-05 1.71902E+11 5.68355E+06
2.24000E-05 1.68853E+11 5.58273E+06
2.25000E-05 1.65871E+11 5.48415E+06
2.26000E-05 1.62955E+11 5.38772E+06
2.27000E-05 1.60102E+11 5.29341E+06
2.28000E-05 1.57312E+11 5.20115E+06
2.29000E-05 1.54582E+11 5.11090E+06
2.30000E-05 1.51911E+11 5.02259E+06
2.31000E-05 1.49297E+11 4.93618E+06
2.32000E-05 1.46740E+11 4.85162E+06
2.33000E-05 1.44237E+11 4.76887E+06
2.34000E-05 1.41787E+11 4.68787E+06
2.35000E-05 1.39389E+11 4.60859E+06
2.36000E-05 1.37042E+11 4.53097E+06
2.37000E-05 1.34743E+11 4.45498E+06
2.38000E-05 1.32493E+11 4.38058E+06
2.39000E-05 1.30289E+11 4.30772E+06
2.40000E-05 1.28131E+11 4.23637E+06
2.41000E-05 1.26018E+11 4.16650E+06
2.42000E-05 1.23948E+11 4.09805E+06
2.43000E-05 1.21920E+11 4.03101E+06
2.44000E-05 1.19934E+11 3.96533E+06
2.45000E-05 1.17987E+11 3.90099E+06
2.46000E-05 1.16081E+11 3.83794E+06
2.47000E-05 1.14212E+11 3.77617E+06
2.48000E-05 1.12381E+11 3.71563E+06
2.49000E-05 1.10587E+11 3.65630E+06
2.50000E-05 1.08828E+11 3.59815E+06
2.51000E-05 1.07104E+11 3.54115E+06
2.52000E-05 1.05414E+11 3.48527E+06
2.53000E-05 1.03757E+11 3.43050E+06
2.54000E-05 1.02133E+11 3.37679E+06
2.55000E-05 1.00540E+11 3.32413E+06
2.56000E-05 9.89784E+10 3.27250E+06
2.57000E-05 9.74468E+10 3.22186E+06
2.58000E-05 9.59448E+10 3.17220E+06
2.59000E-05 9.44716E+10 3.12349E+06
2.60000E-05 9.30265E+10 3.07571E+06
2.61000E-05 9.16090E+10 3.02885E+06
2.62000E-05 9.02184E+10 2.98287E+06
2.63000E-05 8.88540E+10 2.93776E+06
2.64000E-05 8.75154E+10 2.89350E+06
2.65000E-05 8.62019E+10 2.85007E+06
2.66000E-05 8.49129E+10 2.80745E+06
2.67000E-05 8.36479E+10 2.76563E+06
2.68000E-05 8.24064E+10 2.72458E+06
2.69000E-05 8.11878E+10 2.68429E+06
2.70000E-05 7.99917E+10 2.64475E+06
2.71000E-05 7.88176E+10 2.60593E+06
2.72000E-05 7.76649E+10 2.56781E+06
2.73000E-05 7.65331E+10 2.53040E+06
2.74000E-05 7.54220E+10 2.49366E+06
2.75000E-05 7.43309E+10 2.45758E+06
2.76000E-05 7.32595E+10 2.42216E+06
2.77000E-05 7.22073E+10 2.38737E+06
2.78000E-05 7.11739E+10 2.35321E+06
2.79000E-05 7.01590E+10 2.31965E+06
2.80000E-05 6.91621E+10 2.28669E+06
2.81000E-05 6.81828E+10 2.25431E+06
2.82000E-05 6.72208E+10 2.22250E+06
2.83000E-05 6.62757E+10 2.19126E+06
2.84000E-05 6.53472E+10 2.16056E+06
2.85000E-05 6.44348E+10 2.13039E+06
2.86000E-05 6.35384E+10 2.10075E+06
2.87000E-05 6.26574E+10 2.07163E+06
2.88000E-05 6.17917E+10 2.04300E+06
2.89000E-05 6.09409E+10 2.01487E+06
2.90000E-05 6.01047E+10 1.98723E+06
2.91000E-05 5.92827E+10 1.96005E+06
2.92000E-05 5.84748E+10 1.93334E+06
2.93000E-05 5.76806E+10 1.90708E+06
2.94000E-05 5.68998E+10 1.88126E+06
2.95000E-05 5.61322E+10 1.85588E+06
2.96000E-05 5.53775E+10 1.83093E+06
2.97000E-05 5.46354E+10 1.80640E+06
2.98000E-05 5.39058E+10 1.78227E+06
2.99000E-05 5.31882E+10 1.75855E+06
3.00000E-05 5.24826E+10 1.73522E+06
3.01000E-05 5.17886E+10 1.71227E+06
3.02000E-05 5.11061E+10 1.68971E+06
3.03000E-05 5.04347E+10 1.66751E+06
3.04000E-05 4.97744E+10 1.64568E+06
3.05000E-05 4.91248E+10 1.62420E+06
3.06000E-05 4.84858E+10 1.60307E+06
3.07000E-05 4.78571E+10 1.58229E+06
3.08000E-05 4.72386E+10 1.56184E+06
3.09000E-05 4.66301E+10 1.54172E+06
3.10000E-05 4.60313E+10 1.52192E+06
3.11000E-05 4.54421E+10 1.50244E+06
3.12000E-05 4.48623E+10 1.48327E+06
3.13000E-05 4.42917E+10 1.46441E+06
3.14000E-05 4.37302E+10 1.44584E+06
3.15000E-05 4.31775E+10 1.42757E+06
3.16000E-05 4.26336E+10 1.40958E+06
3.17000E-05 4.20982E+10 1.39188E+06
3.18000E-05 4.15711E+10 1.37446E+06
3.19000E-05 4.10523E+10 1.35730E+06
3.20000E-05 4.05415E+10 1.34041E+06
3.21000E-05 4.00387E+10 1.32379E+06
3.22000E-05 3.95436E+10 1.30742E+06
3.23000E-05 3.90562E+10 1.29131E+06
3.24000E-05 3.85763E+10 1.27544E+06
3.25000E-05 3.81037E+10 1.25981E+06
3.26000E-05 3.76383E+10 1.24442E+06
3.27000E-05 3.71800E+10 1.22927E+06
3.28000E-05 3.67286E+10 1.21435E+06
3.29000E-05 3.62841E+10 1.19965E+06
3.30000E-05 3.58463E+10 1.18518E+06
3.31000E-05 3.54151E+10 1.17092E+06
3.32000E-05 3.49903E+10 1.15688E+06
3.33000E-05 3.45719E+10 1.14304E+06
3.34000E-05 3.41597E+10 1.12941E+06
3.35000E-05 3.37537E+10 1.11599E+06
3.36000E-05 3.33536E+10 1.10276E+06
3.37000E-05 3.29595E+10 1.08973E+06
3.38000E-05 3.25712E+10 1.07689E+06
3.39000E-05 3.21885E+10 1.06424E+06
3.40000E-05 3.18115E+10 1.05178E+06
3.41000E-05 3.14400E+10 1.03949E+06
3.42000E-05 3.10739E+10 1.02739E+06
3.43000E-05 3.07131E+10 1.01546E+06
3.44000E-05 3.03575E+10 1.00370E+06
3.45000E-05 3.00071E+10 9.92117E+05
3.46000E-05 2.96617E+10 9.80697E+05
3.47000E-05 2.93212E+10 9.69441E+05
3.48000E-05 2.89857E+10 9.58345E+05
3.49000E-05 2.86549E+10 9.47409E+05
3.50000E-05 2.83288E+10 9.36627E+05
3.51000E-05 2.80073E+10 9.25999E+05
3.52000E-05 2.76904E+10 9.15521E+05
3.53000E-05 2.73780E+10 9.05191E+05
3.54000E-05 2.70699E+10 8.95006E+05
3.55000E-05 2.67662E+10 8.84964E+05
3.56000E-05 2.64667E+10 8.75063E+05
3.57000E-05 2.61714E+10 8.65299E+05
3.58000E-05 2.58802E+10 8.55671E+05
3.59000E-05 2.55931E+10 8.46177E+05
3.60000E-05 2.53099E+10 8.36814E+05
3.61000E-05 2.50306E+10 8.27581E+05
3.62000E-05 2.47552E+10 8.18474E+05
3.63000E-05 2.44835E+10 8.09492E+05
3.64000E-05 2.42156E+10 8.00633E+05
3.65000E-05 2.39513E+10 7.91895E+05
3.66000E-05 2.36906E+10 7.83276E+05
3.67000E-05 2.34334E+10 7.74774E+05
3.68000E-05 2.31798E+10 7.66386E+05
3.69000E-05 2.29295E+10 7.58112E+05
3.70000E-05 2.26826E+10 7.49950E+05
3.71000E-05 2.24391E+10 7.41897E+05
3.72000E-05 2.21987E+10 7.33951E+05
3.73000E-05 2.19616E+10 7.26112E+05
3.74000E-05 2.17277E+10 7.18377E+05
3.75000E-05 2.14969E+10 7.10745E+05
3.76000E-05 2.12691E+10 7.03214E+05
3.77000E-05 2.10443E+10 6.95783E+05
3.78000E-05 2.08225E+10 6.88449E+05
3.79000E-05 2.06036E+10 6.81212E+05
3.80000E-05 2.03876E+10 6.74070E+05
3.81000E-05 2.01744E+10 6.67020E+05
3.82000E-05 1.99640E+10 6.60063E+05
3.83000E-05 1.97563E+10 6.53197E+05
3.84000E-05 1.95513E+10 6.46419E+05
3.85000E-05 1.93489E+10 6.39729E+05
3.86000E-05 1.91492E+10 6.33126E+05
3.87000E-05 1.89521E+10 6.26607E+05
3.88000E-05 1.87574E+10 6.20172E+05
3.89000E-05 1.85653E+10 6.13819E+05
3.90000E-05 1.83756E+10 6.07548E+05
3.91000E-05 1.81883E+10 6.01357E+05
3.92000E-05 1.80035E+10 5.95244E+05
3.93000E-05 1.78209E+10 5.89208E+05
3.94000E-05 1.76407E+10 5.83249E+05
3.95000E-05 1.74627E+10 5.77365E+05
3.96000E-05 1.72870E+10 5.71555E+05
3.97000E-05 1.71135E+10 5.65818E+05
3.98000E-05 1.69421E+10 5.60153E+05
3.99000E-05 1.67729E+10 5.54559E+05
4.00000E-05 1.66058E+10 5.49034E+05
4.01000E-05 1.64408E+10 5.43578E+05
4.02000E-05 1.62778E+10 5.38189E+05
4.03000E-05 1.61168E+10 5.32867E+05
4.04000E-05 1.59579E+10 5.27611E+05
4.05000E-05 1.58008E+10 5.22419E+05
4.06000E-05 1.56457E+10 5.17291E+05
4.07000E-05 1.54925E+10 5.12226E+05
4.08000E-05 1.53412E+10 5.07222E+05
4.09000E-05 1.51917E+10 5.02280E+05
4.10000E-05 1.50440E+10 4.97398E+05
4.11000E-05 1.48982E+10 4.92574E+05
4.12000E-05 1.47541E+10 4.87809E+05
4.13000E-05 1.46117E+10 4.83102E+05
4.14000E-05 1.44710E+10 4.78451E+05
4.15000E-05 1.43320E+10 4.73856E+05
4.16000E-05 1.41947E+10 4.69316E+05
4.17000E-05 1.40590E+10 4.64831E+05
4.18000E-05 1.39250E+10 4.60399E+05
4.19000E-05 1.37925E+10 4.56019E+05
4.20000E-05 1.36616E+10 4.51692E+05
4.21000E-05 1.35323E+10 4.47415E+05
4.22000E-05 1.34045E+10 4.43189E+05
4.23000E-05 1.32782E+10 4.39013E+05
4.24000E-05 1.31534E+10 4.34886E+05
4.25000E-05 1.30300E+10 4.30808E+05
4.26000E-05 1.29081E+10 4.26777E+05
4.27000E-05 1.27876E+10 4.22793E+05
4.28000E-05 1.26685E+10 4.18855E+05
4.29000E-05 1.25508E+10 4.14964E+05
4.30000E-05 1.24344E+10 4.11117E+05
4.31000E-05 1.23194E+10 4.07315E+05
4.32000E-05 1.22058E+10 4.03556E+05
4.33000E-05 1.20934E+10 3.99841E+05
4.34000E-05 1.19823E+10 3.96169E+05
4.35000E-05 1.18725E+10 3.92538E+05
4.36000E-05 1.17640E+10 3.88949E+05
4.37000E-05 1.16567E+10 3.85401E+05
4.38000E-05 1.15506E+10 3.81894E+05
4.39000E-05 1.14457E+10 3.78426E+05
4.40000E-05 1.13420E+10 3.74998E+05
4.41000E-05 1.12395E+10 3.71608E+05
4.42000E-05 1.11381E+10 3.68256E+05
4.43000E-05 1.10379E+10 3.64942E+05
4.44000E-05 1.09388E+10 3.61666E+05
4.45000E-05 1.08408E+10 3.58426E+05
4.46000E-05 1.07439E+10 3.55222E+05
4.47000E-05 1.06480E+10 3.52054E+05
4.48000E-05 1.05533E+10 3.48921E+05
4.49000E-05 1.04596E+10 3.45823E+05
4.50000E-05 1.03669E+10 3.42759E+05
4.51000E-05 1.02753E+10 3.39729E+05
4.52000E-05 1.01847E+10 3.36733E+05
4.53000E-05 1.00950E+10 3.33769E+05
4.54000E-05 1.00064E+10 3.30838E+05
4.55000E-05 9.91870E+09 3.27939E+05
4.56000E-05 9.83198E+09 3.25072E+05
4.57000E-05 9.74620E+09 3.22236E+05
4.58000E-05 9.66136E+09 3.19431E+05
4.59000E-05 9.57744E+09 3.16656E+05
4.60000E-05 9.49443E+09 3.13912E+05
4.61000E-05 9.41232E+09 3.11197E+05
4.62000E-05 9.33109E+09 3.08511E+05
4.63000E-05 9.25073E+09 3.05855E+05
4.64000E-05 9.17124E+09 3.03227E+05
4.65000E-05 9.09261E+09 3.00627E+05
4.66000E-05 9.01481E+09 2.98054E+05
4.67000E-05 8.93784E+09 2.95510E+05
4.68000E-05 8.86169E+09 2.92992E+05
4.69000E-05 8.78636E+09 2.90501E+05
4.70000E-05 8.71182E+09 2.88037E+05
4.71000E-05 8.63807E+09 2.85598E+05
4.72000E-05 8.56509E+09 2.83186E+05
4.73000E-05 8.49289E+09 2.80798E+05
4.74000E-05 8.42145E+09 2.78436E+05
4.75000E-05 8.35075E+09 2.76099E+05
4.76000E-05 8.28080E+09 2.73786E+05
4.77000E-05 8.21158E+09 2.71497E+05
4.78000E-05 8.14308E+09 2.69233E+05
4.79000E-05 8.07529E+09 2.66991E+05
4.80000E-05 8.00821E+09 2.64773E+05
4.81000E-05 7.94182E+09 2.62578E+05
4.82000E-05 7.87611E+09 2.60406E+05
4.83000E-05 7.81109E+09 2.58256E+05
4.84000E-05 7.74674E+09 2.56128E+05
4.85000E-05 7.68304E+09 2.54022E+05
4.86000E-05 7.62000E+09 2.51938E+05
4.87000E-05 7.55761E+09 2.49875E+05
4.88000E-05 7.49585E+09 2.47833E+05
4.89000E-05 7.43472E+09 2.45812E+05
4.90000E-05 7.37422E+09 2.43812E+05
4.91000E-05 7.31432E+09 2.41832E+05
4.92000E-05 7.25504E+09 2.39872E+05
4.93000E-05 7.19635E+09 2.37931E+05
4.94000E-05 7.13826E+09 2.36010E+05
4.95000E-05 7.08075E+09 2.34109E+05
4.96000E-05 7.02382E+09 2.32227E+05
4.97000E-05 6.96746E+09 2.30363E+05
4.98000E-05 6.91167E+09 2.28519E+05
4.99000E-05 6.85643E+09 2.26692E+05
5.00000E-05 6.80174E+09 2.24884E+05
5.01000E-05 6.74760E+09 2.23094E+05
5.02000E-05 6.69399E+09 2.21322E+05
5.03000E-05 6.64092E+09 2.19567E+05
5.04000E-05 6.58837E+09 2.17830E+05
5.05000E-05 6.53634E+09 2.16109E+05
5.06000E-05 6.48482E+09 2.14406E+05
5.07000E-05 6.43381E+09 2.12719E+05
5.08000E-05 6.38330E+09 2.11049E+05
5.09000E-05 6.33328E+09 2.09396E+05
5.10000E-05 6.28376E+09 2.07758E+05
5.11000E-05 6.23471E+09 2.06137E+05
5.12000E-05 6.18615E+09 2.04531E+05
5.13000E-05 6.13805E+09 2.02941E+05
5.14000E-05 6.09043E+09 2.01366E+05
5.15000E-05 6.04326E+09 1.99807E+05
5.16000E-05 5.99655E+09 1.98262E+05
5.17000E-05 5.95029E+09 1.96733E+05
5.18000E-05 5.90447E+09 1.95218E+05
5.19000E-05 5.85910E+09 1.93718E+05
5.20000E-05 5.81416E+09 1.92232E+05
5.21000E-05 5.76965E+09 1.90760E+05
5.22000E-05 5.72556E+09 1.89303E+05
5.23000E-05 5.68190E+09 1.87859E+05
5.24000E-05 5.63865E+09 1.86429E+05
5.25000E-05 5.59581E+09 1.85013E+05
5.26000E-05 5.55338E+09 1.83610E+05
5.27000E-05 5.51135E+09 1.82220E+05
5.28000E-05 5.46971E+09 1.80844E+05
5.29000E-05 5.42847E+09 1.79480E+05
5.30000E-05 5.38762E+09 1.78129E+05
5.31000E-05 5.34715E+09 1.76791E+05
5.32000E-05 5.30706E+09 1.75466E+05
5.33000E-05 5.26734E+09 1.74153E+05
5.34000E-05 5.22799E+09 1.72852E+05
5.35000E-05 5.18902E+09 1.71563E+05
5.36000E-05 5.15040E+09 1.70286E+05
5.37000E-05 5.11214E+09 1.69021E+05
5.38000E-05 5.07424E+09 1.67768E+05
5.39000E-05 5.03669E+09 1.66527E+05
5.40000E-05 4.99948E+09 1.65297E+05
5.41000E-05 4.96262E+09 1.64078E+05
5.42000E-05 4.92610E+09 1.62870E+05
5.43000E-05 4.88991E+09 1.61674E+05
5.44000E-05 4.85405E+09 1.60488E+05
5.45000E-05 4.81853E+09 1.59314E+05
5.46000E-05 4.78332E+09 1.58150E+05
5.47000E-05 4.74844E+09 1.56996E+05
5.48000E-05 4.71387E+09 1.55854E+05
5.49000E-05 4.67962E+09 1.54721E+05
5.50000E-05 4.64568E+09 1.53599E+05
5.51000E-05 4.61205E+09 1.52487E+05
5.52000E-05 4.57872E+09 1.51385E+05
5.53000E-05 4.54569E+09 1.50293E+05
5.54000E-05 4.51296E+09 1.49211E+05
5.55000E-05 4.48052E+09 1.48138E+05
5.56000E-05 4.44837E+09 1.47075E+05
5.57000E-05 4.41651E+09 1.46022E+05
5.58000E-05 4.38494E+09 1.44978E+05
5.59000E-05 4.35364E+09 1.43943E+05
5.60000E-05 4.32263E+09 1.42918E+05
5.61000E-05 4.29189E+09 1.41902E+05
5.62000E-05 4.26143E+09 1.40894E+05
5.63000E-05 4.23123E+09 1.39896E+05
5.64000E-05 4.20130E+09 1.38907E+05
5.65000E-05 4.17164E+09 1.37926E+05
5.66000E-05 4.14223E+09 1.36954E+05
5.67000E-05 4.11309E+09 1.35990E+05
5.68000E-05 4.08420E+09 1.35035E+05
5.69000E-05 4.05556E+09 1.34088E+05
5.70000E-05 4.02718E+09 1.33150E+05
5.71000E-05 3.99904E+09 1.32219E+05
5.72000E-05 3.97115E+09 1.31297E+05
5.73000E-05 3.94350E+09 1.30383E+05
5.74000E-05 3.91609E+09 1.29477E+05
5.75000E-05 3.88892E+09 1.28578E+05
5.76000E-05 3.86198E+09 1.27688E+05
5.77000E-05 3.83528E+09 1.26805E+05
5.78000E-05 3.80881E+09 1.25930E+05
5.79000E-05 3.78256E+09 1.25062E+05
5.80000E-05 3.75654E+09 1.24202E+05
5.81000E-05 3.73075E+09 1.23349E+05
5.82000E-05 3.70517E+09 1.22503E+05
5.83000E-05 3.67981E+09 1.21665E+05
5.84000E-05 3.65468E+09 1.20834E+05
5.85000E-05 3.62975E+09 1.20009E+05
5.86000E-05 3.60504E+09 1.19192E+05
5.87000E-05 3.58053E+09 1.18382E+05
5.88000E-05 3.55624E+09 1.17579E+05
5.89000E-05 3.53215E+09 1.16783E+05
5.90000E-05 3.50826E+09 1.15993E+05
5.91000E-05 3.48458E+09 1.15210E+05
5.92000E-05 3.46109E+09 1.14433E+05
5.93000E-05 3.43781E+09 1.13663E+05
5.94000E-05 3.41471E+09 1.12900E+05
5.95000E-05 3.39182E+09 1.12143E+05
5.96000E-05 3.36911E+09 1.11392E+05
5.97000E-05 3.34659E+09 1.10648E+05
5.98000E-05 3.32426E+09 1.09909E+05
5.99000E-05 3.30212E+09 1.09177E+05
6.00000E-05 3.28016E+09 1.08451E+05
6.01000E-05 3.25838E+09 1.07731E+05
6.02000E-05 3.23679E+09 1.07017E+05
6.03000E-05 3.21537E+09 1.06309E+05
6.04000E-05 3.19413E+09 1.05607E+05
6.05000E-05 3.17306E+09 1.04910E+05
6.06000E-05 3.15217E+09 1.04219E+05
6.07000E-05 3.13145E+09 1.03534E+05
6.08000E-05 3.11090E+09 1.02855E+05
6.09000E-05 3.09052E+09 1.02181E+05
6.10000E-05 3.07030E+09 1.01513E+05
6.11000E-05 3.05025E+09 1.00850E+05
6.12000E-05 3.03036E+09 1.00192E+05
6.13000E-05 3.01064E+09 9.95399E+04
6.14000E-05 2.99107E+09 9.88930E+04
6.15000E-05 2.97166E+09 9.82514E+04
6.16000E-05 2.95241E+09 9.76149E+04
6.17000E-05 2.93332E+09 9.69836E+04
6.18000E-05 2.91438E+09 9.63574E+04
6.19000E-05 2.89559E+09 9.57363E+04
6.20000E-05 2.87696E+09 9.51201E+04
6.21000E-05 2.85847E+09 9.45089E+04
6.22000E-05 2.84013E+09 9.39026E+04
6.23000E-05 2.82194E+09 9.33011E+04
6.24000E-05 2.80390E+09 9.27045E+04
6.25000E-05 2.78599E+09 9.21126E+04
6.26000E-05 2.76823E+09 9.15254E+04
6.27000E-05 2.75062E+09 9.09429E+04
6.28000E-05 2.73314E+09 9.03651E+04
6.29000E-05 2.71580E+09 8.97918E+04
6.30000E-05 2.69860E+09 8.92230E+04
6.31000E-05 2.68153E+09 8.86588E+04
6.32000E-05 2.66460E+09 8.80990E+04
6.33000E-05 2.64780E+09 8.75436E+04
6.34000E-05 2.63113E+09 8.69925E+04
6.35000E-05 2.61460E+09 8.64459E+04
6.36000E-05 2.59819E+09 8.59035E+04
6.37000E-05 2.58192E+09 8.53653E+04
6.38000E-05 2.56577E+09 8.48313E+04
6.39000E-05 2.54974E+09 8.43016E+04
6.40000E-05 2.53385E+09 8.37759E+04
6.41000E-05 2.51807E+09 8.32544E+04
6.42000E-05 2.50242E+09 8.27368E+04
6.43000E-05 2.48689E+09 8.22234E+04
6.44000E-05 2.47148E+09 8.17138E+04
6.45000E-05 2.45619E+09 8.12083E+04
6.46000E-05 2.44101E+09 8.07066E+04
6.47000E-05 2.42596E+09 8.02088E+04
6.48000E-05 2.41102E+09 7.97148E+04
6.49000E-05 2.39619E+09 7.92246E+04
6.50000E-05 2.38148E+09 7.87382E+04
6.51000E-05 2.36688E+09 7.82555E+04
6.52000E-05 2.35239E+09 7.77766E+04
6.53000E-05 2.33802E+09 7.73012E+04
6.54000E-05 2.32375E+09 7.68295E+04
6.55000E-05 2.30959E+09 7.63614E+04
6.56000E-05 2.29554E+09 7.58968E+04
6.57000E-05 2.28160E+09 7.54358E+04
6.58000E-05 2.26776E+09 7.49783E+04
6.59000E-05 2.25402E+09 7.45242E+04
6.60000E-05 2.24039E+09 7.40736E+04
6.61000E-05 2.22687E+09 7.36263E+04
6.62000E-05 2.21344E+09 7.31825E+04
6.63000E-05 2.20012E+09 7.27420E+04
6.64000E-05 2.18689E+09 7.23047E+04
6.65000E-05 2.17377E+09 7.18708E+04
6.66000E-05 2.16074E+09 7.14401E+04
6.67000E-05 2.14781E+09 7.10127E+04
6.68000E-05 2.13498E+09 7.05884E+04
6.69000E-05 2.12225E+09 7.01673E+04
6.70000E-05 2.10960E+09 6.97493E+04
6.71000E-05 2.09706E+09 6.93344E+04
6.72000E-05 2.08460E+09 6.89227E+04
6.73000E-05 2.07224E+09 6.85139E+04
6.74000E-05 2.05997E+09 6.81082E+04
6.75000E-05 2.04779E+09 6.77055E+04
6.76000E-05 2.03570E+09 6.73058E+04
6.77000E-05 2.02370E+09 6.69090E+04
6.78000E-05 2.01178E+09 6.65151E+04
6.79000E-05 1.99996E+09 6.61241E+04
6.80000E-05 1.98822E+09 6.57360E+04
6.81000E-05 1.97657E+09 6.53508E+04
6.82000E-05 1.96500E+09 6.49683E+04
6.83000E-05 1.95352E+09 6.45887E+04
6.84000E-05 1.94212E+09 6.42118E+04
6.85000E-05 1.93080E+09 6.38376E+04
6.86000E-05 1.91957E+09 6.34662E+04
6.87000E-05 1.90842E+09 6.30975E+04
6.88000E-05 1.89735E+09 6.27315E+04
6.89000E-05 1.88635E+09 6.23681E+04
6.90000E-05 1.87544E+09 6.20073E+04
6.91000E-05 1.86461E+09 6.16491E+04
6.92000E-05 1.85386E+09 6.12935E+04
6.93000E-05 1.84318E+09 6.09405E+04
6.94000E-05 1.83258E+09 6.05900E+04
6.95000E-05 1.82205E+09 6.02421E+04
6.96000E-05 1.81160E+09 5.98966E+04
6.97000E-05 1.80123E+09 5.95536E+04
6.98000E-05 1.79093E+09 5.92130E+04
6.99000E-05 1.78070E+09 5.88749E+04
7.00000E-05 1.77055E+09 5.85392E+04
7.01000E-05 1.76047E+09 5.82059E+04
7.02000E-05 1.75046E+09 5.78750E+04
7.03000E-05 1.74052E+09 5.75463E+04
7.04000E-05 1.73065E+09 5.72201E+04
7.05000E-05 1.72085E+09 5.68961E+04
7.06000E-05 1.71112E+09 5.65744E+04
7.07000E-05 1.70146E+09 5.62550E+04
7.08000E-05 1.69187E+09 5.59379E+04
7.09000E-05 1.68235E+09 5.56230E+04
7.10000E-05 1.67289E+09 5.53103E+04
7.11000E-05 1.66350E+09 5.49997E+04
7.12000E-05 1.65417E+09 5.46914E+04
7.13000E-05 1.64491E+09 5.43852E+04
7.14000E-05 1.63571E+09 5.40812E+04
7.15000E-05 1.62658E+09 5.37793E+04
7.16000E-05 1.61751E+09 5.34795E+04
7.17000E-05 1.60851E+09 5.31817E+04
7.18000E-05 1.59957E+09 5.28861E+04
7.19000E-05 1.59069E+09 5.25925E+04
7.20000E-05 1.58187E+09 5.23009E+04
7.21000E-05 1.57311E+09 5.20113E+04
7.22000E-05 1.56441E+09 5.17238E+04
7.23000E-05 1.55578E+09 5.14382E+04
7.24000E-05 1.54720E+09 5.11546E+04
7.25000E-05 1.53868E+09 5.08730E+04
7.26000E-05 1.53022E+09 5.05933E+04
7.27000E-05 1.52182E+09 5.03155E+04
7.28000E-05 1.51347E+09 5.00396E+04
7.29000E-05 1.50519E+09 4.97656E+04
7.30000E-05 1.49695E+09 4.94934E+04
7.31000E-05 1.48878E+09 4.92232E+04
7.32000E-05 1.48066E+09 4.89547E+04
7.33000E-05 1.47260E+09 4.86881E+04
7.34000E-05 1.46459E+09 4.84234E+04
7.35000E-05 1.45664E+09 4.81604E+04
7.36000E-05 1.44873E+09 4.78992E+04
7.37000E-05 1.44089E+09 4.76397E+04
7.38000E-05 1.43309E+09 4.73820E+04
7.39000E-05 1.42535E+09 4.71261E+04
7.40000E-05 1.41766E+09 4.68719E+04
7.41000E-05 1.41003E+09 4.66194E+04
7.42000E-05 1.40244E+09 4.63685E+04
7.43000E-05 1.39491E+09 4.61194E+04
7.44000E-05 1.38742E+09 4.58720E+04
7.45000E-05 1.37999E+09 4.56262E+04
7.46000E-05 1.37260E+09 4.53820E+04
7.47000E-05 1.36527E+09 4.51395E+04
7.48000E-05 1.35798E+09 4.48986E+04
7.49000E-05 1.35074E+09 4.46593E+04
7.50000E-05 1.34355E+09 4.44216E+04
7.51000E-05 1.33641E+09 4.41855E+04
7.52000E-05 1.32932E+09 4.39509E+04
7.53000E-05 1.32227E+09 4.37179E+04
7.54000E-05 1.31527E+09 4.34864E+04
7.55000E-05 1.30832E+09 4.32565E+04
7.56000E-05 1.30141E+09 4.30281E+04
7.57000E-05 1.29454E+09 4.28012E+04
7.58000E-05 1.28773E+09 4.25757E+04
7.59000E-05 1.28095E+09 4.23518E+04
7.60000E-05 1.27422E+09 4.21293E+04
7.61000E-05 1.26754E+09 4.19083E+04
7.62000E-05 1.26090E+09 4.16888E+04
7.63000E-05 1.25430E+09 4.14707E+04
7.64000E-05 1.24775E+09 4.12540E+04
7.65000E-05 1.24124E+09 4.10387E+04
7.66000E-05 1.23477E+09 4.08248E+04
7.67000E-05 1.22834E+09 4.06123E+04
7.68000E-05 1.22196E+09 4.04012E+04
7.69000E-05 1.21561E+09 4.01915E+04
7.70000E-05 1.20931E+09 3.99831E+04
7.71000E-05 1.20305E+09 3.97760E+04
7.72000E-05 1.19683E+09 3.95703E+04
7.73000E-05 1.19064E+09 3.93660E+04
7.74000E-05 1.18450E+09 3.91629E+04
7.75000E-05 1.17840E+09 3.89612E+04
7.76000E-05 1.17234E+09 3.87608E+04
7.77000E-05 1.16632E+09 3.85616E+04
7.78000E-05 1.16033E+09 3.83637E+04
7.79000E-05 1.15438E+09 3.81671E+04
7.80000E-05 1.14848E+09 3.79718E+04
7.81000E-05 1.14260E+09 3.77777E+04
7.82000E-05 1.13677E+09 3.75848E+04
7.83000E-05 1.13098E+09 3.73931E+04
7.84000E-05 1.12522E+09 3.72027E+04
7.85000E-05 1.11949E+09 3.70135E+04
7.86000E-05 1.11381E+09 3.68255E+04
7.87000E-05 1.10816E+09 3.66387E+04
7.88000E-05 1.10254E+09 3.64531E+04
7.89000E-05 1.09696E+09 3.62686E+04
7.90000E-05 1.09142E+09 3.60853E+04
7.91000E-05 1.08591E+09 3.59032E+04
7.92000E-05 1.08044E+09 3.57222E+04
7.93000E-05 1.07500E+09 3.55424E+04
7.94000E-05 1.06959E+09 3.53636E+04
7.95000E-05 1.06422E+09 3.51861E+04
7.96000E-05 1.05888E+09 3.50096E+04
7.97000E-05 1.05358E+09 3.48342E+04
7.98000E-05 1.04831E+09 3.46599E+04
7.99000E-05 1.04307E+09 3.44867E+04
8.00000E-05 1.03786E+09 3.43146E+04
8.01000E-05 1.03269E+09 3.41436E+04
8.02000E-05 1.02755E+09 3.39736E+04
8.03000E-05 1.02244E+09 3.38047E+04
8.04000E-05 1.01736E+09 3.36368E+04
8.05000E-05 1.01232E+09 3.34700E+04
8.06000E-05 1.00730E+09 3.33042E+04
8.07000E-05 1.00232E+09 3.31394E+04
8.08000E-05 9.97366E+08 3.29757E+04
8.09000E-05 9.92444E+08 3.28129E+04
8.10000E-05 9.87552E+08 3.26512E+04
8.11000E-05 9.82690E+08 3.24904E+04
8.12000E-05 9.77859E+08 3.23307E+04
8.13000E-05 9.73056E+08 3.21719E+04
8.14000E-05 9.68284E+08 3.20141E+04
8.15000E-05 9.63540E+08 3.18573E+04
8.16000E-05 9.58825E+08 3.17014E+04
8.17000E-05 9.54140E+08 3.15465E+04
8.18000E-05 9.49482E+08 3.13925E+04
8.19000E-05 9.44854E+08 3.12395E+04
8.20000E-05 9.40253E+08 3.10873E+04
8.21000E-05 9.35680E+08 3.09362E+04
8.22000E-05 9.31136E+08 3.07859E+04
8.23000E-05 9.26618E+08 3.06365E+04
8.24000E-05 9.22128E+08 3.04881E+04
8.25000E-05 9.17665E+08 3.03405E+04
8.26000E-05 9.13230E+08 3.01939E+04
8.27000E-05 9.08821E+08 3.00481E+04
8.28000E-05 9.04438E+08 2.99032E+04
8.29000E-05 9.00082E+08 2.97592E+04
8.30000E-05 8.95752E+08 2.96160E+04
8.31000E-05 8.91448E+08 2.94737E+04
8.32000E-05 8.87170E+08 2.93323E+04
8.33000E-05 8.82918E+08 2.91917E+04
8.34000E-05 8.78691E+08 2.90519E+04
8.35000E-05 8.74489E+08 2.89130E+04
8.36000E-05 8.70312E+08 2.87749E+04
8.37000E-05 8.66160E+08 2.86376E+04
8.38000E-05 8.62033E+08 2.85012E+04
8.39000E-05 8.57931E+08 2.83656E+04
8.40000E-05 8.53853E+08 2.82307E+04
8.41000E-05 8.49799E+08 2.80967E+04
8.42000E-05 8.45769E+08 2.79634E+04
8.43000E-05 8.41763E+08 2.78310E+04
8.44000E-05 8.37781E+08 2.76993E+04
8.45000E-05 8.33822E+08 2.75684E+04
8.46000E-05 8.29887E+08 2.74383E+04
8.47000E-05 8.25974E+08 2.73090E+04
8.48000E-05 8.22085E+08 2.71804E+04
8.49000E-05 8.18219E+08 2.70526E+04
8.50000E-05 8.14375E+08 2.69255E+04
8.51000E-05 8.10554E+08 2.67991E+04
8.52000E-05 8.06755E+08 2.66735E+04
8.53000E-05 8.02979E+08 2.65487E+04
8.54000E-05 7.99224E+08 2.64245E+04
8.55000E-05 7.95492E+08 2.63011E+04
8.56000E-05 7.91781E+08 2.61785E+04
8.57000E-05 7.88092E+08 2.60565E+04
8.58000E-05 7.84424E+08 2.59352E+04
8.59000E-05 7.80778E+08 2.58147E+04
8.60000E-05 7.77153E+08 2.56948E+04
8.61000E-05 7.73549E+08 2.55756E+04
8.62000E-05 7.69965E+08 2.54572E+04
8.63000E-05 7.66403E+08 2.53394E+04
8.64000E-05 7.62861E+08 2.52223E+04
8.65000E-05 7.59339E+08 2.51058E+04
8.66000E-05 7.55838E+08 2.49901E+04
8.67000E-05 7.52357E+08 2.48750E+04
8.68000E-05 7.48896E+08 2.47605E+04
8.69000E-05 7.45454E+08 2.46468E+04
8.70000E-05 7.42033E+08 2.45336E+04
8.71000E-05 7.38631E+08 2.44212E+04
8.72000E-05 7.35249E+08 2.43093E+04
8.73000E-05 7.31886E+08 2.41981E+04
8.74000E-05 7.28542E+08 2.40876E+04
8.75000E-05 7.25217E+08 2.39777E+04
8.76000E-05 7.21911E+08 2.38684E+04
8.77000E-05 7.18624E+08 2.37597E+04
8.78000E-05 7.15356E+08 2.36516E+04
8.79000E-05 7.12106E+08 2.35442E+04
8.80000E-05 7.08875E+08 2.34373E+04
8.81000E-05 7.05662E+08 2.33311E+04
8.82000E-05 7.02467E+08 2.32255E+04
8.83000E-05 6.99290E+08 2.31204E+04
8.84000E-05 6.96131E+08 2.30160E+04
8.85000E-05 6.92990E+08 2.29122E+04
8.86000E-05 6.89867E+08 2.28089E+04
8.87000E-05 6.86761E+08 2.27062E+04
8.88000E-05 6.83673E+08 2.26041E+04
8.89000E-05 6.80602E+08 2.25026E+04
8.90000E-05 6.77548E+08 2.24016E+04
8.91000E-05 6.74511E+08 2.23012E+04
8.92000E-05 6.71492E+08 2.22014E+04
8.93000E-05 6.68489E+08 2.21021E+04
8.94000E-05 6.65503E+08 2.20034E+04
8.95000E-05 6.62534E+08 2.19052E+04
8.96000E-05 6.59581E+08 2.18076E+04
8.97000E-05 6.56645E+08 2.17105E+04
8.98000E-05 6.53725E+08 2.16139E+04
8.99000E-05 6.50821E+08 2.15179E+04
9.00000E-05 6.47933E+08 2.14224E+04
9.01000E-05 6.45061E+08 2.13275E+04
9.02000E-05 6.42205E+08 2.12331E+04
9.03000E-05 6.39365E+08 2.11392E+04
9.04000E-05 6.36541E+08 2.10458E+04
9.05000E-05 6.33732E+08 2.09529E+04
9.06000E-05 6.30939E+08 2.08606E+04
9.07000E-05 6.28161E+08 2.07687E+04
9.08000E-05 6.25398E+08 2.06774E+04
9.09000E-05 6.22651E+08 2.05865E+04
9.10000E-05 6.19918E+08 2.04962E+04
9.11000E-05 6.17201E+08 2.04064E+04
9.12000E-05 6.14498E+08 2.03170E+04
9.13000E-05 6.11811E+08 2.02281E+04
9.14000E-05 6.09138E+08 2.01398E+04
9.15000E-05 6.06479E+08 2.00519E+04
9.16000E-05 6.03835E+08 1.99644E+04
9.17000E-05 6.01205E+08 1.98775E+04
9.18000E-05 5.98590E+08 1.97910E+04
9.19000E-05 5.95989E+08 1.97050E+04
9.20000E-05 5.93402E+08 1.96195E+04
9.21000E-05 5.90829E+08 1.95344E+04
9.22000E-05 5.88270E+08 1.94498E+04
9.23000E-05 5.85724E+08 1.93657E+04
9.24000E-05 5.83193E+08 1.92820E+04
9.25000E-05 5.80675E+08 1.91987E+04
9.26000E-05 5.78171E+08 1.91159E+04
9.27000E-05 5.75680E+08 1.90336E+04
9.28000E-05 5.73203E+08 1.89517E+04
9.29000E-05 5.70739E+08 1.88702E+04
9.30000E-05 5.68288E+08 1.87892E+04
9.31000E-05 5.65850E+08 1.87086E+04
9.32000E-05 5.63426E+08 1.86284E+04
9.33000E-05 5.61014E+08 1.85487E+04
9.34000E-05 5.58615E+08 1.84693E+04
9.35000E-05 5.56229E+08 1.83905E+04
9.36000E-05 5.53856E+08 1.83120E+04
9.37000E-05 5.51495E+08 1.82339E+04
9.38000E-05 5.49147E+08 1.81563E+04
9.39000E-05 5.46812E+08 1.80791E+04
9.40000E-05 5.44489E+08 1.80023E+04
9.41000E-05 5.42178E+08 1.79259E+04
9.42000E-05 5.39879E+08 1.78499E+04
9.43000E-05 5.37593E+08 1.77743E+04
9.44000E-05 5.35318E+08 1.76991E+04
9.45000E-05 5.33056E+08 1.76243E+04
9.46000E-05 5.30806E+08 1.75499E+04
9.47000E-05 5.28567E+08 1.74759E+04
9.48000E-05 5.26341E+08 1.74023E+04
9.49000E-05 5.24126E+08 1.73290E+04
9.50000E-05 5.21922E+08 1.72562E+04
9.51000E-05 5.19730E+08 1.71837E+04
9.52000E-05 5.17550E+08 1.71116E+04
9.53000E-05 5.15381E+08 1.70399E+04
9.54000E-05 5.13224E+08 1.69686E+04
9.55000E-05 5.11077E+08 1.68976E+04
9.56000E-05 5.08942E+08 1.68270E+04
9.57000E-05 5.06818E+08 1.67568E+04
9.58000E-05 5.04706E+08 1.66870E+04
9.59000E-05 5.02604E+08 1.66175E+04
9.60000E-05 5.00513E+08 1.65483E+04
9.61000E-05 4.98433E+08 1.64796E+04
9.62000E-05 4.96364E+08 1.64111E+04
9.63000E-05 4.94305E+08 1.63431E+04
9.64000E-05 4.92257E+08 1.62754E+04
9.65000E-05 4.90220E+08 1.62080E+04
9.66000E-05 4.88193E+08 1.61410E+04
9.67000E-05 4.86177E+08 1.60743E+04
9.68000E-05 4.84171E+08 1.60080E+04
9.69000E-05 4.82175E+08 1.59420E+04
9.70000E-05 4.80190E+08 1.58764E+04
9.71000E-05 4.78215E+08 1.58111E+04
9.72000E-05 4.76250E+08 1.57461E+04
9.73000E-05 4.74295E+08 1.56815E+04
9.74000E-05 4.72350E+08 1.56172E+04
9.75000E-05 4.70416E+08 1.55532E+04
9.76000E-05 4.68491E+08 1.54896E+04
9.77000E-05 4.66575E+08 1.54263E+04
9.78000E-05 4.64670E+08 1.53633E+04
9.79000E-05 4.62774E+08 1.53006E+04
9.80000E-05 4.60888E+08 1.52382E+04
9.81000E-05 4.59012E+08 1.51762E+04
9.82000E-05 4.57145E+08 1.51145E+04
9.83000E-05 4.55288E+08 1.50531E+04
9.84000E-05 4.53440E+08 1.49920E+04
9.85000E-05 4.51601E+08 1.49312E+04
9.86000E-05 4.49772E+08 1.48707E+04
9.87000E-05 4.47952E+08 1.48105E+04
9.88000E-05 4.46141E+08 1.47507E+04
9.89000E-05 4.44340E+08 1.46911E+04
9.90000E-05 4.42547E+08 1.46318E+04
9.91000E-05 4.40763E+08 1.45728E+04
9.92000E-05 4.38989E+08 1.45142E+04
9.93000E-05 4.37223E+08 1.44558E+04
9.94000E-05 4.35466E+08 1.43977E+04
9.95000E-05 4.33718E+08 1.43399E+04
9.96000E-05 4.31979E+08 1.42824E+04
9.97000E-05 4.30249E+08 1.42252E+04
9.98000E-05 4.28527E+08 1.41683E+04
9.99000E-05 4.26814E+08 1.41116E+04
1.00000E-04 4.25109E+08 1.40553E+04
