#  FeatureSize(cm)    Fluence(mum2)   Dose(Gy)
1.00000E-07 5.64353E+20 1.86591E+16
2.00000E-07 3.52721E+19 1.16619E+15
3.00000E-07 6.96732E+18 2.30359E+14
4.00000E-07 2.20450E+18 7.28869E+13
5.00000E-07 9.02965E+17 2.98545E+13
6.00000E-07 4.35457E+17 1.43974E+13
7.00000E-07 2.35049E+17 7.77137E+12
8.00000E-07 1.37781E+17 4.55543E+12
9.00000E-07 8.60163E+16 2.84393E+12
1.00000E-06 5.64353E+16 1.86591E+12
1.10000E-06 3.85461E+16 1.27444E+12
1.20000E-06 2.72161E+16 8.99839E+11
1.30000E-06 1.97596E+16 6.53305E+11
1.40000E-06 1.46906E+16 4.85711E+11
1.50000E-06 1.11477E+16 3.68574E+11
1.60000E-06 8.61134E+15 2.84715E+11
1.70000E-06 6.75702E+15 2.23406E+11
1.80000E-06 5.37602E+15 1.77746E+11
1.90000E-06 4.33048E+15 1.43178E+11
2.00000E-06 3.52721E+15 1.16619E+11
2.10000E-06 2.90184E+15 9.59428E+10
2.20000E-06 2.40913E+15 7.96524E+10
2.30000E-06 2.01669E+15 6.66774E+10
2.40000E-06 1.70101E+15 5.62399E+10
2.50000E-06 1.44474E+15 4.77672E+10
2.60000E-06 1.23497E+15 4.08316E+10
2.70000E-06 1.06193E+15 3.51103E+10
2.80000E-06 9.18161E+14 3.03569E+10
2.90000E-06 7.97919E+14 2.63814E+10
3.00000E-06 6.96732E+14 2.30359E+10
3.10000E-06 6.11088E+14 2.02043E+10
3.20000E-06 5.38209E+14 1.77947E+10
3.30000E-06 4.75877E+14 1.57338E+10
3.40000E-06 4.22314E+14 1.39628E+10
3.50000E-06 3.76079E+14 1.24342E+10
3.60000E-06 3.36001E+14 1.11091E+10
3.70000E-06 3.01123E+14 9.95595E+09
3.80000E-06 2.70655E+14 8.94860E+09
3.90000E-06 2.43945E+14 8.06550E+09
4.00000E-06 2.20450E+14 7.28869E+09
4.10000E-06 1.99717E+14 6.60320E+09
4.20000E-06 1.81365E+14 5.99643E+09
4.30000E-06 1.65073E+14 5.45778E+09
4.40000E-06 1.50571E+14 4.97828E+09
4.50000E-06 1.37626E+14 4.55030E+09
4.60000E-06 1.26043E+14 4.16733E+09
4.70000E-06 1.15654E+14 3.82383E+09
4.80000E-06 1.06313E+14 3.51500E+09
4.90000E-06 9.78963E+13 3.23672E+09
5.00000E-06 9.02965E+13 2.98545E+09
5.10000E-06 8.34200E+13 2.75809E+09
5.20000E-06 7.71858E+13 2.55197E+09
5.30000E-06 7.15233E+13 2.36476E+09
5.40000E-06 6.63706E+13 2.19439E+09
5.50000E-06 6.16737E+13 2.03910E+09
5.60000E-06 5.73850E+13 1.89731E+09
5.70000E-06 5.34628E+13 1.76763E+09
5.80000E-06 4.98699E+13 1.64884E+09
5.90000E-06 4.65739E+13 1.53986E+09
6.00000E-06 4.35457E+13 1.43974E+09
6.10000E-06 4.07597E+13 1.34763E+09
6.20000E-06 3.81930E+13 1.26277E+09
6.30000E-06 3.58252E+13 1.18448E+09
6.40000E-06 3.36381E+13 1.11217E+09
6.50000E-06 3.16153E+13 1.04529E+09
6.60000E-06 2.97423E+13 9.83363E+08
6.70000E-06 2.80060E+13 9.25956E+08
6.80000E-06 2.63946E+13 8.72678E+08
6.90000E-06 2.48974E+13 8.23177E+08
7.00000E-06 2.35049E+13 7.77137E+08
7.10000E-06 2.22084E+13 7.34271E+08
7.20000E-06 2.10001E+13 6.94320E+08
7.30000E-06 1.98728E+13 6.57050E+08
7.40000E-06 1.88202E+13 6.22247E+08
7.50000E-06 1.78363E+13 5.89718E+08
7.60000E-06 1.69160E+13 5.59288E+08
7.70000E-06 1.60542E+13 5.30795E+08
7.80000E-06 1.52466E+13 5.04094E+08
7.90000E-06 1.44891E+13 4.79051E+08
8.00000E-06 1.37781E+13 4.55543E+08
8.10000E-06 1.31102E+13 4.33461E+08
8.20000E-06 1.24823E+13 4.12700E+08
8.30000E-06 1.18915E+13 3.93167E+08
8.40000E-06 1.13353E+13 3.74777E+08
8.50000E-06 1.08112E+13 3.57449E+08
8.60000E-06 1.03171E+13 3.41111E+08
8.70000E-06 9.85085E+12 3.25696E+08
8.80000E-06 9.41066E+12 3.11142E+08
8.90000E-06 8.99478E+12 2.97392E+08
9.00000E-06 8.60163E+12 2.84393E+08
9.10000E-06 8.22972E+12 2.72097E+08
9.20000E-06 7.87770E+12 2.60458E+08
9.30000E-06 7.54430E+12 2.49435E+08
9.40000E-06 7.22835E+12 2.38989E+08
9.50000E-06 6.92877E+12 2.29084E+08
9.60000E-06 6.64455E+12 2.19687E+08
9.70000E-06 6.37476E+12 2.10767E+08
9.80000E-06 6.11852E+12 2.02295E+08
9.90000E-06 5.87503E+12 1.94245E+08
1.00000E-05 5.64353E+12 1.86591E+08
1.01000E-05 5.42332E+12 1.79310E+08
1.02000E-05 5.21375E+12 1.72381E+08
1.03000E-05 5.01420E+12 1.65783E+08
1.04000E-05 4.82411E+12 1.59498E+08
1.05000E-05 4.64295E+12 1.53509E+08
1.06000E-05 4.47020E+12 1.47797E+08
1.07000E-05 4.30542E+12 1.42349E+08
1.08000E-05 4.14816E+12 1.37150E+08
1.09000E-05 3.99802E+12 1.32185E+08
1.10000E-05 3.85461E+12 1.27444E+08
1.11000E-05 3.71757E+12 1.22913E+08
1.12000E-05 3.58656E+12 1.18582E+08
1.13000E-05 3.46128E+12 1.14439E+08
1.14000E-05 3.34142E+12 1.10477E+08
1.15000E-05 3.22671E+12 1.06684E+08
1.16000E-05 3.11687E+12 1.03052E+08
1.17000E-05 3.01167E+12 9.95741E+07
1.18000E-05 2.91087E+12 9.62413E+07
1.19000E-05 2.81425E+12 9.30469E+07
1.20000E-05 2.72161E+12 8.99839E+07
1.21000E-05 2.63275E+12 8.70459E+07
1.22000E-05 2.54748E+12 8.42268E+07
1.23000E-05 2.46564E+12 8.15210E+07
1.24000E-05 2.38706E+12 7.89229E+07
1.25000E-05 2.31159E+12 7.64275E+07
1.26000E-05 2.23907E+12 7.40300E+07
1.27000E-05 2.16938E+12 7.17257E+07
1.28000E-05 2.10238E+12 6.95104E+07
1.29000E-05 2.03794E+12 6.73800E+07
1.30000E-05 1.97596E+12 6.53305E+07
1.31000E-05 1.91631E+12 6.33584E+07
1.32000E-05 1.85890E+12 6.14602E+07
1.33000E-05 1.80362E+12 5.96325E+07
1.34000E-05 1.75038E+12 5.78723E+07
1.35000E-05 1.69909E+12 5.61765E+07
1.36000E-05 1.64966E+12 5.45424E+07
1.37000E-05 1.60202E+12 5.29672E+07
1.38000E-05 1.55609E+12 5.14486E+07
1.39000E-05 1.51179E+12 4.99839E+07
1.40000E-05 1.46906E+12 4.85711E+07
1.41000E-05 1.42782E+12 4.72077E+07
1.42000E-05 1.38803E+12 4.58919E+07
1.43000E-05 1.34960E+12 4.46216E+07
1.44000E-05 1.31250E+12 4.33950E+07
1.45000E-05 1.27667E+12 4.22102E+07
1.46000E-05 1.24205E+12 4.10656E+07
1.47000E-05 1.20860E+12 3.99595E+07
1.48000E-05 1.17626E+12 3.88904E+07
1.49000E-05 1.14500E+12 3.78569E+07
1.50000E-05 1.11477E+12 3.68574E+07
1.51000E-05 1.08553E+12 3.58907E+07
1.52000E-05 1.05725E+12 3.49555E+07
1.53000E-05 1.02988E+12 3.40505E+07
1.54000E-05 1.00339E+12 3.31747E+07
1.55000E-05 9.77741E+11 3.23268E+07
1.56000E-05 9.52911E+11 3.15059E+07
1.57000E-05 9.28864E+11 3.07108E+07
1.58000E-05 9.05571E+11 2.99407E+07
1.59000E-05 8.83003E+11 2.91945E+07
1.60000E-05 8.61134E+11 2.84715E+07
1.61000E-05 8.39938E+11 2.77707E+07
1.62000E-05 8.19390E+11 2.70913E+07
1.63000E-05 7.99467E+11 2.64326E+07
1.64000E-05 7.80145E+11 2.57937E+07
1.65000E-05 7.61404E+11 2.51741E+07
1.66000E-05 7.43222E+11 2.45730E+07
1.67000E-05 7.25579E+11 2.39896E+07
1.68000E-05 7.08457E+11 2.34235E+07
1.69000E-05 6.91837E+11 2.28740E+07
1.70000E-05 6.75702E+11 2.23406E+07
1.71000E-05 6.60034E+11 2.18225E+07
1.72000E-05 6.44818E+11 2.13194E+07
1.73000E-05 6.30037E+11 2.08308E+07
1.74000E-05 6.15678E+11 2.03560E+07
1.75000E-05 6.01726E+11 1.98947E+07
1.76000E-05 5.88166E+11 1.94464E+07
1.77000E-05 5.74987E+11 1.90106E+07
1.78000E-05 5.62174E+11 1.85870E+07
1.79000E-05 5.49716E+11 1.81751E+07
1.80000E-05 5.37602E+11 1.77746E+07
1.81000E-05 5.25819E+11 1.73850E+07
1.82000E-05 5.14358E+11 1.70061E+07
1.83000E-05 5.03207E+11 1.66374E+07
1.84000E-05 4.92356E+11 1.62787E+07
1.85000E-05 4.81797E+11 1.59295E+07
1.86000E-05 4.71519E+11 1.55897E+07
1.87000E-05 4.61513E+11 1.52589E+07
1.88000E-05 4.51772E+11 1.49368E+07
1.89000E-05 4.42286E+11 1.46232E+07
1.90000E-05 4.33048E+11 1.43178E+07
1.91000E-05 4.24050E+11 1.40203E+07
1.92000E-05 4.15285E+11 1.37305E+07
1.93000E-05 4.06744E+11 1.34481E+07
1.94000E-05 3.98422E+11 1.31729E+07
1.95000E-05 3.90312E+11 1.29048E+07
1.96000E-05 3.82408E+11 1.26434E+07
1.97000E-05 3.74702E+11 1.23887E+07
1.98000E-05 3.67189E+11 1.21403E+07
1.99000E-05 3.59864E+11 1.18981E+07
2.00000E-05 3.52721E+11 1.16619E+07
2.01000E-05 3.45753E+11 1.14316E+07
2.02000E-05 3.38958E+11 1.12069E+07
2.03000E-05 3.32328E+11 1.09877E+07
2.04000E-05 3.25859E+11 1.07738E+07
2.05000E-05 3.19547E+11 1.05651E+07
2.06000E-05 3.13388E+11 1.03615E+07
2.07000E-05 3.07376E+11 1.01627E+07
2.08000E-05 3.01507E+11 9.96865E+06
2.09000E-05 2.95778E+11 9.77923E+06
2.10000E-05 2.90184E+11 9.59428E+06
2.11000E-05 2.84722E+11 9.41369E+06
2.12000E-05 2.79388E+11 9.23733E+06
2.13000E-05 2.74178E+11 9.06507E+06
2.14000E-05 2.69089E+11 8.89682E+06
2.15000E-05 2.64117E+11 8.73244E+06
2.16000E-05 2.59260E+11 8.57185E+06
2.17000E-05 2.54514E+11 8.41493E+06
2.18000E-05 2.49876E+11 8.26159E+06
2.19000E-05 2.45343E+11 8.11173E+06
2.20000E-05 2.40913E+11 7.96524E+06
2.21000E-05 2.36582E+11 7.82205E+06
2.22000E-05 2.32348E+11 7.68206E+06
2.23000E-05 2.28208E+11 7.54519E+06
2.24000E-05 2.24160E+11 7.41135E+06
2.25000E-05 2.20202E+11 7.28047E+06
2.26000E-05 2.16330E+11 7.15247E+06
2.27000E-05 2.12543E+11 7.02726E+06
2.28000E-05 2.08839E+11 6.90479E+06
2.29000E-05 2.05215E+11 6.78497E+06
2.30000E-05 2.01669E+11 6.66774E+06
2.31000E-05 1.98200E+11 6.55302E+06
2.32000E-05 1.94804E+11 6.44077E+06
2.33000E-05 1.91482E+11 6.33091E+06
2.34000E-05 1.88229E+11 6.22338E+06
2.35000E-05 1.85046E+11 6.11812E+06
2.36000E-05 1.81929E+11 6.01508E+06
2.37000E-05 1.78878E+11 5.91420E+06
2.38000E-05 1.75891E+11 5.81543E+06
2.39000E-05 1.72965E+11 5.71871E+06
2.40000E-05 1.70101E+11 5.62399E+06
2.41000E-05 1.67295E+11 5.53123E+06
2.42000E-05 1.64547E+11 5.44037E+06
2.43000E-05 1.61855E+11 5.35137E+06
2.44000E-05 1.59218E+11 5.26418E+06
2.45000E-05 1.56634E+11 5.17875E+06
2.46000E-05 1.54103E+11 5.09506E+06
2.47000E-05 1.51622E+11 5.01305E+06
2.48000E-05 1.49191E+11 4.93268E+06
2.49000E-05 1.46809E+11 4.85392E+06
2.50000E-05 1.44474E+11 4.77672E+06
2.51000E-05 1.42186E+11 4.70105E+06
2.52000E-05 1.39942E+11 4.62687E+06
2.53000E-05 1.37743E+11 4.55415E+06
2.54000E-05 1.35586E+11 4.48286E+06
2.55000E-05 1.33472E+11 4.41295E+06
2.56000E-05 1.31399E+11 4.34440E+06
2.57000E-05 1.29365E+11 4.27718E+06
2.58000E-05 1.27371E+11 4.21125E+06
2.59000E-05 1.25416E+11 4.14659E+06
2.60000E-05 1.23497E+11 4.08316E+06
2.61000E-05 1.21615E+11 4.02094E+06
2.62000E-05 1.19769E+11 3.95990E+06
2.63000E-05 1.17958E+11 3.90002E+06
2.64000E-05 1.16181E+11 3.84126E+06
2.65000E-05 1.14437E+11 3.78361E+06
2.66000E-05 1.12726E+11 3.72703E+06
2.67000E-05 1.11047E+11 3.67151E+06
2.68000E-05 1.09399E+11 3.61702E+06
2.69000E-05 1.07781E+11 3.56353E+06
2.70000E-05 1.06193E+11 3.51103E+06
2.71000E-05 1.04634E+11 3.45949E+06
2.72000E-05 1.03104E+11 3.40890E+06
2.73000E-05 1.01602E+11 3.35923E+06
2.74000E-05 1.00126E+11 3.31045E+06
2.75000E-05 9.86779E+10 3.26256E+06
2.76000E-05 9.72556E+10 3.21554E+06
2.77000E-05 9.58587E+10 3.16935E+06
2.78000E-05 9.44869E+10 3.12400E+06
2.79000E-05 9.31395E+10 3.07945E+06
2.80000E-05 9.18161E+10 3.03569E+06
2.81000E-05 9.05160E+10 2.99271E+06
2.82000E-05 8.92389E+10 2.95048E+06
2.83000E-05 8.79843E+10 2.90900E+06
2.84000E-05 8.67516E+10 2.86825E+06
2.85000E-05 8.55404E+10 2.82820E+06
2.86000E-05 8.43503E+10 2.78885E+06
2.87000E-05 8.31808E+10 2.75019E+06
2.88000E-05 8.20315E+10 2.71219E+06
2.89000E-05 8.09020E+10 2.67484E+06
2.90000E-05 7.97919E+10 2.63814E+06
2.91000E-05 7.87007E+10 2.60206E+06
2.92000E-05 7.76282E+10 2.56660E+06
2.93000E-05 7.65738E+10 2.53174E+06
2.94000E-05 7.55373E+10 2.49747E+06
2.95000E-05 7.45183E+10 2.46378E+06
2.96000E-05 7.35163E+10 2.43065E+06
2.97000E-05 7.25312E+10 2.39808E+06
2.98000E-05 7.15625E+10 2.36605E+06
2.99000E-05 7.06100E+10 2.33456E+06
3.00000E-05 6.96732E+10 2.30359E+06
3.01000E-05 6.87519E+10 2.27313E+06
3.02000E-05 6.78458E+10 2.24317E+06
3.03000E-05 6.69546E+10 2.21370E+06
3.04000E-05 6.60779E+10 2.18472E+06
3.05000E-05 6.52156E+10 2.15621E+06
3.06000E-05 6.43673E+10 2.12816E+06
3.07000E-05 6.35327E+10 2.10057E+06
3.08000E-05 6.27116E+10 2.07342E+06
3.09000E-05 6.19037E+10 2.04671E+06
3.10000E-05 6.11088E+10 2.02043E+06
3.11000E-05 6.03266E+10 1.99456E+06
3.12000E-05 5.95569E+10 1.96912E+06
3.13000E-05 5.87995E+10 1.94407E+06
3.14000E-05 5.80540E+10 1.91942E+06
3.15000E-05 5.73203E+10 1.89517E+06
3.16000E-05 5.65982E+10 1.87129E+06
3.17000E-05 5.58874E+10 1.84779E+06
3.18000E-05 5.51877E+10 1.82466E+06
3.19000E-05 5.44989E+10 1.80188E+06
3.20000E-05 5.38209E+10 1.77947E+06
3.21000E-05 5.31533E+10 1.75740E+06
3.22000E-05 5.24961E+10 1.73567E+06
3.23000E-05 5.18490E+10 1.71427E+06
3.24000E-05 5.12119E+10 1.69321E+06
3.25000E-05 5.05845E+10 1.67246E+06
3.26000E-05 4.99667E+10 1.65204E+06
3.27000E-05 4.93582E+10 1.63192E+06
3.28000E-05 4.87591E+10 1.61211E+06
3.29000E-05 4.81689E+10 1.59260E+06
3.30000E-05 4.75877E+10 1.57338E+06
3.31000E-05 4.70153E+10 1.55445E+06
3.32000E-05 4.64514E+10 1.53581E+06
3.33000E-05 4.58959E+10 1.51744E+06
3.34000E-05 4.53487E+10 1.49935E+06
3.35000E-05 4.48096E+10 1.48153E+06
3.36000E-05 4.42786E+10 1.46397E+06
3.37000E-05 4.37553E+10 1.44667E+06
3.38000E-05 4.32398E+10 1.42963E+06
3.39000E-05 4.27319E+10 1.41283E+06
3.40000E-05 4.22314E+10 1.39628E+06
3.41000E-05 4.17382E+10 1.37998E+06
3.42000E-05 4.12521E+10 1.36391E+06
3.43000E-05 4.07732E+10 1.34807E+06
3.44000E-05 4.03011E+10 1.33247E+06
3.45000E-05 3.98359E+10 1.31708E+06
3.46000E-05 3.93773E+10 1.30192E+06
3.47000E-05 3.89254E+10 1.28698E+06
3.48000E-05 3.84799E+10 1.27225E+06
3.49000E-05 3.80407E+10 1.25773E+06
3.50000E-05 3.76079E+10 1.24342E+06
3.51000E-05 3.71811E+10 1.22931E+06
3.52000E-05 3.67604E+10 1.21540E+06
3.53000E-05 3.63456E+10 1.20169E+06
3.54000E-05 3.59367E+10 1.18816E+06
3.55000E-05 3.55334E+10 1.17483E+06
3.56000E-05 3.51359E+10 1.16169E+06
3.57000E-05 3.47438E+10 1.14873E+06
3.58000E-05 3.43573E+10 1.13595E+06
3.59000E-05 3.39761E+10 1.12334E+06
3.60000E-05 3.36001E+10 1.11091E+06
3.61000E-05 3.32294E+10 1.09865E+06
3.62000E-05 3.28637E+10 1.08656E+06
3.63000E-05 3.25031E+10 1.07464E+06
3.64000E-05 3.21474E+10 1.06288E+06
3.65000E-05 3.17965E+10 1.05128E+06
3.66000E-05 3.14504E+10 1.03984E+06
3.67000E-05 3.11090E+10 1.02855E+06
3.68000E-05 3.07723E+10 1.01742E+06
3.69000E-05 3.04400E+10 1.00643E+06
3.70000E-05 3.01123E+10 9.95595E+05
3.71000E-05 2.97889E+10 9.84904E+05
3.72000E-05 2.94699E+10 9.74357E+05
3.73000E-05 2.91552E+10 9.63950E+05
3.74000E-05 2.88446E+10 9.53681E+05
3.75000E-05 2.85381E+10 9.43549E+05
3.76000E-05 2.82358E+10 9.33552E+05
3.77000E-05 2.79374E+10 9.23686E+05
3.78000E-05 2.76429E+10 9.13950E+05
3.79000E-05 2.73523E+10 9.04342E+05
3.80000E-05 2.70655E+10 8.94860E+05
3.81000E-05 2.67825E+10 8.85502E+05
3.82000E-05 2.65031E+10 8.76267E+05
3.83000E-05 2.62274E+10 8.67151E+05
3.84000E-05 2.59553E+10 8.58153E+05
3.85000E-05 2.56867E+10 8.49272E+05
3.86000E-05 2.54215E+10 8.40505E+05
3.87000E-05 2.51598E+10 8.31852E+05
3.88000E-05 2.49014E+10 8.23309E+05
3.89000E-05 2.46463E+10 8.14876E+05
3.90000E-05 2.43945E+10 8.06550E+05
3.91000E-05 2.41459E+10 7.98330E+05
3.92000E-05 2.39005E+10 7.90215E+05
3.93000E-05 2.36581E+10 7.82203E+05
3.94000E-05 2.34189E+10 7.74292E+05
3.95000E-05 2.31826E+10 7.66481E+05
3.96000E-05 2.29493E+10 7.58768E+05
3.97000E-05 2.27190E+10 7.51152E+05
3.98000E-05 2.24915E+10 7.43631E+05
3.99000E-05 2.22669E+10 7.36204E+05
4.00000E-05 2.20450E+10 7.28869E+05
4.01000E-05 2.18260E+10 7.21626E+05
4.02000E-05 2.16096E+10 7.14472E+05
4.03000E-05 2.13959E+10 7.07407E+05
4.04000E-05 2.11848E+10 7.00429E+05
4.05000E-05 2.09764E+10 6.93537E+05
4.06000E-05 2.07705E+10 6.86729E+05
4.07000E-05 2.05671E+10 6.80005E+05
4.08000E-05 2.03662E+10 6.73363E+05
4.09000E-05 2.01678E+10 6.66801E+05
4.10000E-05 1.99717E+10 6.60320E+05
4.11000E-05 1.97781E+10 6.53917E+05
4.12000E-05 1.95867E+10 6.47591E+05
4.13000E-05 1.93977E+10 6.41342E+05
4.14000E-05 1.92110E+10 6.35168E+05
4.15000E-05 1.90265E+10 6.29068E+05
4.16000E-05 1.88442E+10 6.23041E+05
4.17000E-05 1.86641E+10 6.17086E+05
4.18000E-05 1.84861E+10 6.11202E+05
4.19000E-05 1.83103E+10 6.05388E+05
4.20000E-05 1.81365E+10 5.99643E+05
4.21000E-05 1.79648E+10 5.93966E+05
4.22000E-05 1.77951E+10 5.88356E+05
4.23000E-05 1.76274E+10 5.82812E+05
4.24000E-05 1.74617E+10 5.77333E+05
4.25000E-05 1.72980E+10 5.71918E+05
4.26000E-05 1.71361E+10 5.66567E+05
4.27000E-05 1.69762E+10 5.61278E+05
4.28000E-05 1.68181E+10 5.56051E+05
4.29000E-05 1.66618E+10 5.50884E+05
4.30000E-05 1.65073E+10 5.45778E+05
4.31000E-05 1.63547E+10 5.40730E+05
4.32000E-05 1.62038E+10 5.35741E+05
4.33000E-05 1.60546E+10 5.30809E+05
4.34000E-05 1.59071E+10 5.25933E+05
4.35000E-05 1.57614E+10 5.21114E+05
4.36000E-05 1.56173E+10 5.16349E+05
4.37000E-05 1.54748E+10 5.11639E+05
4.38000E-05 1.53340E+10 5.06983E+05
4.39000E-05 1.51947E+10 5.02379E+05
4.40000E-05 1.50571E+10 4.97828E+05
4.41000E-05 1.49209E+10 4.93328E+05
4.42000E-05 1.47864E+10 4.88878E+05
4.43000E-05 1.46533E+10 4.84479E+05
4.44000E-05 1.45217E+10 4.80129E+05
4.45000E-05 1.43917E+10 4.75828E+05
4.46000E-05 1.42630E+10 4.71574E+05
4.47000E-05 1.41358E+10 4.67369E+05
4.48000E-05 1.40100E+10 4.63210E+05
4.49000E-05 1.38856E+10 4.59097E+05
4.50000E-05 1.37626E+10 4.55030E+05
4.51000E-05 1.36409E+10 4.51007E+05
4.52000E-05 1.35206E+10 4.47029E+05
4.53000E-05 1.34016E+10 4.43095E+05
4.54000E-05 1.32840E+10 4.39204E+05
4.55000E-05 1.31676E+10 4.35356E+05
4.56000E-05 1.30524E+10 4.31549E+05
4.57000E-05 1.29386E+10 4.27784E+05
4.58000E-05 1.28259E+10 4.24060E+05
4.59000E-05 1.27145E+10 4.20377E+05
4.60000E-05 1.26043E+10 4.16733E+05
4.61000E-05 1.24953E+10 4.13129E+05
4.62000E-05 1.23875E+10 4.09564E+05
4.63000E-05 1.22808E+10 4.06037E+05
4.64000E-05 1.21753E+10 4.02548E+05
4.65000E-05 1.20709E+10 3.99096E+05
4.66000E-05 1.19676E+10 3.95682E+05
4.67000E-05 1.18654E+10 3.92303E+05
4.68000E-05 1.17643E+10 3.88961E+05
4.69000E-05 1.16643E+10 3.85654E+05
4.70000E-05 1.15654E+10 3.82383E+05
4.71000E-05 1.14675E+10 3.79146E+05
4.72000E-05 1.13706E+10 3.75943E+05
4.73000E-05 1.12747E+10 3.72774E+05
4.74000E-05 1.11799E+10 3.69638E+05
4.75000E-05 1.10860E+10 3.66535E+05
4.76000E-05 1.09932E+10 3.63464E+05
4.77000E-05 1.09013E+10 3.60426E+05
4.78000E-05 1.08103E+10 3.57419E+05
4.79000E-05 1.07203E+10 3.54444E+05
4.80000E-05 1.06313E+10 3.51500E+05
4.81000E-05 1.05432E+10 3.48586E+05
4.82000E-05 1.04559E+10 3.45702E+05
4.83000E-05 1.03696E+10 3.42848E+05
4.84000E-05 1.02842E+10 3.40023E+05
4.85000E-05 1.01996E+10 3.37227E+05
4.86000E-05 1.01159E+10 3.34460E+05
4.87000E-05 1.00331E+10 3.31722E+05
4.88000E-05 9.95111E+09 3.29011E+05
4.89000E-05 9.86996E+09 3.26328E+05
4.90000E-05 9.78963E+09 3.23672E+05
4.91000E-05 9.71012E+09 3.21043E+05
4.92000E-05 9.63142E+09 3.18441E+05
4.93000E-05 9.55351E+09 3.15865E+05
4.94000E-05 9.47639E+09 3.13316E+05
4.95000E-05 9.40005E+09 3.10791E+05
4.96000E-05 9.32447E+09 3.08293E+05
4.97000E-05 9.24965E+09 3.05819E+05
4.98000E-05 9.17558E+09 3.03370E+05
4.99000E-05 9.10225E+09 3.00945E+05
5.00000E-05 9.02965E+09 2.98545E+05
5.01000E-05 8.95777E+09 2.96168E+05
5.02000E-05 8.88661E+09 2.93816E+05
5.03000E-05 8.81615E+09 2.91486E+05
5.04000E-05 8.74639E+09 2.89180E+05
5.05000E-05 8.67731E+09 2.86896E+05
5.06000E-05 8.60892E+09 2.84635E+05
5.07000E-05 8.54120E+09 2.82396E+05
5.08000E-05 8.47415E+09 2.80179E+05
5.09000E-05 8.40775E+09 2.77983E+05
5.10000E-05 8.34200E+09 2.75809E+05
5.11000E-05 8.27689E+09 2.73657E+05
5.12000E-05 8.21242E+09 2.71525E+05
5.13000E-05 8.14857E+09 2.69414E+05
5.14000E-05 8.08534E+09 2.67324E+05
5.15000E-05 8.02272E+09 2.65253E+05
5.16000E-05 7.96071E+09 2.63203E+05
5.17000E-05 7.89930E+09 2.61173E+05
5.18000E-05 7.83848E+09 2.59162E+05
5.19000E-05 7.77824E+09 2.57170E+05
5.20000E-05 7.71858E+09 2.55197E+05
5.21000E-05 7.65949E+09 2.53244E+05
5.22000E-05 7.60097E+09 2.51309E+05
5.23000E-05 7.54300E+09 2.49392E+05
5.24000E-05 7.48558E+09 2.47494E+05
5.25000E-05 7.42871E+09 2.45614E+05
5.26000E-05 7.37238E+09 2.43751E+05
5.27000E-05 7.31658E+09 2.41906E+05
5.28000E-05 7.26131E+09 2.40079E+05
5.29000E-05 7.20656E+09 2.38269E+05
5.30000E-05 7.15233E+09 2.36476E+05
5.31000E-05 7.09860E+09 2.34699E+05
5.32000E-05 7.04538E+09 2.32940E+05
5.33000E-05 6.99265E+09 2.31196E+05
5.34000E-05 6.94042E+09 2.29469E+05
5.35000E-05 6.88867E+09 2.27758E+05
5.36000E-05 6.83741E+09 2.26064E+05
5.37000E-05 6.78662E+09 2.24384E+05
5.38000E-05 6.73630E+09 2.22721E+05
5.39000E-05 6.68645E+09 2.21072E+05
5.40000E-05 6.63706E+09 2.19439E+05
5.41000E-05 6.58812E+09 2.17821E+05
5.42000E-05 6.53964E+09 2.16218E+05
5.43000E-05 6.49160E+09 2.14630E+05
5.44000E-05 6.44399E+09 2.13056E+05
5.45000E-05 6.39683E+09 2.11497E+05
5.46000E-05 6.35009E+09 2.09952E+05
5.47000E-05 6.30379E+09 2.08420E+05
5.48000E-05 6.25790E+09 2.06903E+05
5.49000E-05 6.21243E+09 2.05400E+05
5.50000E-05 6.16737E+09 2.03910E+05
5.51000E-05 6.12272E+09 2.02434E+05
5.52000E-05 6.07847E+09 2.00971E+05
5.53000E-05 6.03462E+09 1.99521E+05
5.54000E-05 5.99117E+09 1.98085E+05
5.55000E-05 5.94811E+09 1.96661E+05
5.56000E-05 5.90543E+09 1.95250E+05
5.57000E-05 5.86314E+09 1.93851E+05
5.58000E-05 5.82122E+09 1.92465E+05
5.59000E-05 5.77968E+09 1.91092E+05
5.60000E-05 5.73850E+09 1.89731E+05
5.61000E-05 5.69770E+09 1.88381E+05
5.62000E-05 5.65725E+09 1.87044E+05
5.63000E-05 5.61717E+09 1.85719E+05
5.64000E-05 5.57743E+09 1.84405E+05
5.65000E-05 5.53805E+09 1.83103E+05
5.66000E-05 5.49902E+09 1.81813E+05
5.67000E-05 5.46033E+09 1.80533E+05
5.68000E-05 5.42197E+09 1.79265E+05
5.69000E-05 5.38396E+09 1.78008E+05
5.70000E-05 5.34628E+09 1.76763E+05
5.71000E-05 5.30892E+09 1.75528E+05
5.72000E-05 5.27189E+09 1.74303E+05
5.73000E-05 5.23519E+09 1.73090E+05
5.74000E-05 5.19880E+09 1.71887E+05
5.75000E-05 5.16273E+09 1.70694E+05
5.76000E-05 5.12697E+09 1.69512E+05
5.77000E-05 5.09152E+09 1.68340E+05
5.78000E-05 5.05638E+09 1.67178E+05
5.79000E-05 5.02154E+09 1.66026E+05
5.80000E-05 4.98699E+09 1.64884E+05
5.81000E-05 4.95275E+09 1.63751E+05
5.82000E-05 4.91880E+09 1.62629E+05
5.83000E-05 4.88513E+09 1.61516E+05
5.84000E-05 4.85176E+09 1.60413E+05
5.85000E-05 4.81867E+09 1.59319E+05
5.86000E-05 4.78586E+09 1.58234E+05
5.87000E-05 4.75333E+09 1.57158E+05
5.88000E-05 4.72108E+09 1.56092E+05
5.89000E-05 4.68910E+09 1.55035E+05
5.90000E-05 4.65739E+09 1.53986E+05
5.91000E-05 4.62595E+09 1.52947E+05
5.92000E-05 4.59477E+09 1.51916E+05
5.93000E-05 4.56386E+09 1.50894E+05
5.94000E-05 4.53320E+09 1.49880E+05
5.95000E-05 4.50280E+09 1.48875E+05
5.96000E-05 4.47266E+09 1.47878E+05
5.97000E-05 4.44277E+09 1.46890E+05
5.98000E-05 4.41312E+09 1.45910E+05
5.99000E-05 4.38373E+09 1.44938E+05
6.00000E-05 4.35457E+09 1.43974E+05
6.01000E-05 4.32566E+09 1.43018E+05
6.02000E-05 4.29699E+09 1.42070E+05
6.03000E-05 4.26856E+09 1.41130E+05
6.04000E-05 4.24036E+09 1.40198E+05
6.05000E-05 4.21240E+09 1.39273E+05
6.06000E-05 4.18466E+09 1.38356E+05
6.07000E-05 4.15715E+09 1.37447E+05
6.08000E-05 4.12987E+09 1.36545E+05
6.09000E-05 4.10281E+09 1.35650E+05
6.10000E-05 4.07597E+09 1.34763E+05
6.11000E-05 4.04936E+09 1.33883E+05
6.12000E-05 4.02295E+09 1.33010E+05
6.13000E-05 3.99677E+09 1.32144E+05
6.14000E-05 3.97079E+09 1.31285E+05
6.15000E-05 3.94503E+09 1.30434E+05
6.16000E-05 3.91948E+09 1.29589E+05
6.17000E-05 3.89413E+09 1.28751E+05
6.18000E-05 3.86898E+09 1.27919E+05
6.19000E-05 3.84404E+09 1.27095E+05
6.20000E-05 3.81930E+09 1.26277E+05
6.21000E-05 3.79476E+09 1.25465E+05
6.22000E-05 3.77042E+09 1.24660E+05
6.23000E-05 3.74627E+09 1.23862E+05
6.24000E-05 3.72231E+09 1.23070E+05
6.25000E-05 3.69854E+09 1.22284E+05
6.26000E-05 3.67497E+09 1.21504E+05
6.27000E-05 3.65158E+09 1.20731E+05
6.28000E-05 3.62838E+09 1.19964E+05
6.29000E-05 3.60536E+09 1.19203E+05
6.30000E-05 3.58252E+09 1.18448E+05
6.31000E-05 3.55986E+09 1.17699E+05
6.32000E-05 3.53739E+09 1.16956E+05
6.33000E-05 3.51509E+09 1.16218E+05
6.34000E-05 3.49296E+09 1.15487E+05
6.35000E-05 3.47101E+09 1.14761E+05
6.36000E-05 3.44923E+09 1.14041E+05
6.37000E-05 3.42762E+09 1.13327E+05
6.38000E-05 3.40618E+09 1.12618E+05
6.39000E-05 3.38491E+09 1.11914E+05
6.40000E-05 3.36381E+09 1.11217E+05
6.41000E-05 3.34286E+09 1.10524E+05
6.42000E-05 3.32208E+09 1.09837E+05
6.43000E-05 3.30147E+09 1.09156E+05
6.44000E-05 3.28101E+09 1.08479E+05
6.45000E-05 3.26071E+09 1.07808E+05
6.46000E-05 3.24056E+09 1.07142E+05
6.47000E-05 3.22058E+09 1.06481E+05
6.48000E-05 3.20074E+09 1.05825E+05
6.49000E-05 3.18106E+09 1.05175E+05
6.50000E-05 3.16153E+09 1.04529E+05
6.51000E-05 3.14215E+09 1.03888E+05
6.52000E-05 3.12292E+09 1.03252E+05
6.53000E-05 3.10383E+09 1.02621E+05
6.54000E-05 3.08489E+09 1.01995E+05
6.55000E-05 3.06609E+09 1.01374E+05
6.56000E-05 3.04744E+09 1.00757E+05
6.57000E-05 3.02893E+09 1.00145E+05
6.58000E-05 3.01056E+09 9.95374E+04
6.59000E-05 2.99233E+09 9.89346E+04
6.60000E-05 2.97423E+09 9.83363E+04
6.61000E-05 2.95628E+09 9.77426E+04
6.62000E-05 2.93845E+09 9.71533E+04
6.63000E-05 2.92077E+09 9.65685E+04
6.64000E-05 2.90321E+09 9.59881E+04
6.65000E-05 2.88579E+09 9.54120E+04
6.66000E-05 2.86849E+09 9.48403E+04
6.67000E-05 2.85133E+09 9.42728E+04
6.68000E-05 2.83429E+09 9.37095E+04
6.69000E-05 2.81739E+09 9.31505E+04
6.70000E-05 2.80060E+09 9.25956E+04
6.71000E-05 2.78395E+09 9.20449E+04
6.72000E-05 2.76741E+09 9.14982E+04
6.73000E-05 2.75100E+09 9.09556E+04
6.74000E-05 2.73471E+09 9.04170E+04
6.75000E-05 2.71854E+09 8.98824E+04
6.76000E-05 2.70249E+09 8.93517E+04
6.77000E-05 2.68656E+09 8.88250E+04
6.78000E-05 2.67074E+09 8.83021E+04
6.79000E-05 2.65504E+09 8.77830E+04
6.80000E-05 2.63946E+09 8.72678E+04
6.81000E-05 2.62399E+09 8.67563E+04
6.82000E-05 2.60863E+09 8.62486E+04
6.83000E-05 2.59339E+09 8.57446E+04
6.84000E-05 2.57826E+09 8.52443E+04
6.85000E-05 2.56324E+09 8.47476E+04
6.86000E-05 2.54832E+09 8.42545E+04
6.87000E-05 2.53352E+09 8.37650E+04
6.88000E-05 2.51882E+09 8.32791E+04
6.89000E-05 2.50423E+09 8.27967E+04
6.90000E-05 2.48974E+09 8.23177E+04
6.91000E-05 2.47536E+09 8.18422E+04
6.92000E-05 2.46108E+09 8.13702E+04
6.93000E-05 2.44691E+09 8.09015E+04
6.94000E-05 2.43284E+09 8.04362E+04
6.95000E-05 2.41886E+09 7.99743E+04
6.96000E-05 2.40499E+09 7.95157E+04
6.97000E-05 2.39122E+09 7.90603E+04
6.98000E-05 2.37755E+09 7.86082E+04
6.99000E-05 2.36397E+09 7.81594E+04
7.00000E-05 2.35049E+09 7.77137E+04
7.01000E-05 2.33711E+09 7.72712E+04
7.02000E-05 2.32382E+09 7.68318E+04
7.03000E-05 2.31062E+09 7.63956E+04
7.04000E-05 2.29752E+09 7.59625E+04
7.05000E-05 2.28452E+09 7.55324E+04
7.06000E-05 2.27160E+09 7.51054E+04
7.07000E-05 2.25878E+09 7.46813E+04
7.08000E-05 2.24604E+09 7.42603E+04
7.09000E-05 2.23340E+09 7.38422E+04
7.10000E-05 2.22084E+09 7.34271E+04
7.11000E-05 2.20837E+09 7.30149E+04
7.12000E-05 2.19599E+09 7.26055E+04
7.13000E-05 2.18370E+09 7.21991E+04
7.14000E-05 2.17149E+09 7.17954E+04
7.15000E-05 2.15937E+09 7.13946E+04
7.16000E-05 2.14733E+09 7.09966E+04
7.17000E-05 2.13537E+09 7.06014E+04
7.18000E-05 2.12350E+09 7.02089E+04
7.19000E-05 2.11171E+09 6.98191E+04
7.20000E-05 2.10001E+09 6.94320E+04
7.21000E-05 2.08838E+09 6.90476E+04
7.22000E-05 2.07683E+09 6.86659E+04
7.23000E-05 2.06537E+09 6.82868E+04
7.24000E-05 2.05398E+09 6.79103E+04
7.25000E-05 2.04267E+09 6.75364E+04
7.26000E-05 2.03144E+09 6.71650E+04
7.27000E-05 2.02029E+09 6.67962E+04
7.28000E-05 2.00921E+09 6.64300E+04
7.29000E-05 1.99821E+09 6.60662E+04
7.30000E-05 1.98728E+09 6.57050E+04
7.31000E-05 1.97643E+09 6.53462E+04
7.32000E-05 1.96565E+09 6.49898E+04
7.33000E-05 1.95495E+09 6.46359E+04
7.34000E-05 1.94431E+09 6.42844E+04
7.35000E-05 1.93375E+09 6.39352E+04
7.36000E-05 1.92327E+09 6.35885E+04
7.37000E-05 1.91285E+09 6.32441E+04
7.38000E-05 1.90250E+09 6.29020E+04
7.39000E-05 1.89223E+09 6.25622E+04
7.40000E-05 1.88202E+09 6.22247E+04
7.41000E-05 1.87188E+09 6.18895E+04
7.42000E-05 1.86181E+09 6.15565E+04
7.43000E-05 1.85181E+09 6.12258E+04
7.44000E-05 1.84187E+09 6.08973E+04
7.45000E-05 1.83200E+09 6.05710E+04
7.46000E-05 1.82220E+09 6.02469E+04
7.47000E-05 1.81246E+09 5.99249E+04
7.48000E-05 1.80279E+09 5.96051E+04
7.49000E-05 1.79318E+09 5.92874E+04
7.50000E-05 1.78363E+09 5.89718E+04
7.51000E-05 1.77415E+09 5.86584E+04
7.52000E-05 1.76473E+09 5.83470E+04
7.53000E-05 1.75538E+09 5.80376E+04
7.54000E-05 1.74608E+09 5.77304E+04
7.55000E-05 1.73685E+09 5.74251E+04
7.56000E-05 1.72768E+09 5.71219E+04
7.57000E-05 1.71857E+09 5.68206E+04
7.58000E-05 1.70952E+09 5.65214E+04
7.59000E-05 1.70053E+09 5.62241E+04
7.60000E-05 1.69160E+09 5.59288E+04
7.61000E-05 1.68272E+09 5.56354E+04
7.62000E-05 1.67391E+09 5.53439E+04
7.63000E-05 1.66515E+09 5.50543E+04
7.64000E-05 1.65645E+09 5.47667E+04
7.65000E-05 1.64780E+09 5.44809E+04
7.66000E-05 1.63921E+09 5.41969E+04
7.67000E-05 1.63068E+09 5.39148E+04
7.68000E-05 1.62221E+09 5.36346E+04
7.69000E-05 1.61378E+09 5.33561E+04
7.70000E-05 1.60542E+09 5.30795E+04
7.71000E-05 1.59710E+09 5.28047E+04
7.72000E-05 1.58885E+09 5.25316E+04
7.73000E-05 1.58064E+09 5.22603E+04
7.74000E-05 1.57249E+09 5.19907E+04
7.75000E-05 1.56439E+09 5.17229E+04
7.76000E-05 1.55634E+09 5.14568E+04
7.77000E-05 1.54834E+09 5.11924E+04
7.78000E-05 1.54040E+09 5.09297E+04
7.79000E-05 1.53250E+09 5.06687E+04
7.80000E-05 1.52466E+09 5.04094E+04
7.81000E-05 1.51686E+09 5.01517E+04
7.82000E-05 1.50912E+09 4.98956E+04
7.83000E-05 1.50143E+09 4.96412E+04
7.84000E-05 1.49378E+09 4.93885E+04
7.85000E-05 1.48618E+09 4.91373E+04
7.86000E-05 1.47863E+09 4.88877E+04
7.87000E-05 1.47113E+09 4.86397E+04
7.88000E-05 1.46368E+09 4.83933E+04
7.89000E-05 1.45627E+09 4.81484E+04
7.90000E-05 1.44891E+09 4.79051E+04
7.91000E-05 1.44160E+09 4.76633E+04
7.92000E-05 1.43433E+09 4.74230E+04
7.93000E-05 1.42711E+09 4.71842E+04
7.94000E-05 1.41994E+09 4.69470E+04
7.95000E-05 1.41281E+09 4.67112E+04
7.96000E-05 1.40572E+09 4.64769E+04
7.97000E-05 1.39868E+09 4.62441E+04
7.98000E-05 1.39168E+09 4.60127E+04
7.99000E-05 1.38473E+09 4.57828E+04
8.00000E-05 1.37781E+09 4.55543E+04
8.01000E-05 1.37095E+09 4.53273E+04
8.02000E-05 1.36412E+09 4.51016E+04
8.03000E-05 1.35734E+09 4.48774E+04
8.04000E-05 1.35060E+09 4.46545E+04
8.05000E-05 1.34390E+09 4.44331E+04
8.06000E-05 1.33724E+09 4.42130E+04
8.07000E-05 1.33063E+09 4.39942E+04
8.08000E-05 1.32405E+09 4.37768E+04
8.09000E-05 1.31752E+09 4.35608E+04
8.10000E-05 1.31102E+09 4.33461E+04
8.11000E-05 1.30457E+09 4.31327E+04
8.12000E-05 1.29816E+09 4.29206E+04
8.13000E-05 1.29178E+09 4.27098E+04
8.14000E-05 1.28544E+09 4.25003E+04
8.15000E-05 1.27915E+09 4.22921E+04
8.16000E-05 1.27289E+09 4.20852E+04
8.17000E-05 1.26667E+09 4.18795E+04
8.18000E-05 1.26048E+09 4.16751E+04
8.19000E-05 1.25434E+09 4.14719E+04
8.20000E-05 1.24823E+09 4.12700E+04
8.21000E-05 1.24216E+09 4.10693E+04
8.22000E-05 1.23613E+09 4.08698E+04
8.23000E-05 1.23013E+09 4.06715E+04
8.24000E-05 1.22417E+09 4.04744E+04
8.25000E-05 1.21825E+09 4.02786E+04
8.26000E-05 1.21236E+09 4.00839E+04
8.27000E-05 1.20650E+09 3.98903E+04
8.28000E-05 1.20069E+09 3.96980E+04
8.29000E-05 1.19490E+09 3.95068E+04
8.30000E-05 1.18915E+09 3.93167E+04
8.31000E-05 1.18344E+09 3.91278E+04
8.32000E-05 1.17776E+09 3.89400E+04
8.33000E-05 1.17212E+09 3.87534E+04
8.34000E-05 1.16650E+09 3.85679E+04
8.35000E-05 1.16093E+09 3.83834E+04
8.36000E-05 1.15538E+09 3.82001E+04
8.37000E-05 1.14987E+09 3.80179E+04
8.38000E-05 1.14439E+09 3.78367E+04
8.39000E-05 1.13895E+09 3.76567E+04
8.40000E-05 1.13353E+09 3.74777E+04
8.41000E-05 1.12815E+09 3.72997E+04
8.42000E-05 1.12280E+09 3.71229E+04
8.43000E-05 1.11748E+09 3.69470E+04
8.44000E-05 1.11220E+09 3.67722E+04
8.45000E-05 1.10694E+09 3.65985E+04
8.46000E-05 1.10172E+09 3.64257E+04
8.47000E-05 1.09652E+09 3.62540E+04
8.48000E-05 1.09136E+09 3.60833E+04
8.49000E-05 1.08623E+09 3.59136E+04
8.50000E-05 1.08112E+09 3.57449E+04
8.51000E-05 1.07605E+09 3.55772E+04
8.52000E-05 1.07101E+09 3.54104E+04
8.53000E-05 1.06599E+09 3.52447E+04
8.54000E-05 1.06101E+09 3.50799E+04
8.55000E-05 1.05605E+09 3.49161E+04
8.56000E-05 1.05113E+09 3.47532E+04
8.57000E-05 1.04623E+09 3.45913E+04
8.58000E-05 1.04136E+09 3.44303E+04
8.59000E-05 1.03652E+09 3.42702E+04
8.60000E-05 1.03171E+09 3.41111E+04
8.61000E-05 1.02692E+09 3.39529E+04
8.62000E-05 1.02217E+09 3.37956E+04
8.63000E-05 1.01744E+09 3.36393E+04
8.64000E-05 1.01273E+09 3.34838E+04
8.65000E-05 1.00806E+09 3.33292E+04
8.66000E-05 1.00341E+09 3.31755E+04
8.67000E-05 9.98790E+08 3.30228E+04
8.68000E-05 9.94196E+08 3.28708E+04
8.69000E-05 9.89627E+08 3.27198E+04
8.70000E-05 9.85085E+08 3.25696E+04
8.71000E-05 9.80569E+08 3.24203E+04
8.72000E-05 9.76079E+08 3.22718E+04
8.73000E-05 9.71614E+08 3.21242E+04
8.74000E-05 9.67175E+08 3.19775E+04
8.75000E-05 9.62761E+08 3.18315E+04
8.76000E-05 9.58372E+08 3.16864E+04
8.77000E-05 9.54009E+08 3.15422E+04
8.78000E-05 9.49670E+08 3.13987E+04
8.79000E-05 9.45356E+08 3.12561E+04
8.80000E-05 9.41066E+08 3.11142E+04
8.81000E-05 9.36801E+08 3.09732E+04
8.82000E-05 9.32559E+08 3.08330E+04
8.83000E-05 9.28342E+08 3.06935E+04
8.84000E-05 9.24148E+08 3.05549E+04
8.85000E-05 9.19979E+08 3.04170E+04
8.86000E-05 9.15832E+08 3.02799E+04
8.87000E-05 9.11709E+08 3.01436E+04
8.88000E-05 9.07609E+08 3.00081E+04
8.89000E-05 9.03532E+08 2.98733E+04
8.90000E-05 8.99478E+08 2.97392E+04
8.91000E-05 8.95447E+08 2.96059E+04
8.92000E-05 8.91438E+08 2.94734E+04
8.93000E-05 8.87452E+08 2.93416E+04
8.94000E-05 8.83488E+08 2.92105E+04
8.95000E-05 8.79546E+08 2.90802E+04
8.96000E-05 8.75626E+08 2.89506E+04
8.97000E-05 8.71728E+08 2.88217E+04
8.98000E-05 8.67851E+08 2.86936E+04
8.99000E-05 8.63997E+08 2.85661E+04
9.00000E-05 8.60163E+08 2.84393E+04
9.01000E-05 8.56351E+08 2.83133E+04
9.02000E-05 8.52559E+08 2.81880E+04
9.03000E-05 8.48789E+08 2.80633E+04
9.04000E-05 8.45040E+08 2.79393E+04
9.05000E-05 8.41311E+08 2.78160E+04
9.06000E-05 8.37603E+08 2.76934E+04
9.07000E-05 8.33915E+08 2.75715E+04
9.08000E-05 8.30247E+08 2.74502E+04
9.09000E-05 8.26600E+08 2.73297E+04
9.10000E-05 8.22972E+08 2.72097E+04
9.11000E-05 8.19365E+08 2.70904E+04
9.12000E-05 8.15777E+08 2.69718E+04
9.13000E-05 8.12209E+08 2.68539E+04
9.14000E-05 8.08660E+08 2.67365E+04
9.15000E-05 8.05131E+08 2.66198E+04
9.16000E-05 8.01621E+08 2.65038E+04
9.17000E-05 7.98130E+08 2.63884E+04
9.18000E-05 7.94658E+08 2.62736E+04
9.19000E-05 7.91204E+08 2.61594E+04
9.20000E-05 7.87770E+08 2.60458E+04
9.21000E-05 7.84354E+08 2.59329E+04
9.22000E-05 7.80957E+08 2.58206E+04
9.23000E-05 7.77578E+08 2.57089E+04
9.24000E-05 7.74217E+08 2.55978E+04
9.25000E-05 7.70875E+08 2.54872E+04
9.26000E-05 7.67550E+08 2.53773E+04
9.27000E-05 7.64244E+08 2.52680E+04
9.28000E-05 7.60955E+08 2.51593E+04
9.29000E-05 7.57684E+08 2.50511E+04
9.30000E-05 7.54430E+08 2.49435E+04
9.31000E-05 7.51194E+08 2.48365E+04
9.32000E-05 7.47975E+08 2.47301E+04
9.33000E-05 7.44773E+08 2.46243E+04
9.34000E-05 7.41589E+08 2.45190E+04
9.35000E-05 7.38421E+08 2.44142E+04
9.36000E-05 7.35271E+08 2.43101E+04
9.37000E-05 7.32137E+08 2.42065E+04
9.38000E-05 7.29020E+08 2.41034E+04
9.39000E-05 7.25919E+08 2.40009E+04
9.40000E-05 7.22835E+08 2.38989E+04
9.41000E-05 7.19768E+08 2.37975E+04
9.42000E-05 7.16716E+08 2.36966E+04
9.43000E-05 7.13681E+08 2.35962E+04
9.44000E-05 7.10661E+08 2.34964E+04
9.45000E-05 7.07658E+08 2.33971E+04
9.46000E-05 7.04671E+08 2.32983E+04
9.47000E-05 7.01699E+08 2.32001E+04
9.48000E-05 6.98743E+08 2.31024E+04
9.49000E-05 6.95802E+08 2.30051E+04
9.50000E-05 6.92877E+08 2.29084E+04
9.51000E-05 6.89968E+08 2.28122E+04
9.52000E-05 6.87073E+08 2.27165E+04
9.53000E-05 6.84194E+08 2.26213E+04
9.54000E-05 6.81330E+08 2.25266E+04
9.55000E-05 6.78480E+08 2.24324E+04
9.56000E-05 6.75646E+08 2.23387E+04
9.57000E-05 6.72826E+08 2.22455E+04
9.58000E-05 6.70021E+08 2.21528E+04
9.59000E-05 6.67231E+08 2.20605E+04
9.60000E-05 6.64455E+08 2.19687E+04
9.61000E-05 6.61694E+08 2.18774E+04
9.62000E-05 6.58947E+08 2.17866E+04
9.63000E-05 6.56214E+08 2.16962E+04
9.64000E-05 6.53496E+08 2.16064E+04
9.65000E-05 6.50791E+08 2.15169E+04
9.66000E-05 6.48100E+08 2.14280E+04
9.67000E-05 6.45424E+08 2.13395E+04
9.68000E-05 6.42761E+08 2.12514E+04
9.69000E-05 6.40112E+08 2.11638E+04
9.70000E-05 6.37476E+08 2.10767E+04
9.71000E-05 6.34854E+08 2.09900E+04
9.72000E-05 6.32245E+08 2.09038E+04
9.73000E-05 6.29650E+08 2.08180E+04
9.74000E-05 6.27068E+08 2.07326E+04
9.75000E-05 6.24500E+08 2.06477E+04
9.76000E-05 6.21944E+08 2.05632E+04
9.77000E-05 6.19402E+08 2.04791E+04
9.78000E-05 6.16872E+08 2.03955E+04
9.79000E-05 6.14356E+08 2.03123E+04
9.80000E-05 6.11852E+08 2.02295E+04
9.81000E-05 6.09361E+08 2.01472E+04
9.82000E-05 6.06883E+08 2.00652E+04
9.83000E-05 6.04417E+08 1.99837E+04
9.84000E-05 6.01964E+08 1.99026E+04
9.85000E-05 5.99523E+08 1.98219E+04
9.86000E-05 5.97095E+08 1.97416E+04
9.87000E-05 5.94678E+08 1.96617E+04
9.88000E-05 5.92274E+08 1.95822E+04
9.89000E-05 5.89883E+08 1.95031E+04
9.90000E-05 5.87503E+08 1.94245E+04
9.91000E-05 5.85135E+08 1.93462E+04
9.92000E-05 5.82779E+08 1.92683E+04
9.93000E-05 5.80435E+08 1.91908E+04
9.94000E-05 5.78103E+08 1.91137E+04
9.95000E-05 5.75782E+08 1.90369E+04
9.96000E-05 5.73474E+08 1.89606E+04
9.97000E-05 5.71176E+08 1.88847E+04
9.98000E-05 5.68890E+08 1.88091E+04
9.99000E-05 5.66616E+08 1.87339E+04
1.00000E-04 5.64353E+08 1.86591E+04
