#  FeatureSize(cm)    Fluence(mum2)   Dose(Gy)
1.00000E-07 1.75072E+20 5.78837E+15
2.00000E-07 1.09412E+19 3.61748E+14
3.00000E-07 2.16108E+18 7.14513E+13
4.00000E-07 6.83732E+17 2.26060E+13
5.00000E-07 2.80037E+17 9.25878E+12
6.00000E-07 1.35039E+17 4.46476E+12
7.00000E-07 7.28856E+16 2.40980E+12
8.00000E-07 4.27212E+16 1.41248E+12
9.00000E-07 2.66688E+16 8.81742E+11
1.00000E-06 1.74961E+16 5.78470E+11
1.10000E-06 1.19493E+16 3.95075E+11
1.20000E-06 8.43638E+15 2.78930E+11
1.30000E-06 6.12459E+15 2.02496E+11
1.40000E-06 4.55311E+15 1.50538E+11
1.50000E-06 3.45481E+15 1.14226E+11
1.60000E-06 2.66857E+15 8.82303E+10
1.70000E-06 2.09379E+15 6.92264E+10
1.80000E-06 1.66574E+15 5.50740E+10
1.90000E-06 1.34169E+15 4.43600E+10
2.00000E-06 1.09274E+15 3.61290E+10
2.10000E-06 8.98936E+14 2.97213E+10
2.20000E-06 7.46251E+14 2.46731E+10
2.30000E-06 6.24645E+14 2.06525E+10
2.40000E-06 5.26829E+14 1.74184E+10
2.50000E-06 4.47428E+14 1.47932E+10
2.60000E-06 3.82437E+14 1.26444E+10
2.70000E-06 3.28827E+14 1.08719E+10
2.80000E-06 2.84289E+14 9.39937E+09
2.90000E-06 2.47041E+14 8.16786E+09
3.00000E-06 2.15698E+14 7.13156E+09
3.10000E-06 1.89170E+14 6.25450E+09
3.20000E-06 1.66598E+14 5.50818E+09
3.30000E-06 1.47293E+14 4.86992E+09
3.40000E-06 1.30705E+14 4.32147E+09
3.50000E-06 1.16387E+14 3.84808E+09
3.60000E-06 1.03977E+14 3.43776E+09
3.70000E-06 9.31772E+13 3.08069E+09
3.80000E-06 8.37436E+13 2.76879E+09
3.90000E-06 7.54739E+13 2.49537E+09
4.00000E-06 6.82000E+13 2.25488E+09
4.10000E-06 6.17815E+13 2.04267E+09
4.20000E-06 5.61004E+13 1.85483E+09
4.30000E-06 5.10574E+13 1.68810E+09
4.40000E-06 4.65684E+13 1.53968E+09
4.50000E-06 4.25619E+13 1.40721E+09
4.60000E-06 3.89771E+13 1.28869E+09
4.70000E-06 3.57617E+13 1.18238E+09
4.80000E-06 3.28711E+13 1.08681E+09
4.90000E-06 3.02667E+13 1.00070E+09
5.00000E-06 2.79150E+13 9.22948E+08
5.10000E-06 2.57874E+13 8.52601E+08
5.20000E-06 2.38585E+13 7.88828E+08
5.30000E-06 2.21066E+13 7.30906E+08
5.40000E-06 2.05126E+13 6.78203E+08
5.50000E-06 1.90596E+13 6.30163E+08
5.60000E-06 1.77330E+13 5.86302E+08
5.70000E-06 1.65198E+13 5.46189E+08
5.80000E-06 1.54085E+13 5.09448E+08
5.90000E-06 1.43891E+13 4.75744E+08
6.00000E-06 1.34526E+13 4.44780E+08
6.10000E-06 1.25910E+13 4.16294E+08
6.20000E-06 1.17973E+13 3.90052E+08
6.30000E-06 1.10652E+13 3.65844E+08
6.40000E-06 1.03889E+13 3.43485E+08
6.50000E-06 9.76349E+12 3.22808E+08
6.60000E-06 9.18442E+12 3.03662E+08
6.70000E-06 8.64764E+12 2.85915E+08
6.80000E-06 8.14949E+12 2.69445E+08
6.90000E-06 7.68669E+12 2.54143E+08
7.00000E-06 7.25626E+12 2.39912E+08
7.10000E-06 6.85553E+12 2.26663E+08
7.20000E-06 6.48207E+12 2.14315E+08
7.30000E-06 6.13368E+12 2.02796E+08
7.40000E-06 5.80838E+12 1.92041E+08
7.50000E-06 5.50436E+12 1.81989E+08
7.60000E-06 5.21995E+12 1.72586E+08
7.70000E-06 4.95367E+12 1.63782E+08
7.80000E-06 4.70415E+12 1.55532E+08
7.90000E-06 4.47013E+12 1.47795E+08
8.00000E-06 4.25048E+12 1.40533E+08
8.10000E-06 4.04415E+12 1.33711E+08
8.20000E-06 3.85018E+12 1.27298E+08
8.30000E-06 3.66770E+12 1.21264E+08
8.40000E-06 3.49589E+12 1.15584E+08
8.50000E-06 3.33402E+12 1.10232E+08
8.60000E-06 3.18141E+12 1.05186E+08
8.70000E-06 3.03743E+12 1.00426E+08
8.80000E-06 2.90149E+12 9.59313E+07
8.90000E-06 2.77307E+12 9.16854E+07
9.00000E-06 2.65168E+12 8.76717E+07
9.10000E-06 2.53685E+12 8.38752E+07
9.20000E-06 2.42816E+12 8.02818E+07
9.30000E-06 2.32523E+12 7.68786E+07
9.40000E-06 2.22770E+12 7.36538E+07
9.50000E-06 2.13522E+12 7.05962E+07
9.60000E-06 2.04749E+12 6.76956E+07
9.70000E-06 1.96421E+12 6.49423E+07
9.80000E-06 1.88513E+12 6.23275E+07
9.90000E-06 1.80998E+12 5.98429E+07
1.00000E-05 1.73853E+12 5.74807E+07
1.01000E-05 1.67058E+12 5.52339E+07
1.02000E-05 1.60591E+12 5.30958E+07
1.03000E-05 1.54434E+12 5.10600E+07
1.04000E-05 1.48569E+12 4.91209E+07
1.05000E-05 1.42979E+12 4.72728E+07
1.06000E-05 1.37650E+12 4.55108E+07
1.07000E-05 1.32566E+12 4.38300E+07
1.08000E-05 1.27715E+12 4.22261E+07
1.09000E-05 1.23084E+12 4.06948E+07
1.10000E-05 1.18660E+12 3.92323E+07
1.11000E-05 1.14433E+12 3.78348E+07
1.12000E-05 1.10393E+12 3.64990E+07
1.13000E-05 1.06529E+12 3.52216E+07
1.14000E-05 1.02833E+12 3.39995E+07
1.15000E-05 9.92957E+11 3.28299E+07
1.16000E-05 9.59089E+11 3.17101E+07
1.17000E-05 9.26652E+11 3.06377E+07
1.18000E-05 8.95574E+11 2.96101E+07
1.19000E-05 8.65787E+11 2.86253E+07
1.20000E-05 8.37226E+11 2.76810E+07
1.21000E-05 8.09833E+11 2.67753E+07
1.22000E-05 7.83550E+11 2.59063E+07
1.23000E-05 7.58324E+11 2.50723E+07
1.24000E-05 7.34105E+11 2.42715E+07
1.25000E-05 7.10843E+11 2.35024E+07
1.26000E-05 6.88495E+11 2.27635E+07
1.27000E-05 6.67018E+11 2.20534E+07
1.28000E-05 6.46371E+11 2.13708E+07
1.29000E-05 6.26515E+11 2.07143E+07
1.30000E-05 6.07416E+11 2.00829E+07
1.31000E-05 5.89039E+11 1.94752E+07
1.32000E-05 5.71350E+11 1.88904E+07
1.33000E-05 5.54320E+11 1.83274E+07
1.34000E-05 5.37920E+11 1.77851E+07
1.35000E-05 5.22120E+11 1.72627E+07
1.36000E-05 5.06896E+11 1.67594E+07
1.37000E-05 4.92223E+11 1.62742E+07
1.38000E-05 4.78076E+11 1.58065E+07
1.39000E-05 4.64433E+11 1.53554E+07
1.40000E-05 4.51273E+11 1.49203E+07
1.41000E-05 4.38575E+11 1.45005E+07
1.42000E-05 4.26321E+11 1.40953E+07
1.43000E-05 4.14491E+11 1.37042E+07
1.44000E-05 4.03068E+11 1.33265E+07
1.45000E-05 3.92035E+11 1.29618E+07
1.46000E-05 3.81377E+11 1.26094E+07
1.47000E-05 3.71079E+11 1.22689E+07
1.48000E-05 3.61125E+11 1.19398E+07
1.49000E-05 3.51503E+11 1.16216E+07
1.50000E-05 3.42198E+11 1.13140E+07
1.51000E-05 3.33200E+11 1.10165E+07
1.52000E-05 3.24494E+11 1.07287E+07
1.53000E-05 3.16071E+11 1.04502E+07
1.54000E-05 3.07919E+11 1.01807E+07
1.55000E-05 3.00028E+11 9.91975E+06
1.56000E-05 2.92388E+11 9.66715E+06
1.57000E-05 2.84989E+11 9.42252E+06
1.58000E-05 2.77823E+11 9.18558E+06
1.59000E-05 2.70880E+11 8.95603E+06
1.60000E-05 2.64152E+11 8.73360E+06
1.61000E-05 2.57632E+11 8.51802E+06
1.62000E-05 2.51312E+11 8.30905E+06
1.63000E-05 2.45184E+11 8.10644E+06
1.64000E-05 2.39241E+11 7.90996E+06
1.65000E-05 2.33477E+11 7.71939E+06
1.66000E-05 2.27885E+11 7.53452E+06
1.67000E-05 2.22460E+11 7.35514E+06
1.68000E-05 2.17195E+11 7.18107E+06
1.69000E-05 2.12085E+11 7.01210E+06
1.70000E-05 2.07124E+11 6.84808E+06
1.71000E-05 2.02307E+11 6.68881E+06
1.72000E-05 1.97629E+11 6.53414E+06
1.73000E-05 1.93085E+11 6.38392E+06
1.74000E-05 1.88671E+11 6.23798E+06
1.75000E-05 1.84382E+11 6.09618E+06
1.76000E-05 1.80214E+11 5.95838E+06
1.77000E-05 1.76163E+11 5.82445E+06
1.78000E-05 1.72226E+11 5.69426E+06
1.79000E-05 1.68397E+11 5.56768E+06
1.80000E-05 1.64674E+11 5.44459E+06
1.81000E-05 1.61054E+11 5.32488E+06
1.82000E-05 1.57532E+11 5.20844E+06
1.83000E-05 1.54106E+11 5.09516E+06
1.84000E-05 1.50772E+11 4.98494E+06
1.85000E-05 1.47528E+11 4.87768E+06
1.86000E-05 1.44371E+11 4.77329E+06
1.87000E-05 1.41297E+11 4.67167E+06
1.88000E-05 1.38305E+11 4.57274E+06
1.89000E-05 1.35391E+11 4.47641E+06
1.90000E-05 1.32554E+11 4.38260E+06
1.91000E-05 1.29790E+11 4.29123E+06
1.92000E-05 1.27098E+11 4.20222E+06
1.93000E-05 1.24476E+11 4.11551E+06
1.94000E-05 1.21920E+11 4.03102E+06
1.95000E-05 1.19430E+11 3.94869E+06
1.96000E-05 1.17003E+11 3.86844E+06
1.97000E-05 1.14637E+11 3.79022E+06
1.98000E-05 1.12331E+11 3.71396E+06
1.99000E-05 1.10082E+11 3.63961E+06
2.00000E-05 1.07889E+11 3.56711E+06
2.01000E-05 1.05750E+11 3.49640E+06
2.02000E-05 1.03664E+11 3.42743E+06
2.03000E-05 1.01630E+11 3.36015E+06
2.04000E-05 9.96443E+10 3.29452E+06
2.05000E-05 9.77073E+10 3.23047E+06
2.06000E-05 9.58170E+10 3.16797E+06
2.07000E-05 9.39721E+10 3.10698E+06
2.08000E-05 9.21714E+10 3.04744E+06
2.09000E-05 9.04135E+10 2.98932E+06
2.10000E-05 8.86973E+10 2.93258E+06
2.11000E-05 8.70215E+10 2.87717E+06
2.12000E-05 8.53851E+10 2.82307E+06
2.13000E-05 8.37869E+10 2.77022E+06
2.14000E-05 8.22258E+10 2.71861E+06
2.15000E-05 8.07009E+10 2.66819E+06
2.16000E-05 7.92112E+10 2.61894E+06
2.17000E-05 7.77556E+10 2.57081E+06
2.18000E-05 7.63332E+10 2.52378E+06
2.19000E-05 7.49431E+10 2.47783E+06
2.20000E-05 7.35845E+10 2.43291E+06
2.21000E-05 7.22566E+10 2.38900E+06
2.22000E-05 7.09583E+10 2.34608E+06
2.23000E-05 6.96891E+10 2.30411E+06
2.24000E-05 6.84481E+10 2.26308E+06
2.25000E-05 6.72345E+10 2.22296E+06
2.26000E-05 6.60477E+10 2.18372E+06
2.27000E-05 6.48869E+10 2.14534E+06
2.28000E-05 6.37514E+10 2.10780E+06
2.29000E-05 6.26406E+10 2.07107E+06
2.30000E-05 6.15539E+10 2.03514E+06
2.31000E-05 6.04906E+10 1.99999E+06
2.32000E-05 5.94502E+10 1.96559E+06
2.33000E-05 5.84319E+10 1.93192E+06
2.34000E-05 5.74354E+10 1.89897E+06
2.35000E-05 5.64599E+10 1.86672E+06
2.36000E-05 5.55051E+10 1.83515E+06
2.37000E-05 5.45703E+10 1.80424E+06
2.38000E-05 5.36551E+10 1.77398E+06
2.39000E-05 5.27589E+10 1.74436E+06
2.40000E-05 5.18814E+10 1.71534E+06
2.41000E-05 5.10220E+10 1.68693E+06
2.42000E-05 5.01803E+10 1.65910E+06
2.43000E-05 4.93558E+10 1.63184E+06
2.44000E-05 4.85482E+10 1.60514E+06
2.45000E-05 4.77570E+10 1.57898E+06
2.46000E-05 4.69818E+10 1.55335E+06
2.47000E-05 4.62223E+10 1.52824E+06
2.48000E-05 4.54780E+10 1.50363E+06
2.49000E-05 4.47486E+10 1.47951E+06
2.50000E-05 4.40338E+10 1.45588E+06
2.51000E-05 4.33331E+10 1.43271E+06
2.52000E-05 4.26463E+10 1.41000E+06
2.53000E-05 4.19731E+10 1.38774E+06
2.54000E-05 4.13130E+10 1.36592E+06
2.55000E-05 4.06658E+10 1.34452E+06
2.56000E-05 4.00313E+10 1.32354E+06
2.57000E-05 3.94090E+10 1.30297E+06
2.58000E-05 3.87988E+10 1.28280E+06
2.59000E-05 3.82003E+10 1.26301E+06
2.60000E-05 3.76133E+10 1.24360E+06
2.61000E-05 3.70375E+10 1.22456E+06
2.62000E-05 3.64727E+10 1.20589E+06
2.63000E-05 3.59185E+10 1.18757E+06
2.64000E-05 3.53749E+10 1.16959E+06
2.65000E-05 3.48414E+10 1.15195E+06
2.66000E-05 3.43180E+10 1.13465E+06
2.67000E-05 3.38043E+10 1.11766E+06
2.68000E-05 3.33002E+10 1.10100E+06
2.69000E-05 3.28054E+10 1.08464E+06
2.70000E-05 3.23198E+10 1.06858E+06
2.71000E-05 3.18431E+10 1.05282E+06
2.72000E-05 3.13752E+10 1.03735E+06
2.73000E-05 3.09158E+10 1.02216E+06
2.74000E-05 3.04647E+10 1.00725E+06
2.75000E-05 3.00218E+10 9.92605E+05
2.76000E-05 2.95870E+10 9.78227E+05
2.77000E-05 2.91600E+10 9.64108E+05
2.78000E-05 2.87406E+10 9.50243E+05
2.79000E-05 2.83287E+10 9.36625E+05
2.80000E-05 2.79242E+10 9.23250E+05
2.81000E-05 2.75268E+10 9.10112E+05
2.82000E-05 2.71365E+10 8.97207E+05
2.83000E-05 2.67530E+10 8.84529E+05
2.84000E-05 2.63763E+10 8.72074E+05
2.85000E-05 2.60062E+10 8.59837E+05
2.86000E-05 2.56426E+10 8.47813E+05
2.87000E-05 2.52852E+10 8.35999E+05
2.88000E-05 2.49341E+10 8.24389E+05
2.89000E-05 2.45890E+10 8.12979E+05
2.90000E-05 2.42498E+10 8.01766E+05
2.91000E-05 2.39165E+10 7.90745E+05
2.92000E-05 2.35889E+10 7.79913E+05
2.93000E-05 2.32668E+10 7.69265E+05
2.94000E-05 2.29502E+10 7.58797E+05
2.95000E-05 2.26390E+10 7.48507E+05
2.96000E-05 2.23330E+10 7.38390E+05
2.97000E-05 2.20321E+10 7.28443E+05
2.98000E-05 2.17363E+10 7.18663E+05
2.99000E-05 2.14455E+10 7.09046E+05
3.00000E-05 2.11594E+10 6.99589E+05
3.01000E-05 2.08781E+10 6.90289E+05
3.02000E-05 2.06015E+10 6.81142E+05
3.03000E-05 2.03294E+10 6.72146E+05
3.04000E-05 2.00618E+10 6.63298E+05
3.05000E-05 1.97986E+10 6.54595E+05
3.06000E-05 1.95396E+10 6.46033E+05
3.07000E-05 1.92849E+10 6.37611E+05
3.08000E-05 1.90343E+10 6.29326E+05
3.09000E-05 1.87877E+10 6.21174E+05
3.10000E-05 1.85451E+10 6.13153E+05
3.11000E-05 1.83065E+10 6.05262E+05
3.12000E-05 1.80716E+10 5.97496E+05
3.13000E-05 1.78405E+10 5.89854E+05
3.14000E-05 1.76130E+10 5.82334E+05
3.15000E-05 1.73892E+10 5.74933E+05
3.16000E-05 1.71689E+10 5.67649E+05
3.17000E-05 1.69520E+10 5.60480E+05
3.18000E-05 1.67386E+10 5.53423E+05
3.19000E-05 1.65285E+10 5.46477E+05
3.20000E-05 1.63217E+10 5.39639E+05
3.21000E-05 1.61181E+10 5.32908E+05
3.22000E-05 1.59176E+10 5.26281E+05
3.23000E-05 1.57203E+10 5.19756E+05
3.24000E-05 1.55260E+10 5.13332E+05
3.25000E-05 1.53347E+10 5.07007E+05
3.26000E-05 1.51463E+10 5.00779E+05
3.27000E-05 1.49608E+10 4.94645E+05
3.28000E-05 1.47781E+10 4.88605E+05
3.29000E-05 1.45982E+10 4.82657E+05
3.30000E-05 1.44210E+10 4.76799E+05
3.31000E-05 1.42465E+10 4.71029E+05
3.32000E-05 1.40746E+10 4.65346E+05
3.33000E-05 1.39053E+10 4.59749E+05
3.34000E-05 1.37386E+10 4.54235E+05
3.35000E-05 1.35743E+10 4.48803E+05
3.36000E-05 1.34124E+10 4.43452E+05
3.37000E-05 1.32530E+10 4.38180E+05
3.38000E-05 1.30959E+10 4.32986E+05
3.39000E-05 1.29411E+10 4.27869E+05
3.40000E-05 1.27886E+10 4.22827E+05
3.41000E-05 1.26384E+10 4.17859E+05
3.42000E-05 1.24903E+10 4.12963E+05
3.43000E-05 1.23444E+10 4.08139E+05
3.44000E-05 1.22006E+10 4.03385E+05
3.45000E-05 1.20589E+10 3.98699E+05
3.46000E-05 1.19192E+10 3.94082E+05
3.47000E-05 1.17816E+10 3.89530E+05
3.48000E-05 1.16459E+10 3.85045E+05
3.49000E-05 1.15121E+10 3.80623E+05
3.50000E-05 1.13803E+10 3.76264E+05
3.51000E-05 1.12504E+10 3.71968E+05
3.52000E-05 1.11223E+10 3.67733E+05
3.53000E-05 1.09960E+10 3.63557E+05
3.54000E-05 1.08715E+10 3.59441E+05
3.55000E-05 1.07487E+10 3.55382E+05
3.56000E-05 1.06277E+10 3.51380E+05
3.57000E-05 1.05083E+10 3.47435E+05
3.58000E-05 1.03907E+10 3.43544E+05
3.59000E-05 1.02746E+10 3.39708E+05
3.60000E-05 1.01602E+10 3.35925E+05
3.61000E-05 1.00474E+10 3.32194E+05
3.62000E-05 9.93611E+09 3.28515E+05
3.63000E-05 9.82636E+09 3.24887E+05
3.64000E-05 9.71812E+09 3.21308E+05
3.65000E-05 9.61137E+09 3.17778E+05
3.66000E-05 9.50607E+09 3.14297E+05
3.67000E-05 9.40220E+09 3.10863E+05
3.68000E-05 9.29975E+09 3.07475E+05
3.69000E-05 9.19869E+09 3.04134E+05
3.70000E-05 9.09899E+09 3.00837E+05
3.71000E-05 9.00063E+09 2.97586E+05
3.72000E-05 8.90360E+09 2.94377E+05
3.73000E-05 8.80786E+09 2.91212E+05
3.74000E-05 8.71341E+09 2.88089E+05
3.75000E-05 8.62021E+09 2.85008E+05
3.76000E-05 8.52826E+09 2.81968E+05
3.77000E-05 8.43752E+09 2.78968E+05
3.78000E-05 8.34799E+09 2.76007E+05
3.79000E-05 8.25963E+09 2.73086E+05
3.80000E-05 8.17244E+09 2.70203E+05
3.81000E-05 8.08640E+09 2.67358E+05
3.82000E-05 8.00148E+09 2.64551E+05
3.83000E-05 7.91766E+09 2.61780E+05
3.84000E-05 7.83494E+09 2.59045E+05
3.85000E-05 7.75330E+09 2.56345E+05
3.86000E-05 7.67271E+09 2.53681E+05
3.87000E-05 7.59316E+09 2.51051E+05
3.88000E-05 7.51464E+09 2.48455E+05
3.89000E-05 7.43713E+09 2.45892E+05
3.90000E-05 7.36061E+09 2.43362E+05
3.91000E-05 7.28507E+09 2.40865E+05
3.92000E-05 7.21050E+09 2.38399E+05
3.93000E-05 7.13687E+09 2.35965E+05
3.94000E-05 7.06418E+09 2.33561E+05
3.95000E-05 6.99241E+09 2.31188E+05
3.96000E-05 6.92155E+09 2.28845E+05
3.97000E-05 6.85158E+09 2.26532E+05
3.98000E-05 6.78249E+09 2.24248E+05
3.99000E-05 6.71426E+09 2.21992E+05
4.00000E-05 6.64689E+09 2.19764E+05
4.01000E-05 6.58036E+09 2.17565E+05
4.02000E-05 6.51465E+09 2.15392E+05
4.03000E-05 6.44977E+09 2.13247E+05
4.04000E-05 6.38568E+09 2.11128E+05
4.05000E-05 6.32239E+09 2.09036E+05
4.06000E-05 6.25988E+09 2.06969E+05
4.07000E-05 6.19813E+09 2.04927E+05
4.08000E-05 6.13714E+09 2.02911E+05
4.09000E-05 6.07690E+09 2.00919E+05
4.10000E-05 6.01740E+09 1.98952E+05
4.11000E-05 5.95861E+09 1.97008E+05
4.12000E-05 5.90055E+09 1.95088E+05
4.13000E-05 5.84318E+09 1.93192E+05
4.14000E-05 5.78651E+09 1.91318E+05
4.15000E-05 5.73053E+09 1.89467E+05
4.16000E-05 5.67521E+09 1.87638E+05
4.17000E-05 5.62056E+09 1.85831E+05
4.18000E-05 5.56657E+09 1.84046E+05
4.19000E-05 5.51321E+09 1.82282E+05
4.20000E-05 5.46050E+09 1.80539E+05
4.21000E-05 5.40841E+09 1.78817E+05
4.22000E-05 5.35694E+09 1.77115E+05
4.23000E-05 5.30608E+09 1.75434E+05
4.24000E-05 5.25582E+09 1.73772E+05
4.25000E-05 5.20615E+09 1.72130E+05
4.26000E-05 5.15706E+09 1.70507E+05
4.27000E-05 5.10855E+09 1.68903E+05
4.28000E-05 5.06061E+09 1.67318E+05
4.29000E-05 5.01322E+09 1.65751E+05
4.30000E-05 4.96639E+09 1.64203E+05
4.31000E-05 4.92010E+09 1.62672E+05
4.32000E-05 4.87435E+09 1.61159E+05
4.33000E-05 4.82913E+09 1.59664E+05
4.34000E-05 4.78443E+09 1.58186E+05
4.35000E-05 4.74024E+09 1.56725E+05
4.36000E-05 4.69656E+09 1.55281E+05
4.37000E-05 4.65338E+09 1.53854E+05
4.38000E-05 4.61069E+09 1.52442E+05
4.39000E-05 4.56850E+09 1.51047E+05
4.40000E-05 4.52678E+09 1.49668E+05
4.41000E-05 4.48553E+09 1.48304E+05
4.42000E-05 4.44475E+09 1.46956E+05
4.43000E-05 4.40444E+09 1.45623E+05
4.44000E-05 4.36457E+09 1.44305E+05
4.45000E-05 4.32516E+09 1.43002E+05
4.46000E-05 4.28619E+09 1.41713E+05
4.47000E-05 4.24765E+09 1.40439E+05
4.48000E-05 4.20955E+09 1.39179E+05
4.49000E-05 4.17187E+09 1.37933E+05
4.50000E-05 4.13461E+09 1.36702E+05
4.51000E-05 4.09776E+09 1.35483E+05
4.52000E-05 4.06132E+09 1.34279E+05
4.53000E-05 4.02529E+09 1.33087E+05
4.54000E-05 3.98965E+09 1.31909E+05
4.55000E-05 3.95441E+09 1.30744E+05
4.56000E-05 3.91955E+09 1.29591E+05
4.57000E-05 3.88507E+09 1.28451E+05
4.58000E-05 3.85097E+09 1.27324E+05
4.59000E-05 3.81724E+09 1.26209E+05
4.60000E-05 3.78388E+09 1.25106E+05
4.61000E-05 3.75089E+09 1.24015E+05
4.62000E-05 3.71825E+09 1.22935E+05
4.63000E-05 3.68596E+09 1.21868E+05
4.64000E-05 3.65402E+09 1.20812E+05
4.65000E-05 3.62243E+09 1.19767E+05
4.66000E-05 3.59117E+09 1.18734E+05
4.67000E-05 3.56025E+09 1.17712E+05
4.68000E-05 3.52966E+09 1.16700E+05
4.69000E-05 3.49940E+09 1.15700E+05
4.70000E-05 3.46946E+09 1.14710E+05
4.71000E-05 3.43984E+09 1.13731E+05
4.72000E-05 3.41053E+09 1.12762E+05
4.73000E-05 3.38154E+09 1.11803E+05
4.74000E-05 3.35285E+09 1.10854E+05
4.75000E-05 3.32446E+09 1.09916E+05
4.76000E-05 3.29637E+09 1.08987E+05
4.77000E-05 3.26858E+09 1.08068E+05
4.78000E-05 3.24108E+09 1.07159E+05
4.79000E-05 3.21386E+09 1.06259E+05
4.80000E-05 3.18693E+09 1.05369E+05
4.81000E-05 3.16028E+09 1.04488E+05
4.82000E-05 3.13391E+09 1.03616E+05
4.83000E-05 3.10781E+09 1.02753E+05
4.84000E-05 3.08198E+09 1.01899E+05
4.85000E-05 3.05642E+09 1.01054E+05
4.86000E-05 3.03112E+09 1.00217E+05
4.87000E-05 3.00608E+09 9.93892E+04
4.88000E-05 2.98130E+09 9.85699E+04
4.89000E-05 2.95677E+09 9.77589E+04
4.90000E-05 2.93249E+09 9.69563E+04
4.91000E-05 2.90846E+09 9.61618E+04
4.92000E-05 2.88468E+09 9.53755E+04
4.93000E-05 2.86114E+09 9.45971E+04
4.94000E-05 2.83783E+09 9.38266E+04
4.95000E-05 2.81477E+09 9.30639E+04
4.96000E-05 2.79193E+09 9.23089E+04
4.97000E-05 2.76933E+09 9.15616E+04
4.98000E-05 2.74695E+09 9.08217E+04
4.99000E-05 2.72480E+09 9.00893E+04
5.00000E-05 2.70287E+09 8.93643E+04
5.01000E-05 2.68116E+09 8.86465E+04
5.02000E-05 2.65966E+09 8.79358E+04
5.03000E-05 2.63838E+09 8.72322E+04
5.04000E-05 2.61732E+09 8.65357E+04
5.05000E-05 2.59646E+09 8.58460E+04
5.06000E-05 2.57581E+09 8.51632E+04
5.07000E-05 2.55536E+09 8.44871E+04
5.08000E-05 2.53511E+09 8.38177E+04
5.09000E-05 2.51506E+09 8.31549E+04
5.10000E-05 2.49521E+09 8.24986E+04
5.11000E-05 2.47556E+09 8.18487E+04
5.12000E-05 2.45610E+09 8.12053E+04
5.13000E-05 2.43682E+09 8.05680E+04
5.14000E-05 2.41774E+09 7.99371E+04
5.15000E-05 2.39884E+09 7.93122E+04
5.16000E-05 2.38012E+09 7.86934E+04
5.17000E-05 2.36159E+09 7.80806E+04
5.18000E-05 2.34324E+09 7.74738E+04
5.19000E-05 2.32506E+09 7.68728E+04
5.20000E-05 2.30706E+09 7.62776E+04
5.21000E-05 2.28923E+09 7.56881E+04
5.22000E-05 2.27157E+09 7.51043E+04
5.23000E-05 2.25408E+09 7.45261E+04
5.24000E-05 2.23676E+09 7.39535E+04
5.25000E-05 2.21961E+09 7.33863E+04
5.26000E-05 2.20261E+09 7.28245E+04
5.27000E-05 2.18578E+09 7.22680E+04
5.28000E-05 2.16911E+09 7.17168E+04
5.29000E-05 2.15260E+09 7.11709E+04
5.30000E-05 2.13624E+09 7.06301E+04
5.31000E-05 2.12004E+09 7.00944E+04
5.32000E-05 2.10399E+09 6.95638E+04
5.33000E-05 2.08810E+09 6.90382E+04
5.34000E-05 2.07235E+09 6.85175E+04
5.35000E-05 2.05675E+09 6.80017E+04
5.36000E-05 2.04129E+09 6.74907E+04
5.37000E-05 2.02598E+09 6.69845E+04
5.38000E-05 2.01081E+09 6.64830E+04
5.39000E-05 1.99579E+09 6.59862E+04
5.40000E-05 1.98090E+09 6.54939E+04
5.41000E-05 1.96615E+09 6.50063E+04
5.42000E-05 1.95154E+09 6.45231E+04
5.43000E-05 1.93706E+09 6.40445E+04
5.44000E-05 1.92271E+09 6.35702E+04
5.45000E-05 1.90850E+09 6.31003E+04
5.46000E-05 1.89442E+09 6.26347E+04
5.47000E-05 1.88047E+09 6.21734E+04
5.48000E-05 1.86664E+09 6.17163E+04
5.49000E-05 1.85294E+09 6.12634E+04
5.50000E-05 1.83937E+09 6.08146E+04
5.51000E-05 1.82592E+09 6.03699E+04
5.52000E-05 1.81259E+09 5.99292E+04
5.53000E-05 1.79938E+09 5.94926E+04
5.54000E-05 1.78630E+09 5.90599E+04
5.55000E-05 1.77333E+09 5.86311E+04
5.56000E-05 1.76048E+09 5.82061E+04
5.57000E-05 1.74774E+09 5.77850E+04
5.58000E-05 1.73512E+09 5.73677E+04
5.59000E-05 1.72261E+09 5.69542E+04
5.60000E-05 1.71021E+09 5.65443E+04
5.61000E-05 1.69793E+09 5.61381E+04
5.62000E-05 1.68575E+09 5.57355E+04
5.63000E-05 1.67368E+09 5.53365E+04
5.64000E-05 1.66172E+09 5.49411E+04
5.65000E-05 1.64987E+09 5.45492E+04
5.66000E-05 1.63812E+09 5.41607E+04
5.67000E-05 1.62647E+09 5.37757E+04
5.68000E-05 1.61493E+09 5.33941E+04
5.69000E-05 1.60349E+09 5.30158E+04
5.70000E-05 1.59215E+09 5.26409E+04
5.71000E-05 1.58091E+09 5.22693E+04
5.72000E-05 1.56977E+09 5.19009E+04
5.73000E-05 1.55873E+09 5.15358E+04
5.74000E-05 1.54778E+09 5.11738E+04
5.75000E-05 1.53693E+09 5.08151E+04
5.76000E-05 1.52617E+09 5.04594E+04
5.77000E-05 1.51551E+09 5.01068E+04
5.78000E-05 1.50494E+09 4.97573E+04
5.79000E-05 1.49446E+09 4.94108E+04
5.80000E-05 1.48407E+09 4.90674E+04
5.81000E-05 1.47377E+09 4.87268E+04
5.82000E-05 1.46356E+09 4.83893E+04
5.83000E-05 1.45344E+09 4.80546E+04
5.84000E-05 1.44340E+09 4.77228E+04
5.85000E-05 1.43345E+09 4.73938E+04
5.86000E-05 1.42359E+09 4.70677E+04
5.87000E-05 1.41381E+09 4.67444E+04
5.88000E-05 1.40411E+09 4.64238E+04
5.89000E-05 1.39450E+09 4.61059E+04
5.90000E-05 1.38497E+09 4.57908E+04
5.91000E-05 1.37552E+09 4.54783E+04
5.92000E-05 1.36614E+09 4.51685E+04
5.93000E-05 1.35685E+09 4.48613E+04
5.94000E-05 1.34764E+09 4.45567E+04
5.95000E-05 1.33851E+09 4.42547E+04
5.96000E-05 1.32945E+09 4.39552E+04
5.97000E-05 1.32046E+09 4.36582E+04
5.98000E-05 1.31156E+09 4.33637E+04
5.99000E-05 1.30273E+09 4.30717E+04
6.00000E-05 1.29397E+09 4.27821E+04
6.01000E-05 1.28528E+09 4.24950E+04
6.02000E-05 1.27667E+09 4.22102E+04
6.03000E-05 1.26813E+09 4.19278E+04
6.04000E-05 1.25966E+09 4.16478E+04
6.05000E-05 1.25126E+09 4.13701E+04
6.06000E-05 1.24293E+09 4.10947E+04
6.07000E-05 1.23467E+09 4.08215E+04
6.08000E-05 1.22648E+09 4.05507E+04
6.09000E-05 1.21835E+09 4.02820E+04
6.10000E-05 1.21029E+09 4.00156E+04
6.11000E-05 1.20230E+09 3.97513E+04
6.12000E-05 1.19437E+09 3.94893E+04
6.13000E-05 1.18651E+09 3.92293E+04
6.14000E-05 1.17871E+09 3.89715E+04
6.15000E-05 1.17098E+09 3.87158E+04
6.16000E-05 1.16331E+09 3.84622E+04
6.17000E-05 1.15570E+09 3.82107E+04
6.18000E-05 1.14815E+09 3.79611E+04
6.19000E-05 1.14067E+09 3.77137E+04
6.20000E-05 1.13324E+09 3.74682E+04
6.21000E-05 1.12588E+09 3.72247E+04
6.22000E-05 1.11857E+09 3.69832E+04
6.23000E-05 1.11133E+09 3.67436E+04
6.24000E-05 1.10414E+09 3.65059E+04
6.25000E-05 1.09701E+09 3.62702E+04
6.26000E-05 1.08994E+09 3.60363E+04
6.27000E-05 1.08292E+09 3.58043E+04
6.28000E-05 1.07596E+09 3.55742E+04
6.29000E-05 1.06906E+09 3.53459E+04
6.30000E-05 1.06221E+09 3.51195E+04
6.31000E-05 1.05541E+09 3.48948E+04
6.32000E-05 1.04867E+09 3.46719E+04
6.33000E-05 1.04198E+09 3.44508E+04
6.34000E-05 1.03535E+09 3.42314E+04
6.35000E-05 1.02877E+09 3.40138E+04
6.36000E-05 1.02224E+09 3.37979E+04
6.37000E-05 1.01576E+09 3.35837E+04
6.38000E-05 1.00933E+09 3.33712E+04
6.39000E-05 1.00295E+09 3.31603E+04
6.40000E-05 9.96624E+08 3.29511E+04
6.41000E-05 9.90347E+08 3.27436E+04
6.42000E-05 9.84118E+08 3.25377E+04
6.43000E-05 9.77939E+08 3.23333E+04
6.44000E-05 9.71807E+08 3.21306E+04
6.45000E-05 9.65723E+08 3.19295E+04
6.46000E-05 9.59687E+08 3.17299E+04
6.47000E-05 9.53697E+08 3.15318E+04
6.48000E-05 9.47754E+08 3.13353E+04
6.49000E-05 9.41857E+08 3.11404E+04
6.50000E-05 9.36005E+08 3.09469E+04
6.51000E-05 9.30198E+08 3.07549E+04
6.52000E-05 9.24437E+08 3.05644E+04
6.53000E-05 9.18719E+08 3.03754E+04
6.54000E-05 9.13046E+08 3.01878E+04
6.55000E-05 9.07416E+08 3.00017E+04
6.56000E-05 9.01829E+08 2.98169E+04
6.57000E-05 8.96285E+08 2.96336E+04
6.58000E-05 8.90783E+08 2.94517E+04
6.59000E-05 8.85323E+08 2.92712E+04
6.60000E-05 8.79905E+08 2.90921E+04
6.61000E-05 8.74528E+08 2.89143E+04
6.62000E-05 8.69191E+08 2.87379E+04
6.63000E-05 8.63896E+08 2.85628E+04
6.64000E-05 8.58640E+08 2.83890E+04
6.65000E-05 8.53424E+08 2.82165E+04
6.66000E-05 8.48247E+08 2.80454E+04
6.67000E-05 8.43109E+08 2.78755E+04
6.68000E-05 8.38010E+08 2.77069E+04
6.69000E-05 8.32950E+08 2.75396E+04
6.70000E-05 8.27927E+08 2.73735E+04
6.71000E-05 8.22942E+08 2.72087E+04
6.72000E-05 8.17994E+08 2.70451E+04
6.73000E-05 8.13083E+08 2.68827E+04
6.74000E-05 8.08208E+08 2.67216E+04
6.75000E-05 8.03370E+08 2.65616E+04
6.76000E-05 7.98568E+08 2.64029E+04
6.77000E-05 7.93802E+08 2.62453E+04
6.78000E-05 7.89071E+08 2.60888E+04
6.79000E-05 7.84375E+08 2.59336E+04
6.80000E-05 7.79713E+08 2.57795E+04
6.81000E-05 7.75086E+08 2.56265E+04
6.82000E-05 7.70493E+08 2.54746E+04
6.83000E-05 7.65934E+08 2.53239E+04
6.84000E-05 7.61409E+08 2.51743E+04
6.85000E-05 7.56916E+08 2.50257E+04
6.86000E-05 7.52457E+08 2.48783E+04
6.87000E-05 7.48030E+08 2.47319E+04
6.88000E-05 7.43636E+08 2.45866E+04
6.89000E-05 7.39273E+08 2.44424E+04
6.90000E-05 7.34943E+08 2.42992E+04
6.91000E-05 7.30643E+08 2.41571E+04
6.92000E-05 7.26375E+08 2.40160E+04
6.93000E-05 7.22139E+08 2.38759E+04
6.94000E-05 7.17932E+08 2.37368E+04
6.95000E-05 7.13756E+08 2.35987E+04
6.96000E-05 7.09611E+08 2.34617E+04
6.97000E-05 7.05495E+08 2.33256E+04
6.98000E-05 7.01409E+08 2.31905E+04
6.99000E-05 6.97352E+08 2.30564E+04
7.00000E-05 6.93325E+08 2.29232E+04
7.01000E-05 6.89326E+08 2.27910E+04
7.02000E-05 6.85356E+08 2.26597E+04
7.03000E-05 6.81414E+08 2.25294E+04
7.04000E-05 6.77500E+08 2.24000E+04
7.05000E-05 6.73615E+08 2.22716E+04
7.06000E-05 6.69757E+08 2.21440E+04
7.07000E-05 6.65926E+08 2.20174E+04
7.08000E-05 6.62123E+08 2.18916E+04
7.09000E-05 6.58347E+08 2.17667E+04
7.10000E-05 6.54597E+08 2.16428E+04
7.11000E-05 6.50874E+08 2.15197E+04
7.12000E-05 6.47177E+08 2.13975E+04
7.13000E-05 6.43506E+08 2.12761E+04
7.14000E-05 6.39862E+08 2.11556E+04
7.15000E-05 6.36242E+08 2.10359E+04
7.16000E-05 6.32648E+08 2.09171E+04
7.17000E-05 6.29080E+08 2.07991E+04
7.18000E-05 6.25536E+08 2.06819E+04
7.19000E-05 6.22017E+08 2.05656E+04
7.20000E-05 6.18523E+08 2.04501E+04
7.21000E-05 6.15053E+08 2.03353E+04
7.22000E-05 6.11607E+08 2.02214E+04
7.23000E-05 6.08186E+08 2.01083E+04
7.24000E-05 6.04788E+08 1.99959E+04
7.25000E-05 6.01413E+08 1.98844E+04
7.26000E-05 5.98062E+08 1.97736E+04
7.27000E-05 5.94734E+08 1.96636E+04
7.28000E-05 5.91430E+08 1.95543E+04
7.29000E-05 5.88147E+08 1.94458E+04
7.30000E-05 5.84888E+08 1.93380E+04
7.31000E-05 5.81651E+08 1.92310E+04
7.32000E-05 5.78436E+08 1.91247E+04
7.33000E-05 5.75243E+08 1.90191E+04
7.34000E-05 5.72073E+08 1.89143E+04
7.35000E-05 5.68923E+08 1.88102E+04
7.36000E-05 5.65796E+08 1.87068E+04
7.37000E-05 5.62690E+08 1.86041E+04
7.38000E-05 5.59604E+08 1.85021E+04
7.39000E-05 5.56540E+08 1.84007E+04
7.40000E-05 5.53497E+08 1.83001E+04
7.41000E-05 5.50474E+08 1.82002E+04
7.42000E-05 5.47472E+08 1.81009E+04
7.43000E-05 5.44490E+08 1.80023E+04
7.44000E-05 5.41529E+08 1.79044E+04
7.45000E-05 5.38587E+08 1.78072E+04
7.46000E-05 5.35665E+08 1.77106E+04
7.47000E-05 5.32763E+08 1.76146E+04
7.48000E-05 5.29881E+08 1.75193E+04
7.49000E-05 5.27017E+08 1.74246E+04
7.50000E-05 5.24173E+08 1.73306E+04
7.51000E-05 5.21348E+08 1.72372E+04
7.52000E-05 5.18542E+08 1.71444E+04
7.53000E-05 5.15755E+08 1.70523E+04
7.54000E-05 5.12986E+08 1.69607E+04
7.55000E-05 5.10236E+08 1.68698E+04
7.56000E-05 5.07504E+08 1.67795E+04
7.57000E-05 5.04790E+08 1.66897E+04
7.58000E-05 5.02094E+08 1.66006E+04
7.59000E-05 4.99416E+08 1.65121E+04
7.60000E-05 4.96756E+08 1.64241E+04
7.61000E-05 4.94113E+08 1.63367E+04
7.62000E-05 4.91488E+08 1.62499E+04
7.63000E-05 4.88880E+08 1.61637E+04
7.64000E-05 4.86290E+08 1.60781E+04
7.65000E-05 4.83716E+08 1.59930E+04
7.66000E-05 4.81159E+08 1.59084E+04
7.67000E-05 4.78619E+08 1.58245E+04
7.68000E-05 4.76096E+08 1.57410E+04
7.69000E-05 4.73589E+08 1.56582E+04
7.70000E-05 4.71099E+08 1.55758E+04
7.71000E-05 4.68624E+08 1.54940E+04
7.72000E-05 4.66166E+08 1.54127E+04
7.73000E-05 4.63724E+08 1.53320E+04
7.74000E-05 4.61298E+08 1.52518E+04
7.75000E-05 4.58888E+08 1.51721E+04
7.76000E-05 4.56493E+08 1.50929E+04
7.77000E-05 4.54114E+08 1.50142E+04
7.78000E-05 4.51750E+08 1.49361E+04
7.79000E-05 4.49401E+08 1.48584E+04
7.80000E-05 4.47068E+08 1.47813E+04
7.81000E-05 4.44749E+08 1.47046E+04
7.82000E-05 4.42446E+08 1.46285E+04
7.83000E-05 4.40157E+08 1.45528E+04
7.84000E-05 4.37883E+08 1.44776E+04
7.85000E-05 4.35624E+08 1.44029E+04
7.86000E-05 4.33379E+08 1.43287E+04
7.87000E-05 4.31148E+08 1.42549E+04
7.88000E-05 4.28932E+08 1.41817E+04
7.89000E-05 4.26730E+08 1.41089E+04
7.90000E-05 4.24542E+08 1.40365E+04
7.91000E-05 4.22367E+08 1.39646E+04
7.92000E-05 4.20207E+08 1.38932E+04
7.93000E-05 4.18060E+08 1.38222E+04
7.94000E-05 4.15927E+08 1.37517E+04
7.95000E-05 4.13807E+08 1.36816E+04
7.96000E-05 4.11701E+08 1.36120E+04
7.97000E-05 4.09608E+08 1.35428E+04
7.98000E-05 4.07529E+08 1.34740E+04
7.99000E-05 4.05462E+08 1.34057E+04
8.00000E-05 4.03409E+08 1.33378E+04
8.01000E-05 4.01368E+08 1.32703E+04
8.02000E-05 3.99340E+08 1.32033E+04
8.03000E-05 3.97325E+08 1.31367E+04
8.04000E-05 3.95322E+08 1.30704E+04
8.05000E-05 3.93332E+08 1.30047E+04
8.06000E-05 3.91355E+08 1.29393E+04
8.07000E-05 3.89390E+08 1.28743E+04
8.08000E-05 3.87437E+08 1.28097E+04
8.09000E-05 3.85496E+08 1.27456E+04
8.10000E-05 3.83567E+08 1.26818E+04
8.11000E-05 3.81650E+08 1.26184E+04
8.12000E-05 3.79745E+08 1.25554E+04
8.13000E-05 3.77852E+08 1.24928E+04
8.14000E-05 3.75971E+08 1.24306E+04
8.15000E-05 3.74101E+08 1.23688E+04
8.16000E-05 3.72243E+08 1.23074E+04
8.17000E-05 3.70396E+08 1.22463E+04
8.18000E-05 3.68561E+08 1.21856E+04
8.19000E-05 3.66737E+08 1.21253E+04
8.20000E-05 3.64924E+08 1.20654E+04
8.21000E-05 3.63122E+08 1.20058E+04
8.22000E-05 3.61331E+08 1.19466E+04
8.23000E-05 3.59551E+08 1.18878E+04
8.24000E-05 3.57782E+08 1.18293E+04
8.25000E-05 3.56024E+08 1.17711E+04
8.26000E-05 3.54277E+08 1.17134E+04
8.27000E-05 3.52540E+08 1.16559E+04
8.28000E-05 3.50814E+08 1.15989E+04
8.29000E-05 3.49098E+08 1.15421E+04
8.30000E-05 3.47393E+08 1.14858E+04
8.31000E-05 3.45698E+08 1.14297E+04
8.32000E-05 3.44013E+08 1.13740E+04
8.33000E-05 3.42339E+08 1.13187E+04
8.34000E-05 3.40674E+08 1.12636E+04
8.35000E-05 3.39020E+08 1.12089E+04
8.36000E-05 3.37376E+08 1.11546E+04
8.37000E-05 3.35741E+08 1.11005E+04
8.38000E-05 3.34116E+08 1.10468E+04
8.39000E-05 3.32501E+08 1.09934E+04
8.40000E-05 3.30896E+08 1.09403E+04
8.41000E-05 3.29301E+08 1.08876E+04
8.42000E-05 3.27715E+08 1.08351E+04
8.43000E-05 3.26138E+08 1.07830E+04
8.44000E-05 3.24571E+08 1.07312E+04
8.45000E-05 3.23013E+08 1.06797E+04
8.46000E-05 3.21464E+08 1.06285E+04
8.47000E-05 3.19925E+08 1.05776E+04
8.48000E-05 3.18395E+08 1.05270E+04
8.49000E-05 3.16874E+08 1.04767E+04
8.50000E-05 3.15361E+08 1.04267E+04
8.51000E-05 3.13858E+08 1.03770E+04
8.52000E-05 3.12364E+08 1.03276E+04
8.53000E-05 3.10879E+08 1.02785E+04
8.54000E-05 3.09402E+08 1.02297E+04
8.55000E-05 3.07934E+08 1.01811E+04
8.56000E-05 3.06474E+08 1.01329E+04
8.57000E-05 3.05024E+08 1.00849E+04
8.58000E-05 3.03581E+08 1.00372E+04
8.59000E-05 3.02148E+08 9.98983E+03
8.60000E-05 3.00722E+08 9.94270E+03
8.61000E-05 2.99305E+08 9.89585E+03
8.62000E-05 2.97896E+08 9.84928E+03
8.63000E-05 2.96496E+08 9.80297E+03
8.64000E-05 2.95104E+08 9.75693E+03
8.65000E-05 2.93719E+08 9.71117E+03
8.66000E-05 2.92343E+08 9.66566E+03
8.67000E-05 2.90975E+08 9.62043E+03
8.68000E-05 2.89615E+08 9.57545E+03
8.69000E-05 2.88262E+08 9.53074E+03
8.70000E-05 2.86918E+08 9.48629E+03
8.71000E-05 2.85581E+08 9.44209E+03
8.72000E-05 2.84252E+08 9.39815E+03
8.73000E-05 2.82930E+08 9.35446E+03
8.74000E-05 2.81617E+08 9.31102E+03
8.75000E-05 2.80311E+08 9.26784E+03
8.76000E-05 2.79012E+08 9.22490E+03
8.77000E-05 2.77721E+08 9.18221E+03
8.78000E-05 2.76437E+08 9.13976E+03
8.79000E-05 2.75160E+08 9.09756E+03
8.80000E-05 2.73891E+08 9.05560E+03
8.81000E-05 2.72629E+08 9.01388E+03
8.82000E-05 2.71375E+08 8.97240E+03
8.83000E-05 2.70127E+08 8.93115E+03
8.84000E-05 2.68887E+08 8.89014E+03
8.85000E-05 2.67654E+08 8.84936E+03
8.86000E-05 2.66427E+08 8.80882E+03
8.87000E-05 2.65208E+08 8.76850E+03
8.88000E-05 2.63996E+08 8.72842E+03
8.89000E-05 2.62790E+08 8.68856E+03
8.90000E-05 2.61591E+08 8.64893E+03
8.91000E-05 2.60399E+08 8.60952E+03
8.92000E-05 2.59214E+08 8.57033E+03
8.93000E-05 2.58036E+08 8.53137E+03
8.94000E-05 2.56864E+08 8.49262E+03
8.95000E-05 2.55699E+08 8.45410E+03
8.96000E-05 2.54540E+08 8.41579E+03
8.97000E-05 2.53388E+08 8.37769E+03
8.98000E-05 2.52242E+08 8.33981E+03
8.99000E-05 2.51103E+08 8.30214E+03
9.00000E-05 2.49970E+08 8.26469E+03
9.01000E-05 2.48843E+08 8.22744E+03
9.02000E-05 2.47723E+08 8.19040E+03
9.03000E-05 2.46609E+08 8.15356E+03
9.04000E-05 2.45501E+08 8.11694E+03
9.05000E-05 2.44399E+08 8.08051E+03
9.06000E-05 2.43304E+08 8.04429E+03
9.07000E-05 2.42214E+08 8.00827E+03
9.08000E-05 2.41131E+08 7.97246E+03
9.09000E-05 2.40054E+08 7.93683E+03
9.10000E-05 2.38982E+08 7.90141E+03
9.11000E-05 2.37917E+08 7.86618E+03
9.12000E-05 2.36857E+08 7.83115E+03
9.13000E-05 2.35804E+08 7.79631E+03
9.14000E-05 2.34756E+08 7.76167E+03
9.15000E-05 2.33713E+08 7.72721E+03
9.16000E-05 2.32677E+08 7.69294E+03
9.17000E-05 2.31646E+08 7.65887E+03
9.18000E-05 2.30621E+08 7.62498E+03
9.19000E-05 2.29602E+08 7.59127E+03
9.20000E-05 2.28588E+08 7.55775E+03
9.21000E-05 2.27580E+08 7.52441E+03
9.22000E-05 2.26577E+08 7.49126E+03
9.23000E-05 2.25580E+08 7.45829E+03
9.24000E-05 2.24588E+08 7.42549E+03
9.25000E-05 2.23602E+08 7.39288E+03
9.26000E-05 2.22620E+08 7.36044E+03
9.27000E-05 2.21645E+08 7.32818E+03
9.28000E-05 2.20674E+08 7.29610E+03
9.29000E-05 2.19709E+08 7.26419E+03
9.30000E-05 2.18749E+08 7.23245E+03
9.31000E-05 2.17795E+08 7.20089E+03
9.32000E-05 2.16845E+08 7.16949E+03
9.33000E-05 2.15901E+08 7.13827E+03
9.34000E-05 2.14961E+08 7.10721E+03
9.35000E-05 2.14027E+08 7.07632E+03
9.36000E-05 2.13098E+08 7.04560E+03
9.37000E-05 2.12174E+08 7.01504E+03
9.38000E-05 2.11254E+08 6.98465E+03
9.39000E-05 2.10340E+08 6.95442E+03
9.40000E-05 2.09431E+08 6.92435E+03
9.41000E-05 2.08526E+08 6.89444E+03
9.42000E-05 2.07626E+08 6.86470E+03
9.43000E-05 2.06731E+08 6.83511E+03
9.44000E-05 2.05841E+08 6.80568E+03
9.45000E-05 2.04956E+08 6.77641E+03
9.46000E-05 2.04075E+08 6.74729E+03
9.47000E-05 2.03200E+08 6.71833E+03
9.48000E-05 2.02328E+08 6.68953E+03
9.49000E-05 2.01462E+08 6.66087E+03
9.50000E-05 2.00600E+08 6.63237E+03
9.51000E-05 1.99742E+08 6.60402E+03
9.52000E-05 1.98889E+08 6.57582E+03
9.53000E-05 1.98041E+08 6.54777E+03
9.54000E-05 1.97197E+08 6.51987E+03
9.55000E-05 1.96357E+08 6.49212E+03
9.56000E-05 1.95522E+08 6.46451E+03
9.57000E-05 1.94692E+08 6.43704E+03
9.58000E-05 1.93866E+08 6.40973E+03
9.59000E-05 1.93044E+08 6.38255E+03
9.60000E-05 1.92226E+08 6.35552E+03
9.61000E-05 1.91413E+08 6.32863E+03
9.62000E-05 1.90604E+08 6.30188E+03
9.63000E-05 1.89799E+08 6.27527E+03
9.64000E-05 1.88998E+08 6.24880E+03
9.65000E-05 1.88202E+08 6.22247E+03
9.66000E-05 1.87410E+08 6.19628E+03
9.67000E-05 1.86622E+08 6.17022E+03
9.68000E-05 1.85838E+08 6.14430E+03
9.69000E-05 1.85058E+08 6.11852E+03
9.70000E-05 1.84282E+08 6.09286E+03
9.71000E-05 1.83510E+08 6.06735E+03
9.72000E-05 1.82742E+08 6.04196E+03
9.73000E-05 1.81978E+08 6.01671E+03
9.74000E-05 1.81219E+08 5.99158E+03
9.75000E-05 1.80463E+08 5.96659E+03
9.76000E-05 1.79711E+08 5.94172E+03
9.77000E-05 1.78962E+08 5.91699E+03
9.78000E-05 1.78218E+08 5.89238E+03
9.79000E-05 1.77478E+08 5.86790E+03
9.80000E-05 1.76741E+08 5.84354E+03
9.81000E-05 1.76008E+08 5.81931E+03
9.82000E-05 1.75279E+08 5.79521E+03
9.83000E-05 1.74554E+08 5.77123E+03
9.84000E-05 1.73832E+08 5.74737E+03
9.85000E-05 1.73114E+08 5.72363E+03
9.86000E-05 1.72400E+08 5.70002E+03
9.87000E-05 1.71689E+08 5.67652E+03
9.88000E-05 1.70982E+08 5.65315E+03
9.89000E-05 1.70279E+08 5.62989E+03
9.90000E-05 1.69579E+08 5.60676E+03
9.91000E-05 1.68883E+08 5.58374E+03
9.92000E-05 1.68190E+08 5.56084E+03
9.93000E-05 1.67501E+08 5.53805E+03
9.94000E-05 1.66816E+08 5.51538E+03
9.95000E-05 1.66133E+08 5.49283E+03
9.96000E-05 1.65455E+08 5.47039E+03
9.97000E-05 1.64779E+08 5.44806E+03
9.98000E-05 1.64108E+08 5.42585E+03
9.99000E-05 1.63439E+08 5.40375E+03
1.00000E-04 1.62774E+08 5.38176E+03
