#  FeatureSize(cm)    Fluence(mum2)   Dose(Gy)
1.00000E-07 1.38017E+20 3.62494E+15
2.00000E-07 8.62607E+18 2.26559E+14
3.00000E-07 1.70391E+18 4.47524E+13
4.00000E-07 5.39129E+17 1.41599E+13
5.00000E-07 2.20827E+17 5.79991E+12
6.00000E-07 1.06495E+17 2.79702E+12
7.00000E-07 5.74832E+16 1.50976E+12
8.00000E-07 3.36956E+16 8.84996E+11
9.00000E-07 2.10360E+16 5.52498E+11
1.00000E-06 1.38017E+16 3.62494E+11
1.10000E-06 9.42675E+15 2.47588E+11
1.20000E-06 6.65592E+15 1.74814E+11
1.30000E-06 4.83236E+15 1.26919E+11
1.40000E-06 3.59270E+15 9.43602E+10
1.50000E-06 2.72626E+15 7.16038E+10
1.60000E-06 2.10597E+15 5.53122E+10
1.70000E-06 1.65248E+15 4.34016E+10
1.80000E-06 1.31475E+15 3.45312E+10
1.90000E-06 1.05906E+15 2.78155E+10
2.00000E-06 8.62607E+14 2.26559E+10
2.10000E-06 7.09669E+14 1.86391E+10
2.20000E-06 5.89172E+14 1.54743E+10
2.30000E-06 4.93198E+14 1.29536E+10
2.40000E-06 4.15995E+14 1.09259E+10
2.50000E-06 3.53324E+14 9.27985E+09
2.60000E-06 3.02023E+14 7.93246E+09
2.70000E-06 2.59704E+14 6.82097E+09
2.80000E-06 2.24544E+14 5.89751E+09
2.90000E-06 1.95138E+14 5.12518E+09
3.00000E-06 1.70391E+14 4.47524E+09
3.10000E-06 1.49447E+14 3.92513E+09
3.20000E-06 1.31623E+14 3.45701E+09
3.30000E-06 1.16380E+14 3.05665E+09
3.40000E-06 1.03280E+14 2.71260E+09
3.50000E-06 9.19731E+13 2.41562E+09
3.60000E-06 8.21718E+13 2.15820E+09
3.70000E-06 7.36421E+13 1.93417E+09
3.80000E-06 6.61909E+13 1.73847E+09
3.90000E-06 5.96588E+13 1.56690E+09
4.00000E-06 5.39129E+13 1.41599E+09
4.10000E-06 4.88425E+13 1.28282E+09
4.20000E-06 4.43543E+13 1.16494E+09
4.30000E-06 4.03700E+13 1.06030E+09
4.40000E-06 3.68233E+13 9.67142E+08
4.50000E-06 3.36576E+13 8.83997E+08
4.60000E-06 3.08249E+13 8.09599E+08
4.70000E-06 2.82840E+13 7.42865E+08
4.80000E-06 2.59997E+13 6.82867E+08
4.90000E-06 2.39413E+13 6.28806E+08
5.00000E-06 2.20827E+13 5.79991E+08
5.10000E-06 2.04010E+13 5.35822E+08
5.20000E-06 1.88764E+13 4.95779E+08
5.30000E-06 1.74916E+13 4.59407E+08
5.40000E-06 1.62315E+13 4.26311E+08
5.50000E-06 1.50828E+13 3.96141E+08
5.60000E-06 1.40340E+13 3.68595E+08
5.70000E-06 1.30748E+13 3.43401E+08
5.80000E-06 1.21961E+13 3.20324E+08
5.90000E-06 1.13900E+13 2.99153E+08
6.00000E-06 1.06495E+13 2.79702E+08
6.10000E-06 9.96813E+12 2.61807E+08
6.20000E-06 9.34041E+12 2.45321E+08
6.30000E-06 8.76134E+12 2.30112E+08
6.40000E-06 8.22646E+12 2.16063E+08
6.50000E-06 7.73178E+12 2.03071E+08
6.60000E-06 7.27373E+12 1.91040E+08
6.70000E-06 6.84910E+12 1.79888E+08
6.80000E-06 6.45502E+12 1.69537E+08
6.90000E-06 6.08887E+12 1.59921E+08
7.00000E-06 5.74832E+12 1.50976E+08
7.10000E-06 5.43125E+12 1.42649E+08
7.20000E-06 5.13574E+12 1.34887E+08
7.30000E-06 4.86006E+12 1.27647E+08
7.40000E-06 4.60263E+12 1.20885E+08
7.50000E-06 4.36202E+12 1.14566E+08
7.60000E-06 4.13693E+12 1.08654E+08
7.70000E-06 3.92618E+12 1.03119E+08
7.80000E-06 3.72867E+12 9.79316E+07
7.90000E-06 3.54344E+12 9.30664E+07
8.00000E-06 3.36956E+12 8.84996E+07
8.10000E-06 3.20622E+12 8.42095E+07
8.20000E-06 3.05265E+12 8.01762E+07
8.30000E-06 2.90818E+12 7.63816E+07
8.40000E-06 2.77214E+12 7.28088E+07
8.50000E-06 2.64397E+12 6.94425E+07
8.60000E-06 2.52313E+12 6.62685E+07
8.70000E-06 2.40911E+12 6.32738E+07
8.80000E-06 2.30145E+12 6.04464E+07
8.90000E-06 2.19975E+12 5.77751E+07
9.00000E-06 2.10360E+12 5.52498E+07
9.10000E-06 2.01265E+12 5.28610E+07
9.20000E-06 1.92656E+12 5.05999E+07
9.30000E-06 1.84502E+12 4.84584E+07
9.40000E-06 1.76775E+12 4.64290E+07
9.50000E-06 1.69449E+12 4.45048E+07
9.60000E-06 1.62498E+12 4.26792E+07
9.70000E-06 1.55900E+12 4.09463E+07
9.80000E-06 1.49633E+12 3.93004E+07
9.90000E-06 1.43679E+12 3.77364E+07
1.00000E-05 1.38017E+12 3.62494E+07
1.01000E-05 1.32632E+12 3.48350E+07
1.02000E-05 1.27506E+12 3.34889E+07
1.03000E-05 1.22626E+12 3.22071E+07
1.04000E-05 1.17978E+12 3.09862E+07
1.05000E-05 1.13547E+12 2.98225E+07
1.06000E-05 1.09322E+12 2.87129E+07
1.07000E-05 1.05293E+12 2.76545E+07
1.08000E-05 1.01447E+12 2.66444E+07
1.09000E-05 9.77748E+11 2.56800E+07
1.10000E-05 9.42675E+11 2.47588E+07
1.11000E-05 9.09161E+11 2.38786E+07
1.12000E-05 8.77124E+11 2.30372E+07
1.13000E-05 8.46485E+11 2.22324E+07
1.14000E-05 8.17172E+11 2.14626E+07
1.15000E-05 7.89117E+11 2.07257E+07
1.16000E-05 7.62256E+11 2.00202E+07
1.17000E-05 7.36528E+11 1.93445E+07
1.18000E-05 7.11877E+11 1.86970E+07
1.19000E-05 6.88248E+11 1.80765E+07
1.20000E-05 6.65592E+11 1.74814E+07
1.21000E-05 6.43860E+11 1.69106E+07
1.22000E-05 6.23008E+11 1.63630E+07
1.23000E-05 6.02993E+11 1.58373E+07
1.24000E-05 5.83776E+11 1.53325E+07
1.25000E-05 5.65318E+11 1.48478E+07
1.26000E-05 5.47584E+11 1.43820E+07
1.27000E-05 5.30540E+11 1.39343E+07
1.28000E-05 5.14154E+11 1.35040E+07
1.29000E-05 4.98395E+11 1.30901E+07
1.30000E-05 4.83236E+11 1.26919E+07
1.31000E-05 4.68649E+11 1.23088E+07
1.32000E-05 4.54608E+11 1.19400E+07
1.33000E-05 4.41089E+11 1.15850E+07
1.34000E-05 4.28069E+11 1.12430E+07
1.35000E-05 4.15526E+11 1.09135E+07
1.36000E-05 4.03438E+11 1.05961E+07
1.37000E-05 3.91788E+11 1.02901E+07
1.38000E-05 3.80554E+11 9.99504E+06
1.39000E-05 3.69721E+11 9.71051E+06
1.40000E-05 3.59270E+11 9.43602E+06
1.41000E-05 3.49186E+11 9.17117E+06
1.42000E-05 3.39453E+11 8.91554E+06
1.43000E-05 3.30057E+11 8.66876E+06
1.44000E-05 3.20984E+11 8.43046E+06
1.45000E-05 3.12220E+11 8.20029E+06
1.46000E-05 3.03754E+11 7.97792E+06
1.47000E-05 2.95572E+11 7.76304E+06
1.48000E-05 2.87664E+11 7.55534E+06
1.49000E-05 2.80019E+11 7.35455E+06
1.50000E-05 2.72626E+11 7.16038E+06
1.51000E-05 2.65476E+11 6.97258E+06
1.52000E-05 2.58558E+11 6.79089E+06
1.53000E-05 2.51865E+11 6.61508E+06
1.54000E-05 2.45386E+11 6.44493E+06
1.55000E-05 2.39115E+11 6.28021E+06
1.56000E-05 2.33042E+11 6.12072E+06
1.57000E-05 2.27161E+11 5.96626E+06
1.58000E-05 2.21465E+11 5.81665E+06
1.59000E-05 2.15946E+11 5.67169E+06
1.60000E-05 2.10597E+11 5.53122E+06
1.61000E-05 2.05414E+11 5.39508E+06
1.62000E-05 2.00389E+11 5.26309E+06
1.63000E-05 1.95516E+11 5.13512E+06
1.64000E-05 1.90791E+11 5.01101E+06
1.65000E-05 1.86207E+11 4.89064E+06
1.66000E-05 1.81761E+11 4.77385E+06
1.67000E-05 1.77446E+11 4.66053E+06
1.68000E-05 1.73259E+11 4.55055E+06
1.69000E-05 1.69194E+11 4.44380E+06
1.70000E-05 1.65248E+11 4.34016E+06
1.71000E-05 1.61417E+11 4.23952E+06
1.72000E-05 1.57695E+11 4.14178E+06
1.73000E-05 1.54081E+11 4.04685E+06
1.74000E-05 1.50569E+11 3.95461E+06
1.75000E-05 1.47157E+11 3.86499E+06
1.76000E-05 1.43841E+11 3.77790E+06
1.77000E-05 1.40618E+11 3.69324E+06
1.78000E-05 1.37484E+11 3.61095E+06
1.79000E-05 1.34438E+11 3.53093E+06
1.80000E-05 1.31475E+11 3.45312E+06
1.81000E-05 1.28593E+11 3.37743E+06
1.82000E-05 1.25790E+11 3.30381E+06
1.83000E-05 1.23063E+11 3.23219E+06
1.84000E-05 1.20410E+11 3.16249E+06
1.85000E-05 1.17827E+11 3.09467E+06
1.86000E-05 1.15314E+11 3.02865E+06
1.87000E-05 1.12867E+11 2.96439E+06
1.88000E-05 1.10485E+11 2.90181E+06
1.89000E-05 1.08165E+11 2.84089E+06
1.90000E-05 1.05906E+11 2.78155E+06
1.91000E-05 1.03705E+11 2.72375E+06
1.92000E-05 1.01561E+11 2.66745E+06
1.93000E-05 9.94727E+10 2.61259E+06
1.94000E-05 9.74375E+10 2.55914E+06
1.95000E-05 9.54541E+10 2.50705E+06
1.96000E-05 9.35209E+10 2.45627E+06
1.97000E-05 9.16364E+10 2.40678E+06
1.98000E-05 8.97991E+10 2.35852E+06
1.99000E-05 8.80077E+10 2.31147E+06
2.00000E-05 8.62607E+10 2.26559E+06
2.01000E-05 8.45568E+10 2.22084E+06
2.02000E-05 8.28948E+10 2.17719E+06
2.03000E-05 8.12735E+10 2.13460E+06
2.04000E-05 7.96915E+10 2.09305E+06
2.05000E-05 7.81479E+10 2.05251E+06
2.06000E-05 7.66415E+10 2.01295E+06
2.07000E-05 7.51712E+10 1.97433E+06
2.08000E-05 7.37360E+10 1.93663E+06
2.09000E-05 7.23349E+10 1.89984E+06
2.10000E-05 7.09669E+10 1.86391E+06
2.11000E-05 6.96311E+10 1.82882E+06
2.12000E-05 6.83265E+10 1.79456E+06
2.13000E-05 6.70524E+10 1.76109E+06
2.14000E-05 6.58079E+10 1.72841E+06
2.15000E-05 6.45921E+10 1.69647E+06
2.16000E-05 6.34042E+10 1.66528E+06
2.17000E-05 6.22435E+10 1.63479E+06
2.18000E-05 6.11092E+10 1.60500E+06
2.19000E-05 6.00007E+10 1.57589E+06
2.20000E-05 5.89172E+10 1.54743E+06
2.21000E-05 5.78581E+10 1.51961E+06
2.22000E-05 5.68226E+10 1.49241E+06
2.23000E-05 5.58102E+10 1.46582E+06
2.24000E-05 5.48202E+10 1.43982E+06
2.25000E-05 5.38521E+10 1.41440E+06
2.26000E-05 5.29053E+10 1.38953E+06
2.27000E-05 5.19792E+10 1.36520E+06
2.28000E-05 5.10733E+10 1.34141E+06
2.29000E-05 5.01870E+10 1.31813E+06
2.30000E-05 4.93198E+10 1.29536E+06
2.31000E-05 4.84713E+10 1.27307E+06
2.32000E-05 4.76410E+10 1.25126E+06
2.33000E-05 4.68284E+10 1.22992E+06
2.34000E-05 4.60330E+10 1.20903E+06
2.35000E-05 4.52545E+10 1.18858E+06
2.36000E-05 4.44923E+10 1.16857E+06
2.37000E-05 4.37461E+10 1.14897E+06
2.38000E-05 4.30155E+10 1.12978E+06
2.39000E-05 4.23001E+10 1.11099E+06
2.40000E-05 4.15995E+10 1.09259E+06
2.41000E-05 4.09133E+10 1.07457E+06
2.42000E-05 4.02412E+10 1.05691E+06
2.43000E-05 3.95829E+10 1.03962E+06
2.44000E-05 3.89380E+10 1.02268E+06
2.45000E-05 3.83062E+10 1.00609E+06
2.46000E-05 3.76871E+10 9.89830E+05
2.47000E-05 3.70805E+10 9.73898E+05
2.48000E-05 3.64860E+10 9.58284E+05
2.49000E-05 3.59034E+10 9.42983E+05
2.50000E-05 3.53324E+10 9.27985E+05
2.51000E-05 3.47727E+10 9.13285E+05
2.52000E-05 3.42240E+10 8.98874E+05
2.53000E-05 3.36861E+10 8.84747E+05
2.54000E-05 3.31587E+10 8.70896E+05
2.55000E-05 3.26417E+10 8.57315E+05
2.56000E-05 3.21346E+10 8.43998E+05
2.57000E-05 3.16374E+10 8.30938E+05
2.58000E-05 3.11497E+10 8.18130E+05
2.59000E-05 3.06714E+10 8.05568E+05
2.60000E-05 3.02023E+10 7.93246E+05
2.61000E-05 2.97420E+10 7.81158E+05
2.62000E-05 2.92906E+10 7.69300E+05
2.63000E-05 2.88476E+10 7.57667E+05
2.64000E-05 2.84130E+10 7.46252E+05
2.65000E-05 2.79866E+10 7.35051E+05
2.66000E-05 2.75681E+10 7.24060E+05
2.67000E-05 2.71574E+10 7.13273E+05
2.68000E-05 2.67543E+10 7.02687E+05
2.69000E-05 2.63587E+10 6.92296E+05
2.70000E-05 2.59704E+10 6.82097E+05
2.71000E-05 2.55891E+10 6.72085E+05
2.72000E-05 2.52149E+10 6.62255E+05
2.73000E-05 2.48475E+10 6.52605E+05
2.74000E-05 2.44867E+10 6.43130E+05
2.75000E-05 2.41325E+10 6.33826E+05
2.76000E-05 2.37846E+10 6.24690E+05
2.77000E-05 2.34430E+10 6.15718E+05
2.78000E-05 2.31075E+10 6.06907E+05
2.79000E-05 2.27780E+10 5.98252E+05
2.80000E-05 2.24544E+10 5.89751E+05
2.81000E-05 2.21364E+10 5.81401E+05
2.82000E-05 2.18241E+10 5.73198E+05
2.83000E-05 2.15173E+10 5.65139E+05
2.84000E-05 2.12158E+10 5.57221E+05
2.85000E-05 2.09196E+10 5.49442E+05
2.86000E-05 2.06286E+10 5.41797E+05
2.87000E-05 2.03425E+10 5.34286E+05
2.88000E-05 2.00615E+10 5.26904E+05
2.89000E-05 1.97853E+10 5.19649E+05
2.90000E-05 1.95138E+10 5.12518E+05
2.91000E-05 1.92469E+10 5.05509E+05
2.92000E-05 1.89846E+10 4.98620E+05
2.93000E-05 1.87268E+10 4.91848E+05
2.94000E-05 1.84733E+10 4.85190E+05
2.95000E-05 1.82240E+10 4.78644E+05
2.96000E-05 1.79790E+10 4.72209E+05
2.97000E-05 1.77381E+10 4.65881E+05
2.98000E-05 1.75012E+10 4.59659E+05
2.99000E-05 1.72682E+10 4.53541E+05
3.00000E-05 1.70391E+10 4.47524E+05
3.01000E-05 1.68138E+10 4.41606E+05
3.02000E-05 1.65922E+10 4.35786E+05
3.03000E-05 1.63743E+10 4.30062E+05
3.04000E-05 1.61599E+10 4.24431E+05
3.05000E-05 1.59490E+10 4.18892E+05
3.06000E-05 1.57415E+10 4.13443E+05
3.07000E-05 1.55374E+10 4.08082E+05
3.08000E-05 1.53366E+10 4.02808E+05
3.09000E-05 1.51391E+10 3.97619E+05
3.10000E-05 1.49447E+10 3.92513E+05
3.11000E-05 1.47534E+10 3.87489E+05
3.12000E-05 1.45651E+10 3.82545E+05
3.13000E-05 1.43799E+10 3.77680E+05
3.14000E-05 1.41976E+10 3.72892E+05
3.15000E-05 1.40182E+10 3.68179E+05
3.16000E-05 1.38415E+10 3.63540E+05
3.17000E-05 1.36677E+10 3.58975E+05
3.18000E-05 1.34966E+10 3.54481E+05
3.19000E-05 1.33282E+10 3.50057E+05
3.20000E-05 1.31623E+10 3.45701E+05
3.21000E-05 1.29991E+10 3.41414E+05
3.22000E-05 1.28384E+10 3.37192E+05
3.23000E-05 1.26801E+10 3.33036E+05
3.24000E-05 1.25243E+10 3.28943E+05
3.25000E-05 1.23708E+10 3.24913E+05
3.26000E-05 1.22198E+10 3.20945E+05
3.27000E-05 1.20710E+10 3.17037E+05
3.28000E-05 1.19244E+10 3.13188E+05
3.29000E-05 1.17801E+10 3.09398E+05
3.30000E-05 1.16380E+10 3.05665E+05
3.31000E-05 1.14980E+10 3.01988E+05
3.32000E-05 1.13601E+10 2.98366E+05
3.33000E-05 1.12242E+10 2.94798E+05
3.34000E-05 1.10904E+10 2.91283E+05
3.35000E-05 1.09586E+10 2.87821E+05
3.36000E-05 1.08287E+10 2.84409E+05
3.37000E-05 1.07007E+10 2.81049E+05
3.38000E-05 1.05747E+10 2.77737E+05
3.39000E-05 1.04504E+10 2.74475E+05
3.40000E-05 1.03280E+10 2.71260E+05
3.41000E-05 1.02074E+10 2.68092E+05
3.42000E-05 1.00885E+10 2.64970E+05
3.43000E-05 9.97141E+09 2.61893E+05
3.44000E-05 9.85597E+09 2.58861E+05
3.45000E-05 9.74219E+09 2.55873E+05
3.46000E-05 9.63005E+09 2.52928E+05
3.47000E-05 9.51952E+09 2.50025E+05
3.48000E-05 9.41057E+09 2.47163E+05
3.49000E-05 9.30318E+09 2.44343E+05
3.50000E-05 9.19731E+09 2.41562E+05
3.51000E-05 9.09294E+09 2.38821E+05
3.52000E-05 8.99005E+09 2.36119E+05
3.53000E-05 8.88862E+09 2.33455E+05
3.54000E-05 8.78860E+09 2.30828E+05
3.55000E-05 8.68999E+09 2.28238E+05
3.56000E-05 8.59276E+09 2.25684E+05
3.57000E-05 8.49689E+09 2.23166E+05
3.58000E-05 8.40235E+09 2.20683E+05
3.59000E-05 8.30912E+09 2.18234E+05
3.60000E-05 8.21718E+09 2.15820E+05
3.61000E-05 8.12651E+09 2.13438E+05
3.62000E-05 8.03709E+09 2.11090E+05
3.63000E-05 7.94889E+09 2.08773E+05
3.64000E-05 7.86190E+09 2.06488E+05
3.65000E-05 7.77609E+09 2.04235E+05
3.66000E-05 7.69146E+09 2.02012E+05
3.67000E-05 7.60797E+09 1.99819E+05
3.68000E-05 7.52561E+09 1.97656E+05
3.69000E-05 7.44436E+09 1.95522E+05
3.70000E-05 7.36421E+09 1.93417E+05
3.71000E-05 7.28513E+09 1.91340E+05
3.72000E-05 7.20711E+09 1.89291E+05
3.73000E-05 7.13013E+09 1.87269E+05
3.74000E-05 7.05418E+09 1.85274E+05
3.75000E-05 6.97924E+09 1.83306E+05
3.76000E-05 6.90528E+09 1.81363E+05
3.77000E-05 6.83231E+09 1.79447E+05
3.78000E-05 6.76030E+09 1.77555E+05
3.79000E-05 6.68923E+09 1.75689E+05
3.80000E-05 6.61909E+09 1.73847E+05
3.81000E-05 6.54988E+09 1.72029E+05
3.82000E-05 6.48156E+09 1.70235E+05
3.83000E-05 6.41413E+09 1.68464E+05
3.84000E-05 6.34758E+09 1.66716E+05
3.85000E-05 6.28189E+09 1.64990E+05
3.86000E-05 6.21704E+09 1.63287E+05
3.87000E-05 6.15303E+09 1.61606E+05
3.88000E-05 6.08984E+09 1.59946E+05
3.89000E-05 6.02746E+09 1.58308E+05
3.90000E-05 5.96588E+09 1.56690E+05
3.91000E-05 5.90508E+09 1.55094E+05
3.92000E-05 5.84506E+09 1.53517E+05
3.93000E-05 5.78579E+09 1.51961E+05
3.94000E-05 5.72728E+09 1.50424E+05
3.95000E-05 5.66950E+09 1.48906E+05
3.96000E-05 5.61245E+09 1.47408E+05
3.97000E-05 5.55611E+09 1.45928E+05
3.98000E-05 5.50048E+09 1.44467E+05
3.99000E-05 5.44554E+09 1.43024E+05
4.00000E-05 5.39129E+09 1.41599E+05
4.01000E-05 5.33772E+09 1.40192E+05
4.02000E-05 5.28480E+09 1.38802E+05
4.03000E-05 5.23254E+09 1.37430E+05
4.04000E-05 5.18093E+09 1.36074E+05
4.05000E-05 5.12995E+09 1.34735E+05
4.06000E-05 5.07959E+09 1.33413E+05
4.07000E-05 5.02985E+09 1.32106E+05
4.08000E-05 4.98072E+09 1.30816E+05
4.09000E-05 4.93219E+09 1.29541E+05
4.10000E-05 4.88425E+09 1.28282E+05
4.11000E-05 4.83688E+09 1.27038E+05
4.12000E-05 4.79009E+09 1.25809E+05
4.13000E-05 4.74387E+09 1.24595E+05
4.14000E-05 4.69820E+09 1.23396E+05
4.15000E-05 4.65308E+09 1.22211E+05
4.16000E-05 4.60850E+09 1.21040E+05
4.17000E-05 4.56445E+09 1.19883E+05
4.18000E-05 4.52093E+09 1.18740E+05
4.19000E-05 4.47793E+09 1.17610E+05
4.20000E-05 4.43543E+09 1.16494E+05
4.21000E-05 4.39344E+09 1.15391E+05
4.22000E-05 4.35194E+09 1.14301E+05
4.23000E-05 4.31093E+09 1.13224E+05
4.24000E-05 4.27041E+09 1.12160E+05
4.25000E-05 4.23036E+09 1.11108E+05
4.26000E-05 4.19078E+09 1.10068E+05
4.27000E-05 4.15166E+09 1.09041E+05
4.28000E-05 4.11299E+09 1.08025E+05
4.29000E-05 4.07478E+09 1.07022E+05
4.30000E-05 4.03700E+09 1.06030E+05
4.31000E-05 3.99967E+09 1.05049E+05
4.32000E-05 3.96276E+09 1.04080E+05
4.33000E-05 3.92628E+09 1.03122E+05
4.34000E-05 3.89022E+09 1.02174E+05
4.35000E-05 3.85457E+09 1.01238E+05
4.36000E-05 3.81933E+09 1.00313E+05
4.37000E-05 3.78449E+09 9.93975E+04
4.38000E-05 3.75005E+09 9.84928E+04
4.39000E-05 3.71599E+09 9.75985E+04
4.40000E-05 3.68233E+09 9.67142E+04
4.41000E-05 3.64904E+09 9.58400E+04
4.42000E-05 3.61613E+09 9.49756E+04
4.43000E-05 3.58359E+09 9.41209E+04
4.44000E-05 3.55141E+09 9.32758E+04
4.45000E-05 3.51960E+09 9.24402E+04
4.46000E-05 3.48814E+09 9.16140E+04
4.47000E-05 3.45703E+09 9.07969E+04
4.48000E-05 3.42626E+09 8.99889E+04
4.49000E-05 3.39584E+09 8.91899E+04
4.50000E-05 3.36576E+09 8.83997E+04
4.51000E-05 3.33601E+09 8.76183E+04
4.52000E-05 3.30658E+09 8.68455E+04
4.53000E-05 3.27748E+09 8.60812E+04
4.54000E-05 3.24870E+09 8.53253E+04
4.55000E-05 3.22023E+09 8.45776E+04
4.56000E-05 3.19208E+09 8.38382E+04
4.57000E-05 3.16423E+09 8.31067E+04
4.58000E-05 3.13669E+09 8.23833E+04
4.59000E-05 3.10944E+09 8.16677E+04
4.60000E-05 3.08249E+09 8.09599E+04
4.61000E-05 3.05583E+09 8.02597E+04
4.62000E-05 3.02946E+09 7.95670E+04
4.63000E-05 3.00337E+09 7.88819E+04
4.64000E-05 2.97756E+09 7.82040E+04
4.65000E-05 2.95203E+09 7.75335E+04
4.66000E-05 2.92677E+09 7.68701E+04
4.67000E-05 2.90179E+09 7.62138E+04
4.68000E-05 2.87706E+09 7.55645E+04
4.69000E-05 2.85260E+09 7.49221E+04
4.70000E-05 2.82840E+09 7.42865E+04
4.71000E-05 2.80446E+09 7.36576E+04
4.72000E-05 2.78077E+09 7.30353E+04
4.73000E-05 2.75733E+09 7.24197E+04
4.74000E-05 2.73413E+09 7.18105E+04
4.75000E-05 2.71118E+09 7.12076E+04
4.76000E-05 2.68847E+09 7.06111E+04
4.77000E-05 2.66600E+09 7.00209E+04
4.78000E-05 2.64376E+09 6.94368E+04
4.79000E-05 2.62175E+09 6.88587E+04
4.80000E-05 2.59997E+09 6.82867E+04
4.81000E-05 2.57841E+09 6.77206E+04
4.82000E-05 2.55708E+09 6.71603E+04
4.83000E-05 2.53597E+09 6.66059E+04
4.84000E-05 2.51508E+09 6.60571E+04
4.85000E-05 2.49440E+09 6.55140E+04
4.86000E-05 2.47393E+09 6.49765E+04
4.87000E-05 2.45368E+09 6.44444E+04
4.88000E-05 2.43362E+09 6.39178E+04
4.89000E-05 2.41378E+09 6.33966E+04
4.90000E-05 2.39413E+09 6.28806E+04
4.91000E-05 2.37469E+09 6.23699E+04
4.92000E-05 2.35544E+09 6.18644E+04
4.93000E-05 2.33639E+09 6.13640E+04
4.94000E-05 2.31753E+09 6.08686E+04
4.95000E-05 2.29886E+09 6.03782E+04
4.96000E-05 2.28037E+09 5.98928E+04
4.97000E-05 2.26208E+09 5.94122E+04
4.98000E-05 2.24396E+09 5.89364E+04
4.99000E-05 2.22603E+09 5.84654E+04
5.00000E-05 2.20827E+09 5.79991E+04
5.01000E-05 2.19070E+09 5.75374E+04
5.02000E-05 2.17329E+09 5.70803E+04
5.03000E-05 2.15606E+09 5.66277E+04
5.04000E-05 2.13900E+09 5.61796E+04
5.05000E-05 2.12211E+09 5.57360E+04
5.06000E-05 2.10538E+09 5.52967E+04
5.07000E-05 2.08882E+09 5.48617E+04
5.08000E-05 2.07242E+09 5.44310E+04
5.09000E-05 2.05618E+09 5.40045E+04
5.10000E-05 2.04010E+09 5.35822E+04
5.11000E-05 2.02418E+09 5.31640E+04
5.12000E-05 2.00841E+09 5.27499E+04
5.13000E-05 1.99280E+09 5.23397E+04
5.14000E-05 1.97734E+09 5.19336E+04
5.15000E-05 1.96202E+09 5.15314E+04
5.16000E-05 1.94686E+09 5.11331E+04
5.17000E-05 1.93184E+09 5.07386E+04
5.18000E-05 1.91696E+09 5.03480E+04
5.19000E-05 1.90223E+09 4.99611E+04
5.20000E-05 1.88764E+09 4.95779E+04
5.21000E-05 1.87319E+09 4.91983E+04
5.22000E-05 1.85888E+09 4.88224E+04
5.23000E-05 1.84470E+09 4.84501E+04
5.24000E-05 1.83066E+09 4.80813E+04
5.25000E-05 1.81675E+09 4.77160E+04
5.26000E-05 1.80298E+09 4.73542E+04
5.27000E-05 1.78933E+09 4.69958E+04
5.28000E-05 1.77581E+09 4.66407E+04
5.29000E-05 1.76242E+09 4.62891E+04
5.30000E-05 1.74916E+09 4.59407E+04
5.31000E-05 1.73602E+09 4.55956E+04
5.32000E-05 1.72300E+09 4.52537E+04
5.33000E-05 1.71011E+09 4.49151E+04
5.34000E-05 1.69734E+09 4.45796E+04
5.35000E-05 1.68468E+09 4.42472E+04
5.36000E-05 1.67214E+09 4.39179E+04
5.37000E-05 1.65972E+09 4.35917E+04
5.38000E-05 1.64742E+09 4.32685E+04
5.39000E-05 1.63523E+09 4.29483E+04
5.40000E-05 1.62315E+09 4.26311E+04
5.41000E-05 1.61118E+09 4.23167E+04
5.42000E-05 1.59932E+09 4.20053E+04
5.43000E-05 1.58757E+09 4.16967E+04
5.44000E-05 1.57593E+09 4.13910E+04
5.45000E-05 1.56440E+09 4.10880E+04
5.46000E-05 1.55297E+09 4.07878E+04
5.47000E-05 1.54164E+09 4.04904E+04
5.48000E-05 1.53042E+09 4.01956E+04
5.49000E-05 1.51930E+09 3.99036E+04
5.50000E-05 1.50828E+09 3.96141E+04
5.51000E-05 1.49736E+09 3.93274E+04
5.52000E-05 1.48654E+09 3.90431E+04
5.53000E-05 1.47582E+09 3.87615E+04
5.54000E-05 1.46519E+09 3.84824E+04
5.55000E-05 1.45466E+09 3.82058E+04
5.56000E-05 1.44422E+09 3.79317E+04
5.57000E-05 1.43388E+09 3.76600E+04
5.58000E-05 1.42363E+09 3.73908E+04
5.59000E-05 1.41347E+09 3.71239E+04
5.60000E-05 1.40340E+09 3.68595E+04
5.61000E-05 1.39342E+09 3.65973E+04
5.62000E-05 1.38353E+09 3.63376E+04
5.63000E-05 1.37372E+09 3.60801E+04
5.64000E-05 1.36401E+09 3.58249E+04
5.65000E-05 1.35438E+09 3.55719E+04
5.66000E-05 1.34483E+09 3.53212E+04
5.67000E-05 1.33537E+09 3.50727E+04
5.68000E-05 1.32599E+09 3.48263E+04
5.69000E-05 1.31669E+09 3.45822E+04
5.70000E-05 1.30748E+09 3.43401E+04
5.71000E-05 1.29834E+09 3.41002E+04
5.72000E-05 1.28928E+09 3.38623E+04
5.73000E-05 1.28031E+09 3.36266E+04
5.74000E-05 1.27141E+09 3.33929E+04
5.75000E-05 1.26259E+09 3.31612E+04
5.76000E-05 1.25384E+09 3.29315E+04
5.77000E-05 1.24517E+09 3.27038E+04
5.78000E-05 1.23658E+09 3.24780E+04
5.79000E-05 1.22806E+09 3.22542E+04
5.80000E-05 1.21961E+09 3.20324E+04
5.81000E-05 1.21123E+09 3.18124E+04
5.82000E-05 1.20293E+09 3.15943E+04
5.83000E-05 1.19470E+09 3.13781E+04
5.84000E-05 1.18654E+09 3.11637E+04
5.85000E-05 1.17845E+09 3.09512E+04
5.86000E-05 1.17042E+09 3.07405E+04
5.87000E-05 1.16247E+09 3.05315E+04
5.88000E-05 1.15458E+09 3.03244E+04
5.89000E-05 1.14676E+09 3.01190E+04
5.90000E-05 1.13900E+09 2.99153E+04
5.91000E-05 1.13131E+09 2.97133E+04
5.92000E-05 1.12369E+09 2.95131E+04
5.93000E-05 1.11613E+09 2.93145E+04
5.94000E-05 1.10863E+09 2.91176E+04
5.95000E-05 1.10120E+09 2.89223E+04
5.96000E-05 1.09383E+09 2.87287E+04
5.97000E-05 1.08651E+09 2.85367E+04
5.98000E-05 1.07927E+09 2.83463E+04
5.99000E-05 1.07208E+09 2.81575E+04
6.00000E-05 1.06495E+09 2.79702E+04
6.01000E-05 1.05788E+09 2.77845E+04
6.02000E-05 1.05087E+09 2.76004E+04
6.03000E-05 1.04391E+09 2.74178E+04
6.04000E-05 1.03702E+09 2.72366E+04
6.05000E-05 1.03018E+09 2.70570E+04
6.06000E-05 1.02339E+09 2.68788E+04
6.07000E-05 1.01667E+09 2.67022E+04
6.08000E-05 1.00999E+09 2.65269E+04
6.09000E-05 1.00338E+09 2.63531E+04
6.10000E-05 9.96813E+08 2.61807E+04
6.11000E-05 9.90303E+08 2.60098E+04
6.12000E-05 9.83846E+08 2.58402E+04
6.13000E-05 9.77442E+08 2.56720E+04
6.14000E-05 9.71090E+08 2.55051E+04
6.15000E-05 9.64789E+08 2.53397E+04
6.16000E-05 9.58540E+08 2.51755E+04
6.17000E-05 9.52341E+08 2.50127E+04
6.18000E-05 9.46191E+08 2.48512E+04
6.19000E-05 9.40092E+08 2.46910E+04
6.20000E-05 9.34041E+08 2.45321E+04
6.21000E-05 9.28040E+08 2.43744E+04
6.22000E-05 9.22086E+08 2.42181E+04
6.23000E-05 9.16180E+08 2.40630E+04
6.24000E-05 9.10321E+08 2.39091E+04
6.25000E-05 9.04509E+08 2.37564E+04
6.26000E-05 8.98743E+08 2.36050E+04
6.27000E-05 8.93023E+08 2.34548E+04
6.28000E-05 8.87349E+08 2.33057E+04
6.29000E-05 8.81719E+08 2.31579E+04
6.30000E-05 8.76134E+08 2.30112E+04
6.31000E-05 8.70594E+08 2.28657E+04
6.32000E-05 8.65097E+08 2.27213E+04
6.33000E-05 8.59643E+08 2.25780E+04
6.34000E-05 8.54232E+08 2.24359E+04
6.35000E-05 8.48864E+08 2.22949E+04
6.36000E-05 8.43538E+08 2.21550E+04
6.37000E-05 8.38253E+08 2.20163E+04
6.38000E-05 8.33010E+08 2.18785E+04
6.39000E-05 8.27808E+08 2.17419E+04
6.40000E-05 8.22646E+08 2.16063E+04
6.41000E-05 8.17525E+08 2.14718E+04
6.42000E-05 8.12443E+08 2.13384E+04
6.43000E-05 8.07401E+08 2.12059E+04
6.44000E-05 8.02397E+08 2.10745E+04
6.45000E-05 7.97433E+08 2.09441E+04
6.46000E-05 7.92507E+08 2.08147E+04
6.47000E-05 7.87618E+08 2.06864E+04
6.48000E-05 7.82768E+08 2.05590E+04
6.49000E-05 7.77954E+08 2.04325E+04
6.50000E-05 7.73178E+08 2.03071E+04
6.51000E-05 7.68438E+08 2.01826E+04
6.52000E-05 7.63735E+08 2.00591E+04
6.53000E-05 7.59067E+08 1.99365E+04
6.54000E-05 7.54435E+08 1.98148E+04
6.55000E-05 7.49838E+08 1.96941E+04
6.56000E-05 7.45277E+08 1.95743E+04
6.57000E-05 7.40750E+08 1.94554E+04
6.58000E-05 7.36257E+08 1.93374E+04
6.59000E-05 7.31798E+08 1.92203E+04
6.60000E-05 7.27373E+08 1.91040E+04
6.61000E-05 7.22981E+08 1.89887E+04
6.62000E-05 7.18623E+08 1.88742E+04
6.63000E-05 7.14297E+08 1.87606E+04
6.64000E-05 7.10004E+08 1.86478E+04
6.65000E-05 7.05743E+08 1.85359E+04
6.66000E-05 7.01513E+08 1.84249E+04
6.67000E-05 6.97316E+08 1.83146E+04
6.68000E-05 6.93150E+08 1.82052E+04
6.69000E-05 6.89015E+08 1.80966E+04
6.70000E-05 6.84910E+08 1.79888E+04
6.71000E-05 6.80837E+08 1.78818E+04
6.72000E-05 6.76793E+08 1.77756E+04
6.73000E-05 6.72779E+08 1.76702E+04
6.74000E-05 6.68795E+08 1.75655E+04
6.75000E-05 6.64841E+08 1.74617E+04
6.76000E-05 6.60916E+08 1.73586E+04
6.77000E-05 6.57019E+08 1.72562E+04
6.78000E-05 6.53152E+08 1.71547E+04
6.79000E-05 6.49313E+08 1.70538E+04
6.80000E-05 6.45502E+08 1.69537E+04
6.81000E-05 6.41718E+08 1.68544E+04
6.82000E-05 6.37963E+08 1.67557E+04
6.83000E-05 6.34235E+08 1.66578E+04
6.84000E-05 6.30534E+08 1.65606E+04
6.85000E-05 6.26860E+08 1.64641E+04
6.86000E-05 6.23213E+08 1.63683E+04
6.87000E-05 6.19592E+08 1.62732E+04
6.88000E-05 6.15998E+08 1.61788E+04
6.89000E-05 6.12429E+08 1.60851E+04
6.90000E-05 6.08887E+08 1.59921E+04
6.91000E-05 6.05370E+08 1.58997E+04
6.92000E-05 6.01878E+08 1.58080E+04
6.93000E-05 5.98412E+08 1.57169E+04
6.94000E-05 5.94970E+08 1.56266E+04
6.95000E-05 5.91553E+08 1.55368E+04
6.96000E-05 5.88161E+08 1.54477E+04
6.97000E-05 5.84793E+08 1.53592E+04
6.98000E-05 5.81448E+08 1.52714E+04
6.99000E-05 5.78128E+08 1.51842E+04
7.00000E-05 5.74832E+08 1.50976E+04
7.01000E-05 5.71559E+08 1.50117E+04
7.02000E-05 5.68309E+08 1.49263E+04
7.03000E-05 5.65082E+08 1.48416E+04
7.04000E-05 5.61878E+08 1.47574E+04
7.05000E-05 5.58697E+08 1.46739E+04
7.06000E-05 5.55538E+08 1.45909E+04
7.07000E-05 5.52402E+08 1.45085E+04
7.08000E-05 5.49288E+08 1.44267E+04
7.09000E-05 5.46195E+08 1.43455E+04
7.10000E-05 5.43125E+08 1.42649E+04
7.11000E-05 5.40076E+08 1.41848E+04
7.12000E-05 5.37048E+08 1.41053E+04
7.13000E-05 5.34041E+08 1.40263E+04
7.14000E-05 5.31056E+08 1.39479E+04
7.15000E-05 5.28091E+08 1.38700E+04
7.16000E-05 5.25147E+08 1.37927E+04
7.17000E-05 5.22223E+08 1.37159E+04
7.18000E-05 5.19320E+08 1.36397E+04
7.19000E-05 5.16437E+08 1.35639E+04
7.20000E-05 5.13574E+08 1.34887E+04
7.21000E-05 5.10731E+08 1.34141E+04
7.22000E-05 5.07907E+08 1.33399E+04
7.23000E-05 5.05103E+08 1.32662E+04
7.24000E-05 5.02318E+08 1.31931E+04
7.25000E-05 4.99552E+08 1.31205E+04
7.26000E-05 4.96806E+08 1.30483E+04
7.27000E-05 4.94078E+08 1.29767E+04
7.28000E-05 4.91369E+08 1.29055E+04
7.29000E-05 4.88678E+08 1.28349E+04
7.30000E-05 4.86006E+08 1.27647E+04
7.31000E-05 4.83352E+08 1.26950E+04
7.32000E-05 4.80716E+08 1.26257E+04
7.33000E-05 4.78098E+08 1.25570E+04
7.34000E-05 4.75498E+08 1.24887E+04
7.35000E-05 4.72916E+08 1.24209E+04
7.36000E-05 4.70351E+08 1.23535E+04
7.37000E-05 4.67803E+08 1.22866E+04
7.38000E-05 4.65273E+08 1.22201E+04
7.39000E-05 4.62759E+08 1.21541E+04
7.40000E-05 4.60263E+08 1.20885E+04
7.41000E-05 4.57783E+08 1.20234E+04
7.42000E-05 4.55321E+08 1.19587E+04
7.43000E-05 4.52874E+08 1.18945E+04
7.44000E-05 4.50444E+08 1.18307E+04
7.45000E-05 4.48031E+08 1.17673E+04
7.46000E-05 4.45633E+08 1.17043E+04
7.47000E-05 4.43252E+08 1.16418E+04
7.48000E-05 4.40886E+08 1.15796E+04
7.49000E-05 4.38536E+08 1.15179E+04
7.50000E-05 4.36202E+08 1.14566E+04
7.51000E-05 4.33884E+08 1.13957E+04
7.52000E-05 4.31580E+08 1.13352E+04
7.53000E-05 4.29292E+08 1.12751E+04
7.54000E-05 4.27019E+08 1.12154E+04
7.55000E-05 4.24761E+08 1.11561E+04
7.56000E-05 4.22519E+08 1.10972E+04
7.57000E-05 4.20290E+08 1.10387E+04
7.58000E-05 4.18077E+08 1.09806E+04
7.59000E-05 4.15878E+08 1.09228E+04
7.60000E-05 4.13693E+08 1.08654E+04
7.61000E-05 4.11523E+08 1.08084E+04
7.62000E-05 4.09367E+08 1.07518E+04
7.63000E-05 4.07225E+08 1.06955E+04
7.64000E-05 4.05097E+08 1.06397E+04
7.65000E-05 4.02983E+08 1.05841E+04
7.66000E-05 4.00883E+08 1.05290E+04
7.67000E-05 3.98797E+08 1.04742E+04
7.68000E-05 3.96724E+08 1.04197E+04
7.69000E-05 3.94664E+08 1.03656E+04
7.70000E-05 3.92618E+08 1.03119E+04
7.71000E-05 3.90585E+08 1.02585E+04
7.72000E-05 3.88565E+08 1.02054E+04
7.73000E-05 3.86558E+08 1.01527E+04
7.74000E-05 3.84564E+08 1.01004E+04
7.75000E-05 3.82583E+08 1.00483E+04
7.76000E-05 3.80615E+08 9.99664E+03
7.77000E-05 3.78659E+08 9.94528E+03
7.78000E-05 3.76716E+08 9.89425E+03
7.79000E-05 3.74786E+08 9.84354E+03
7.80000E-05 3.72867E+08 9.79316E+03
7.81000E-05 3.70961E+08 9.74310E+03
7.82000E-05 3.69068E+08 9.69335E+03
7.83000E-05 3.67186E+08 9.64393E+03
7.84000E-05 3.65316E+08 9.59482E+03
7.85000E-05 3.63458E+08 9.54602E+03
7.86000E-05 3.61612E+08 9.49753E+03
7.87000E-05 3.59777E+08 9.44935E+03
7.88000E-05 3.57955E+08 9.40148E+03
7.89000E-05 3.56143E+08 9.35391E+03
7.90000E-05 3.54344E+08 9.30664E+03
7.91000E-05 3.52555E+08 9.25966E+03
7.92000E-05 3.50778E+08 9.21298E+03
7.93000E-05 3.49012E+08 9.16660E+03
7.94000E-05 3.47257E+08 9.12051E+03
7.95000E-05 3.45513E+08 9.07471E+03
7.96000E-05 3.43780E+08 9.02919E+03
7.97000E-05 3.42058E+08 8.98396E+03
7.98000E-05 3.40347E+08 8.93901E+03
7.99000E-05 3.38646E+08 8.89434E+03
8.00000E-05 3.36956E+08 8.84996E+03
8.01000E-05 3.35276E+08 8.80584E+03
8.02000E-05 3.33607E+08 8.76201E+03
8.03000E-05 3.31949E+08 8.71844E+03
8.04000E-05 3.30300E+08 8.67515E+03
8.05000E-05 3.28662E+08 8.63212E+03
8.06000E-05 3.27034E+08 8.58936E+03
8.07000E-05 3.25416E+08 8.54687E+03
8.08000E-05 3.23808E+08 8.50463E+03
8.09000E-05 3.22210E+08 8.46266E+03
8.10000E-05 3.20622E+08 8.42095E+03
8.11000E-05 3.19043E+08 8.37949E+03
8.12000E-05 3.17474E+08 8.33829E+03
8.13000E-05 3.15915E+08 8.29734E+03
8.14000E-05 3.14366E+08 8.25664E+03
8.15000E-05 3.12826E+08 8.21619E+03
8.16000E-05 3.11295E+08 8.17599E+03
8.17000E-05 3.09774E+08 8.13604E+03
8.18000E-05 3.08262E+08 8.09632E+03
8.19000E-05 3.06759E+08 8.05685E+03
8.20000E-05 3.05265E+08 8.01762E+03
8.21000E-05 3.03781E+08 7.97863E+03
8.22000E-05 3.02305E+08 7.93988E+03
8.23000E-05 3.00839E+08 7.90136E+03
8.24000E-05 2.99381E+08 7.86307E+03
8.25000E-05 2.97932E+08 7.82502E+03
8.26000E-05 2.96492E+08 7.78719E+03
8.27000E-05 2.95060E+08 7.74960E+03
8.28000E-05 2.93638E+08 7.71223E+03
8.29000E-05 2.92223E+08 7.67508E+03
8.30000E-05 2.90818E+08 7.63816E+03
8.31000E-05 2.89420E+08 7.60146E+03
8.32000E-05 2.88031E+08 7.56498E+03
8.33000E-05 2.86651E+08 7.52872E+03
8.34000E-05 2.85278E+08 7.49267E+03
8.35000E-05 2.83914E+08 7.45685E+03
8.36000E-05 2.82558E+08 7.42123E+03
8.37000E-05 2.81210E+08 7.38583E+03
8.38000E-05 2.79870E+08 7.35064E+03
8.39000E-05 2.78538E+08 7.31566E+03
8.40000E-05 2.77214E+08 7.28088E+03
8.41000E-05 2.75898E+08 7.24631E+03
8.42000E-05 2.74590E+08 7.21195E+03
8.43000E-05 2.73289E+08 7.17779E+03
8.44000E-05 2.71996E+08 7.14383E+03
8.45000E-05 2.70711E+08 7.11008E+03
8.46000E-05 2.69433E+08 7.07652E+03
8.47000E-05 2.68163E+08 7.04316E+03
8.48000E-05 2.66901E+08 7.00999E+03
8.49000E-05 2.65645E+08 6.97703E+03
8.50000E-05 2.64397E+08 6.94425E+03
8.51000E-05 2.63157E+08 6.91167E+03
8.52000E-05 2.61924E+08 6.87928E+03
8.53000E-05 2.60697E+08 6.84707E+03
8.54000E-05 2.59479E+08 6.81506E+03
8.55000E-05 2.58267E+08 6.78323E+03
8.56000E-05 2.57062E+08 6.75159E+03
8.57000E-05 2.55864E+08 6.72013E+03
8.58000E-05 2.54674E+08 6.68886E+03
8.59000E-05 2.53490E+08 6.65776E+03
8.60000E-05 2.52313E+08 6.62685E+03
8.61000E-05 2.51143E+08 6.59612E+03
8.62000E-05 2.49979E+08 6.56556E+03
8.63000E-05 2.48823E+08 6.53519E+03
8.64000E-05 2.47673E+08 6.50498E+03
8.65000E-05 2.46529E+08 6.47495E+03
8.66000E-05 2.45393E+08 6.44510E+03
8.67000E-05 2.44262E+08 6.41541E+03
8.68000E-05 2.43139E+08 6.38590E+03
8.69000E-05 2.42021E+08 6.35656E+03
8.70000E-05 2.40911E+08 6.32738E+03
8.71000E-05 2.39806E+08 6.29837E+03
8.72000E-05 2.38708E+08 6.26953E+03
8.73000E-05 2.37616E+08 6.24086E+03
8.74000E-05 2.36531E+08 6.21234E+03
8.75000E-05 2.35451E+08 6.18399E+03
8.76000E-05 2.34378E+08 6.15580E+03
8.77000E-05 2.33311E+08 6.12777E+03
8.78000E-05 2.32250E+08 6.09990E+03
8.79000E-05 2.31194E+08 6.07219E+03
8.80000E-05 2.30145E+08 6.04464E+03
8.81000E-05 2.29102E+08 6.01724E+03
8.82000E-05 2.28065E+08 5.99000E+03
8.83000E-05 2.27034E+08 5.96291E+03
8.84000E-05 2.26008E+08 5.93597E+03
8.85000E-05 2.24988E+08 5.90919E+03
8.86000E-05 2.23974E+08 5.88256E+03
8.87000E-05 2.22966E+08 5.85607E+03
8.88000E-05 2.21963E+08 5.82974E+03
8.89000E-05 2.20966E+08 5.80355E+03
8.90000E-05 2.19975E+08 5.77751E+03
8.91000E-05 2.18989E+08 5.75162E+03
8.92000E-05 2.18009E+08 5.72587E+03
8.93000E-05 2.17034E+08 5.70027E+03
8.94000E-05 2.16064E+08 5.67481E+03
8.95000E-05 2.15100E+08 5.64949E+03
8.96000E-05 2.14142E+08 5.62431E+03
8.97000E-05 2.13188E+08 5.59927E+03
8.98000E-05 2.12240E+08 5.57437E+03
8.99000E-05 2.11297E+08 5.54961E+03
9.00000E-05 2.10360E+08 5.52498E+03
9.01000E-05 2.09428E+08 5.50050E+03
9.02000E-05 2.08500E+08 5.47614E+03
9.03000E-05 2.07578E+08 5.45193E+03
9.04000E-05 2.06661E+08 5.42784E+03
9.05000E-05 2.05749E+08 5.40389E+03
9.06000E-05 2.04843E+08 5.38007E+03
9.07000E-05 2.03941E+08 5.35639E+03
9.08000E-05 2.03044E+08 5.33283E+03
9.09000E-05 2.02152E+08 5.30940E+03
9.10000E-05 2.01265E+08 5.28610E+03
9.11000E-05 2.00382E+08 5.26293E+03
9.12000E-05 1.99505E+08 5.23988E+03
9.13000E-05 1.98632E+08 5.21697E+03
9.14000E-05 1.97764E+08 5.19417E+03
9.15000E-05 1.96901E+08 5.17150E+03
9.16000E-05 1.96043E+08 5.14896E+03
9.17000E-05 1.95189E+08 5.12653E+03
9.18000E-05 1.94340E+08 5.10423E+03
9.19000E-05 1.93496E+08 5.08205E+03
9.20000E-05 1.92656E+08 5.05999E+03
9.21000E-05 1.91820E+08 5.03805E+03
9.22000E-05 1.90989E+08 5.01623E+03
9.23000E-05 1.90163E+08 4.99453E+03
9.24000E-05 1.89341E+08 4.97294E+03
9.25000E-05 1.88524E+08 4.95147E+03
9.26000E-05 1.87711E+08 4.93012E+03
9.27000E-05 1.86902E+08 4.90888E+03
9.28000E-05 1.86098E+08 4.88775E+03
9.29000E-05 1.85298E+08 4.86674E+03
9.30000E-05 1.84502E+08 4.84584E+03
9.31000E-05 1.83711E+08 4.82506E+03
9.32000E-05 1.82923E+08 4.80438E+03
9.33000E-05 1.82140E+08 4.78382E+03
9.34000E-05 1.81362E+08 4.76336E+03
9.35000E-05 1.80587E+08 4.74302E+03
9.36000E-05 1.79816E+08 4.72278E+03
9.37000E-05 1.79050E+08 4.70265E+03
9.38000E-05 1.78288E+08 4.68263E+03
9.39000E-05 1.77530E+08 4.66271E+03
9.40000E-05 1.76775E+08 4.64290E+03
9.41000E-05 1.76025E+08 4.62320E+03
9.42000E-05 1.75279E+08 4.60360E+03
9.43000E-05 1.74536E+08 4.58410E+03
9.44000E-05 1.73798E+08 4.56471E+03
9.45000E-05 1.73064E+08 4.54542E+03
9.46000E-05 1.72333E+08 4.52623E+03
9.47000E-05 1.71606E+08 4.50714E+03
9.48000E-05 1.70883E+08 4.48815E+03
9.49000E-05 1.70164E+08 4.46927E+03
9.50000E-05 1.69449E+08 4.45048E+03
9.51000E-05 1.68737E+08 4.43179E+03
9.52000E-05 1.68029E+08 4.41320E+03
9.53000E-05 1.67325E+08 4.39470E+03
9.54000E-05 1.66625E+08 4.37630E+03
9.55000E-05 1.65928E+08 4.35800E+03
9.56000E-05 1.65235E+08 4.33980E+03
9.57000E-05 1.64545E+08 4.32169E+03
9.58000E-05 1.63859E+08 4.30367E+03
9.59000E-05 1.63177E+08 4.28575E+03
9.60000E-05 1.62498E+08 4.26792E+03
9.61000E-05 1.61823E+08 4.25018E+03
9.62000E-05 1.61151E+08 4.23254E+03
9.63000E-05 1.60483E+08 4.21498E+03
9.64000E-05 1.59818E+08 4.19752E+03
9.65000E-05 1.59156E+08 4.18015E+03
9.66000E-05 1.58498E+08 4.16287E+03
9.67000E-05 1.57844E+08 4.14567E+03
9.68000E-05 1.57192E+08 4.12857E+03
9.69000E-05 1.56545E+08 4.11155E+03
9.70000E-05 1.55900E+08 4.09463E+03
9.71000E-05 1.55259E+08 4.07778E+03
9.72000E-05 1.54621E+08 4.06103E+03
9.73000E-05 1.53986E+08 4.04436E+03
9.74000E-05 1.53355E+08 4.02778E+03
9.75000E-05 1.52727E+08 4.01128E+03
9.76000E-05 1.52102E+08 3.99486E+03
9.77000E-05 1.51480E+08 3.97853E+03
9.78000E-05 1.50861E+08 3.96228E+03
9.79000E-05 1.50246E+08 3.94612E+03
9.80000E-05 1.49633E+08 3.93004E+03
9.81000E-05 1.49024E+08 3.91404E+03
9.82000E-05 1.48418E+08 3.89812E+03
9.83000E-05 1.47815E+08 3.88228E+03
9.84000E-05 1.47215E+08 3.86652E+03
9.85000E-05 1.46618E+08 3.85085E+03
9.86000E-05 1.46024E+08 3.83525E+03
9.87000E-05 1.45433E+08 3.81973E+03
9.88000E-05 1.44846E+08 3.80429E+03
9.89000E-05 1.44261E+08 3.78892E+03
9.90000E-05 1.43679E+08 3.77364E+03
9.91000E-05 1.43100E+08 3.75843E+03
9.92000E-05 1.42523E+08 3.74330E+03
9.93000E-05 1.41950E+08 3.72824E+03
9.94000E-05 1.41380E+08 3.71326E+03
9.95000E-05 1.40812E+08 3.69836E+03
9.96000E-05 1.40248E+08 3.68353E+03
9.97000E-05 1.39686E+08 3.66877E+03
9.98000E-05 1.39127E+08 3.65409E+03
9.99000E-05 1.38571E+08 3.63948E+03
1.00000E-04 1.38017E+08 3.62494E+03
