#  FeatureSize(cm)    Fluence(mum2)   Dose(Gy)
1.00000E-07 4.28166E+19 1.12456E+15
2.00000E-07 2.67593E+18 7.02819E+13
3.00000E-07 5.28558E+17 1.38823E+13
4.00000E-07 1.67232E+17 4.39227E+12
5.00000E-07 6.84957E+16 1.79900E+12
6.00000E-07 3.30309E+16 8.67539E+11
7.00000E-07 1.78286E+16 4.68257E+11
8.00000E-07 1.04504E+16 2.74473E+11
9.00000E-07 6.52384E+15 1.71345E+11
1.00000E-06 4.28012E+15 1.12415E+11
1.10000E-06 2.92327E+15 7.67779E+10
1.20000E-06 2.06394E+15 5.42082E+10
1.30000E-06 1.49841E+15 3.93549E+10
1.40000E-06 1.11397E+15 2.92579E+10
1.50000E-06 8.45287E+14 2.22010E+10
1.60000E-06 6.52938E+14 1.71491E+10
1.70000E-06 5.12317E+14 1.34557E+10
1.80000E-06 4.07594E+14 1.07052E+10
1.90000E-06 3.28311E+14 8.62291E+09
2.00000E-06 2.67401E+14 7.02313E+09
2.10000E-06 2.19982E+14 5.77772E+09
2.20000E-06 1.82624E+14 4.79651E+09
2.30000E-06 1.52869E+14 4.01502E+09
2.40000E-06 1.28934E+14 3.38638E+09
2.50000E-06 1.09505E+14 2.87610E+09
2.60000E-06 9.36020E+13 2.45840E+09
2.70000E-06 8.04833E+13 2.11385E+09
2.80000E-06 6.95843E+13 1.82759E+09
2.90000E-06 6.04692E+13 1.58819E+09
3.00000E-06 5.27988E+13 1.38673E+09
3.10000E-06 4.63068E+13 1.21622E+09
3.20000E-06 4.07825E+13 1.07113E+09
3.30000E-06 3.60579E+13 9.47042E+08
3.40000E-06 3.19981E+13 8.40411E+08
3.50000E-06 2.84938E+13 7.48373E+08
3.60000E-06 2.54563E+13 6.68594E+08
3.70000E-06 2.28129E+13 5.99168E+08
3.80000E-06 2.05039E+13 5.38522E+08
3.90000E-06 1.84797E+13 4.85358E+08
4.00000E-06 1.66992E+13 4.38595E+08
4.10000E-06 1.51280E+13 3.97329E+08
4.20000E-06 1.37374E+13 3.60804E+08
4.30000E-06 1.25029E+13 3.28380E+08
4.40000E-06 1.14039E+13 2.99518E+08
4.50000E-06 1.04231E+13 2.73758E+08
4.60000E-06 9.54552E+12 2.50708E+08
4.70000E-06 8.75834E+12 2.30033E+08
4.80000E-06 8.05065E+12 2.11446E+08
4.90000E-06 7.41300E+12 1.94698E+08
5.00000E-06 6.83725E+12 1.79576E+08
5.10000E-06 6.31631E+12 1.65894E+08
5.20000E-06 5.84404E+12 1.53490E+08
5.30000E-06 5.41509E+12 1.42224E+08
5.40000E-06 5.02477E+12 1.31973E+08
5.50000E-06 4.66900E+12 1.22629E+08
5.60000E-06 4.34415E+12 1.14097E+08
5.70000E-06 4.04706E+12 1.06294E+08
5.80000E-06 3.77494E+12 9.91467E+07
5.90000E-06 3.52530E+12 9.25901E+07
6.00000E-06 3.29596E+12 8.65666E+07
6.10000E-06 3.08497E+12 8.10249E+07
6.20000E-06 2.89058E+12 7.59196E+07
6.30000E-06 2.71127E+12 7.12100E+07
6.40000E-06 2.54564E+12 6.68599E+07
6.50000E-06 2.39247E+12 6.28369E+07
6.60000E-06 2.25065E+12 5.91119E+07
6.70000E-06 2.11917E+12 5.56589E+07
6.80000E-06 1.99716E+12 5.24542E+07
6.90000E-06 1.88380E+12 4.94769E+07
7.00000E-06 1.77837E+12 4.67078E+07
7.10000E-06 1.68021E+12 4.41297E+07
7.20000E-06 1.58872E+12 4.17269E+07
7.30000E-06 1.50338E+12 3.94855E+07
7.40000E-06 1.42369E+12 3.73925E+07
7.50000E-06 1.34921E+12 3.54364E+07
7.60000E-06 1.27954E+12 3.36064E+07
7.70000E-06 1.21431E+12 3.18931E+07
7.80000E-06 1.15318E+12 3.02875E+07
7.90000E-06 1.09584E+12 2.87817E+07
8.00000E-06 1.04203E+12 2.73683E+07
8.10000E-06 9.91475E+11 2.60405E+07
8.20000E-06 9.43950E+11 2.47923E+07
8.30000E-06 8.99238E+11 2.36180E+07
8.40000E-06 8.57141E+11 2.25123E+07
8.50000E-06 8.17479E+11 2.14706E+07
8.60000E-06 7.80083E+11 2.04884E+07
8.70000E-06 7.44801E+11 1.95618E+07
8.80000E-06 7.11491E+11 1.86869E+07
8.90000E-06 6.80021E+11 1.78604E+07
9.00000E-06 6.50272E+11 1.70790E+07
9.10000E-06 6.22131E+11 1.63399E+07
9.20000E-06 5.95496E+11 1.56404E+07
9.30000E-06 5.70271E+11 1.49778E+07
9.40000E-06 5.46366E+11 1.43500E+07
9.50000E-06 5.23701E+11 1.37547E+07
9.60000E-06 5.02199E+11 1.31900E+07
9.70000E-06 4.81788E+11 1.26539E+07
9.80000E-06 4.62404E+11 1.21448E+07
9.90000E-06 4.43984E+11 1.16610E+07
1.00000E-05 4.26472E+11 1.12011E+07
1.01000E-05 4.09815E+11 1.07636E+07
1.02000E-05 3.93963E+11 1.03472E+07
1.03000E-05 3.78869E+11 9.95079E+06
1.04000E-05 3.64492E+11 9.57317E+06
1.05000E-05 3.50789E+11 9.21329E+06
1.06000E-05 3.37725E+11 8.87015E+06
1.07000E-05 3.25262E+11 8.54283E+06
1.08000E-05 3.13369E+11 8.23047E+06
1.09000E-05 3.02015E+11 7.93224E+06
1.10000E-05 2.91169E+11 7.64740E+06
1.11000E-05 2.80806E+11 7.37522E+06
1.12000E-05 2.70900E+11 7.11504E+06
1.13000E-05 2.61427E+11 6.86623E+06
1.14000E-05 2.52364E+11 6.62820E+06
1.15000E-05 2.43690E+11 6.40038E+06
1.16000E-05 2.35386E+11 6.18227E+06
1.17000E-05 2.27432E+11 5.97337E+06
1.18000E-05 2.19811E+11 5.77321E+06
1.19000E-05 2.12506E+11 5.58136E+06
1.20000E-05 2.05502E+11 5.39741E+06
1.21000E-05 1.98785E+11 5.22097E+06
1.22000E-05 1.92339E+11 5.05168E+06
1.23000E-05 1.86153E+11 4.88920E+06
1.24000E-05 1.80213E+11 4.73319E+06
1.25000E-05 1.74508E+11 4.58335E+06
1.26000E-05 1.69027E+11 4.43939E+06
1.27000E-05 1.63759E+11 4.30104E+06
1.28000E-05 1.58695E+11 4.16803E+06
1.29000E-05 1.53825E+11 4.04012E+06
1.30000E-05 1.49140E+11 3.91708E+06
1.31000E-05 1.44632E+11 3.79868E+06
1.32000E-05 1.40293E+11 3.68473E+06
1.33000E-05 1.36116E+11 3.57501E+06
1.34000E-05 1.32093E+11 3.46934E+06
1.35000E-05 1.28217E+11 3.36755E+06
1.36000E-05 1.24482E+11 3.26946E+06
1.37000E-05 1.20882E+11 3.17491E+06
1.38000E-05 1.17412E+11 3.08375E+06
1.39000E-05 1.14065E+11 2.99585E+06
1.40000E-05 1.10836E+11 2.91105E+06
1.41000E-05 1.07721E+11 2.82922E+06
1.42000E-05 1.04714E+11 2.75026E+06
1.43000E-05 1.01811E+11 2.67402E+06
1.44000E-05 9.90087E+10 2.60041E+06
1.45000E-05 9.63017E+10 2.52931E+06
1.46000E-05 9.36865E+10 2.46062E+06
1.47000E-05 9.11594E+10 2.39425E+06
1.48000E-05 8.87169E+10 2.33010E+06
1.49000E-05 8.63557E+10 2.26808E+06
1.50000E-05 8.40724E+10 2.20811E+06
1.51000E-05 8.18641E+10 2.15011E+06
1.52000E-05 7.97277E+10 2.09400E+06
1.53000E-05 7.76605E+10 2.03971E+06
1.54000E-05 7.56599E+10 1.98717E+06
1.55000E-05 7.37232E+10 1.93630E+06
1.56000E-05 7.18481E+10 1.88705E+06
1.57000E-05 7.00322E+10 1.83936E+06
1.58000E-05 6.82732E+10 1.79316E+06
1.59000E-05 6.65691E+10 1.74840E+06
1.60000E-05 6.49178E+10 1.70503E+06
1.61000E-05 6.33174E+10 1.66300E+06
1.62000E-05 6.17659E+10 1.62225E+06
1.63000E-05 6.02617E+10 1.58274E+06
1.64000E-05 5.88029E+10 1.54442E+06
1.65000E-05 5.73880E+10 1.50726E+06
1.66000E-05 5.60153E+10 1.47121E+06
1.67000E-05 5.46834E+10 1.43623E+06
1.68000E-05 5.33909E+10 1.40228E+06
1.69000E-05 5.21363E+10 1.36933E+06
1.70000E-05 5.09183E+10 1.33734E+06
1.71000E-05 4.97356E+10 1.30628E+06
1.72000E-05 4.85870E+10 1.27611E+06
1.73000E-05 4.74714E+10 1.24681E+06
1.74000E-05 4.63876E+10 1.21835E+06
1.75000E-05 4.53346E+10 1.19069E+06
1.76000E-05 4.43112E+10 1.16381E+06
1.77000E-05 4.33165E+10 1.13768E+06
1.78000E-05 4.23496E+10 1.11229E+06
1.79000E-05 4.14095E+10 1.08760E+06
1.80000E-05 4.04953E+10 1.06359E+06
1.81000E-05 3.96061E+10 1.04023E+06
1.82000E-05 3.87413E+10 1.01752E+06
1.83000E-05 3.78999E+10 9.95419E+05
1.84000E-05 3.70811E+10 9.73916E+05
1.85000E-05 3.62844E+10 9.52990E+05
1.86000E-05 3.55089E+10 9.32622E+05
1.87000E-05 3.47541E+10 9.12796E+05
1.88000E-05 3.40191E+10 8.93493E+05
1.89000E-05 3.33035E+10 8.74698E+05
1.90000E-05 3.26066E+10 8.56393E+05
1.91000E-05 3.19278E+10 8.38565E+05
1.92000E-05 3.12665E+10 8.21198E+05
1.93000E-05 3.06223E+10 8.04278E+05
1.94000E-05 2.99946E+10 7.87791E+05
1.95000E-05 2.93828E+10 7.71724E+05
1.96000E-05 2.87866E+10 7.56064E+05
1.97000E-05 2.82054E+10 7.40799E+05
1.98000E-05 2.76388E+10 7.25917E+05
1.99000E-05 2.70863E+10 7.11407E+05
2.00000E-05 2.65476E+10 6.97257E+05
2.01000E-05 2.60221E+10 6.83457E+05
2.02000E-05 2.55096E+10 6.69996E+05
2.03000E-05 2.50097E+10 6.56865E+05
2.04000E-05 2.45219E+10 6.44054E+05
2.05000E-05 2.40459E+10 6.31553E+05
2.06000E-05 2.35815E+10 6.19354E+05
2.07000E-05 2.31281E+10 6.07448E+05
2.08000E-05 2.26857E+10 5.95826E+05
2.09000E-05 2.22537E+10 5.84481E+05
2.10000E-05 2.18319E+10 5.73404E+05
2.11000E-05 2.14201E+10 5.62588E+05
2.12000E-05 2.10180E+10 5.52026E+05
2.13000E-05 2.06252E+10 5.41710E+05
2.14000E-05 2.02416E+10 5.31634E+05
2.15000E-05 1.98668E+10 5.21791E+05
2.16000E-05 1.95007E+10 5.12174E+05
2.17000E-05 1.91429E+10 5.02778E+05
2.18000E-05 1.87933E+10 4.93596E+05
2.19000E-05 1.84517E+10 4.84623E+05
2.20000E-05 1.81177E+10 4.75852E+05
2.21000E-05 1.77913E+10 4.67279E+05
2.22000E-05 1.74722E+10 4.58898E+05
2.23000E-05 1.71602E+10 4.50703E+05
2.24000E-05 1.68551E+10 4.42691E+05
2.25000E-05 1.65568E+10 4.34856E+05
2.26000E-05 1.62651E+10 4.27193E+05
2.27000E-05 1.59797E+10 4.19698E+05
2.28000E-05 1.57006E+10 4.12366E+05
2.29000E-05 1.54275E+10 4.05194E+05
2.30000E-05 1.51603E+10 3.98177E+05
2.31000E-05 1.48989E+10 3.91311E+05
2.32000E-05 1.46431E+10 3.84592E+05
2.33000E-05 1.43927E+10 3.78017E+05
2.34000E-05 1.41477E+10 3.71581E+05
2.35000E-05 1.39079E+10 3.65282E+05
2.36000E-05 1.36731E+10 3.59116E+05
2.37000E-05 1.34432E+10 3.53079E+05
2.38000E-05 1.32182E+10 3.47168E+05
2.39000E-05 1.29978E+10 3.41380E+05
2.40000E-05 1.27820E+10 3.35712E+05
2.41000E-05 1.25707E+10 3.30162E+05
2.42000E-05 1.23637E+10 3.24725E+05
2.43000E-05 1.21609E+10 3.19400E+05
2.44000E-05 1.19623E+10 3.14183E+05
2.45000E-05 1.17677E+10 3.09072E+05
2.46000E-05 1.15771E+10 3.04065E+05
2.47000E-05 1.13903E+10 2.99159E+05
2.48000E-05 1.12072E+10 2.94351E+05
2.49000E-05 1.10278E+10 2.89639E+05
2.50000E-05 1.08520E+10 2.85021E+05
2.51000E-05 1.06796E+10 2.80495E+05
2.52000E-05 1.05107E+10 2.76058E+05
2.53000E-05 1.03451E+10 2.71708E+05
2.54000E-05 1.01827E+10 2.67443E+05
2.55000E-05 1.00235E+10 2.63262E+05
2.56000E-05 9.86742E+09 2.59162E+05
2.57000E-05 9.71435E+09 2.55142E+05
2.58000E-05 9.56422E+09 2.51199E+05
2.59000E-05 9.41699E+09 2.47332E+05
2.60000E-05 9.27257E+09 2.43539E+05
2.61000E-05 9.13091E+09 2.39818E+05
2.62000E-05 8.99194E+09 2.36168E+05
2.63000E-05 8.85560E+09 2.32587E+05
2.64000E-05 8.72183E+09 2.29074E+05
2.65000E-05 8.59058E+09 2.25627E+05
2.66000E-05 8.46178E+09 2.22244E+05
2.67000E-05 8.33538E+09 2.18924E+05
2.68000E-05 8.21134E+09 2.15666E+05
2.69000E-05 8.08959E+09 2.12469E+05
2.70000E-05 7.97009E+09 2.09330E+05
2.71000E-05 7.85278E+09 2.06249E+05
2.72000E-05 7.73762E+09 2.03224E+05
2.73000E-05 7.62456E+09 2.00255E+05
2.74000E-05 7.51356E+09 1.97339E+05
2.75000E-05 7.40457E+09 1.94477E+05
2.76000E-05 7.29754E+09 1.91666E+05
2.77000E-05 7.19244E+09 1.88905E+05
2.78000E-05 7.08922E+09 1.86194E+05
2.79000E-05 6.98785E+09 1.83532E+05
2.80000E-05 6.88827E+09 1.80917E+05
2.81000E-05 6.79047E+09 1.78348E+05
2.82000E-05 6.69439E+09 1.75824E+05
2.83000E-05 6.60000E+09 1.73345E+05
2.84000E-05 6.50727E+09 1.70910E+05
2.85000E-05 6.41616E+09 1.68517E+05
2.86000E-05 6.32664E+09 1.66166E+05
2.87000E-05 6.23867E+09 1.63855E+05
2.88000E-05 6.15222E+09 1.61585E+05
2.89000E-05 6.06727E+09 1.59353E+05
2.90000E-05 5.98377E+09 1.57160E+05
2.91000E-05 5.90170E+09 1.55005E+05
2.92000E-05 5.82104E+09 1.52886E+05
2.93000E-05 5.74174E+09 1.50804E+05
2.94000E-05 5.66379E+09 1.48756E+05
2.95000E-05 5.58716E+09 1.46744E+05
2.96000E-05 5.51182E+09 1.44765E+05
2.97000E-05 5.43774E+09 1.42819E+05
2.98000E-05 5.36490E+09 1.40906E+05
2.99000E-05 5.29327E+09 1.39025E+05
3.00000E-05 5.22284E+09 1.37175E+05
3.01000E-05 5.15357E+09 1.35356E+05
3.02000E-05 5.08544E+09 1.33566E+05
3.03000E-05 5.01843E+09 1.31806E+05
3.04000E-05 4.95253E+09 1.30075E+05
3.05000E-05 4.88770E+09 1.28373E+05
3.06000E-05 4.82392E+09 1.26698E+05
3.07000E-05 4.76118E+09 1.25050E+05
3.08000E-05 4.69946E+09 1.23429E+05
3.09000E-05 4.63873E+09 1.21834E+05
3.10000E-05 4.57898E+09 1.20264E+05
3.11000E-05 4.52019E+09 1.18720E+05
3.12000E-05 4.46233E+09 1.17201E+05
3.13000E-05 4.40540E+09 1.15705E+05
3.14000E-05 4.34937E+09 1.14234E+05
3.15000E-05 4.29423E+09 1.12786E+05
3.16000E-05 4.23996E+09 1.11360E+05
3.17000E-05 4.18654E+09 1.09957E+05
3.18000E-05 4.13396E+09 1.08576E+05
3.19000E-05 4.08220E+09 1.07217E+05
3.20000E-05 4.03125E+09 1.05879E+05
3.21000E-05 3.98109E+09 1.04561E+05
3.22000E-05 3.93171E+09 1.03264E+05
3.23000E-05 3.88309E+09 1.01987E+05
3.24000E-05 3.83521E+09 1.00730E+05
3.25000E-05 3.78807E+09 9.94917E+04
3.26000E-05 3.74166E+09 9.82725E+04
3.27000E-05 3.69595E+09 9.70720E+04
3.28000E-05 3.65093E+09 9.58897E+04
3.29000E-05 3.60660E+09 9.47253E+04
3.30000E-05 3.56294E+09 9.35786E+04
3.31000E-05 3.51993E+09 9.24491E+04
3.32000E-05 3.47757E+09 9.13366E+04
3.33000E-05 3.43585E+09 9.02407E+04
3.34000E-05 3.39475E+09 8.91612E+04
3.35000E-05 3.35426E+09 8.80978E+04
3.36000E-05 3.31437E+09 8.70501E+04
3.37000E-05 3.27508E+09 8.60180E+04
3.38000E-05 3.23636E+09 8.50011E+04
3.39000E-05 3.19821E+09 8.39992E+04
3.40000E-05 3.16062E+09 8.30119E+04
3.41000E-05 3.12358E+09 8.20391E+04
3.42000E-05 3.08708E+09 8.10805E+04
3.43000E-05 3.05112E+09 8.01359E+04
3.44000E-05 3.01567E+09 7.92049E+04
3.45000E-05 2.98074E+09 7.82874E+04
3.46000E-05 2.94631E+09 7.73831E+04
3.47000E-05 2.91237E+09 7.64918E+04
3.48000E-05 2.87892E+09 7.56133E+04
3.49000E-05 2.84595E+09 7.47474E+04
3.50000E-05 2.81345E+09 7.38938E+04
3.51000E-05 2.78142E+09 7.30523E+04
3.52000E-05 2.74983E+09 7.22228E+04
3.53000E-05 2.71869E+09 7.14050E+04
3.54000E-05 2.68800E+09 7.05987E+04
3.55000E-05 2.65773E+09 6.98038E+04
3.56000E-05 2.62789E+09 6.90199E+04
3.57000E-05 2.59846E+09 6.82471E+04
3.58000E-05 2.56944E+09 6.74850E+04
3.59000E-05 2.54083E+09 6.67335E+04
3.60000E-05 2.51262E+09 6.59924E+04
3.61000E-05 2.48479E+09 6.52616E+04
3.62000E-05 2.45735E+09 6.45408E+04
3.63000E-05 2.43028E+09 6.38300E+04
3.64000E-05 2.40359E+09 6.31289E+04
3.65000E-05 2.37726E+09 6.24374E+04
3.66000E-05 2.35129E+09 6.17553E+04
3.67000E-05 2.32567E+09 6.10825E+04
3.68000E-05 2.30040E+09 6.04188E+04
3.69000E-05 2.27547E+09 5.97641E+04
3.70000E-05 2.25088E+09 5.91182E+04
3.71000E-05 2.22662E+09 5.84810E+04
3.72000E-05 2.20269E+09 5.78524E+04
3.73000E-05 2.17907E+09 5.72321E+04
3.74000E-05 2.15577E+09 5.66202E+04
3.75000E-05 2.13278E+09 5.60164E+04
3.76000E-05 2.11010E+09 5.54206E+04
3.77000E-05 2.08771E+09 5.48327E+04
3.78000E-05 2.06563E+09 5.42525E+04
3.79000E-05 2.04383E+09 5.36800E+04
3.80000E-05 2.02232E+09 5.31150E+04
3.81000E-05 2.00109E+09 5.25575E+04
3.82000E-05 1.98014E+09 5.20072E+04
3.83000E-05 1.95946E+09 5.14640E+04
3.84000E-05 1.93905E+09 5.09280E+04
3.85000E-05 1.91890E+09 5.03989E+04
3.86000E-05 1.89902E+09 4.98766E+04
3.87000E-05 1.87939E+09 4.93611E+04
3.88000E-05 1.86001E+09 4.88522E+04
3.89000E-05 1.84088E+09 4.83498E+04
3.90000E-05 1.82200E+09 4.78539E+04
3.91000E-05 1.80336E+09 4.73643E+04
3.92000E-05 1.78496E+09 4.68809E+04
3.93000E-05 1.76679E+09 4.64037E+04
3.94000E-05 1.74885E+09 4.59325E+04
3.95000E-05 1.73113E+09 4.54673E+04
3.96000E-05 1.71364E+09 4.50079E+04
3.97000E-05 1.69638E+09 4.45543E+04
3.98000E-05 1.67932E+09 4.41065E+04
3.99000E-05 1.66248E+09 4.36642E+04
4.00000E-05 1.64585E+09 4.32274E+04
4.01000E-05 1.62943E+09 4.27961E+04
4.02000E-05 1.61321E+09 4.23701E+04
4.03000E-05 1.59719E+09 4.19494E+04
4.04000E-05 1.58138E+09 4.15339E+04
4.05000E-05 1.56575E+09 4.11236E+04
4.06000E-05 1.55032E+09 4.07183E+04
4.07000E-05 1.53508E+09 4.03179E+04
4.08000E-05 1.52002E+09 3.99225E+04
4.09000E-05 1.50515E+09 3.95319E+04
4.10000E-05 1.49046E+09 3.91460E+04
4.11000E-05 1.47594E+09 3.87648E+04
4.12000E-05 1.46161E+09 3.83883E+04
4.13000E-05 1.44744E+09 3.80163E+04
4.14000E-05 1.43345E+09 3.76488E+04
4.15000E-05 1.41963E+09 3.72857E+04
4.16000E-05 1.40597E+09 3.69270E+04
4.17000E-05 1.39247E+09 3.65725E+04
4.18000E-05 1.37914E+09 3.62223E+04
4.19000E-05 1.36597E+09 3.58763E+04
4.20000E-05 1.35295E+09 3.55344E+04
4.21000E-05 1.34008E+09 3.51966E+04
4.22000E-05 1.32737E+09 3.48627E+04
4.23000E-05 1.31481E+09 3.45328E+04
4.24000E-05 1.30240E+09 3.42068E+04
4.25000E-05 1.29013E+09 3.38846E+04
4.26000E-05 1.27801E+09 3.35662E+04
4.27000E-05 1.26603E+09 3.32515E+04
4.28000E-05 1.25419E+09 3.29405E+04
4.29000E-05 1.24248E+09 3.26331E+04
4.30000E-05 1.23091E+09 3.23293E+04
4.31000E-05 1.21948E+09 3.20290E+04
4.32000E-05 1.20818E+09 3.17321E+04
4.33000E-05 1.19701E+09 3.14387E+04
4.34000E-05 1.18597E+09 3.11487E+04
4.35000E-05 1.17505E+09 3.08620E+04
4.36000E-05 1.16426E+09 3.05786E+04
4.37000E-05 1.15359E+09 3.02984E+04
4.38000E-05 1.14305E+09 3.00215E+04
4.39000E-05 1.13262E+09 2.97476E+04
4.40000E-05 1.12231E+09 2.94769E+04
4.41000E-05 1.11212E+09 2.92093E+04
4.42000E-05 1.10205E+09 2.89447E+04
4.43000E-05 1.09209E+09 2.86830E+04
4.44000E-05 1.08224E+09 2.84243E+04
4.45000E-05 1.07250E+09 2.81686E+04
4.46000E-05 1.06287E+09 2.79156E+04
4.47000E-05 1.05335E+09 2.76655E+04
4.48000E-05 1.04393E+09 2.74182E+04
4.49000E-05 1.03462E+09 2.71737E+04
4.50000E-05 1.02541E+09 2.69319E+04
4.51000E-05 1.01631E+09 2.66927E+04
4.52000E-05 1.00730E+09 2.64562E+04
4.53000E-05 9.98395E+08 2.62223E+04
4.54000E-05 9.89587E+08 2.59910E+04
4.55000E-05 9.80876E+08 2.57622E+04
4.56000E-05 9.72261E+08 2.55359E+04
4.57000E-05 9.63739E+08 2.53121E+04
4.58000E-05 9.55311E+08 2.50907E+04
4.59000E-05 9.46975E+08 2.48718E+04
4.60000E-05 9.38729E+08 2.46552E+04
4.61000E-05 9.30572E+08 2.44410E+04
4.62000E-05 9.22504E+08 2.42290E+04
4.63000E-05 9.14523E+08 2.40194E+04
4.64000E-05 9.06627E+08 2.38121E+04
4.65000E-05 8.98817E+08 2.36069E+04
4.66000E-05 8.91090E+08 2.34040E+04
4.67000E-05 8.83446E+08 2.32032E+04
4.68000E-05 8.75884E+08 2.30046E+04
4.69000E-05 8.68402E+08 2.28081E+04
4.70000E-05 8.61000E+08 2.26137E+04
4.71000E-05 8.53676E+08 2.24213E+04
4.72000E-05 8.46430E+08 2.22310E+04
4.73000E-05 8.39261E+08 2.20427E+04
4.74000E-05 8.32167E+08 2.18564E+04
4.75000E-05 8.25148E+08 2.16720E+04
4.76000E-05 8.18202E+08 2.14896E+04
4.77000E-05 8.11329E+08 2.13091E+04
4.78000E-05 8.04529E+08 2.11305E+04
4.79000E-05 7.97799E+08 2.09537E+04
4.80000E-05 7.91139E+08 2.07788E+04
4.81000E-05 7.84548E+08 2.06057E+04
4.82000E-05 7.78026E+08 2.04344E+04
4.83000E-05 7.71571E+08 2.02649E+04
4.84000E-05 7.65183E+08 2.00971E+04
4.85000E-05 7.58861E+08 1.99311E+04
4.86000E-05 7.52604E+08 1.97667E+04
4.87000E-05 7.46411E+08 1.96041E+04
4.88000E-05 7.40281E+08 1.94431E+04
4.89000E-05 7.34214E+08 1.92837E+04
4.90000E-05 7.28209E+08 1.91260E+04
4.91000E-05 7.22266E+08 1.89699E+04
4.92000E-05 7.16382E+08 1.88154E+04
4.93000E-05 7.10559E+08 1.86624E+04
4.94000E-05 7.04794E+08 1.85110E+04
4.95000E-05 6.99087E+08 1.83611E+04
4.96000E-05 6.93438E+08 1.82128E+04
4.97000E-05 6.87846E+08 1.80659E+04
4.98000E-05 6.82310E+08 1.79205E+04
4.99000E-05 6.76829E+08 1.77765E+04
5.00000E-05 6.71403E+08 1.76340E+04
5.01000E-05 6.66032E+08 1.74930E+04
5.02000E-05 6.60714E+08 1.73533E+04
5.03000E-05 6.55448E+08 1.72150E+04
5.04000E-05 6.50235E+08 1.70781E+04
5.05000E-05 6.45074E+08 1.69425E+04
5.06000E-05 6.39964E+08 1.68083E+04
5.07000E-05 6.34904E+08 1.66754E+04
5.08000E-05 6.29893E+08 1.65438E+04
5.09000E-05 6.24932E+08 1.64135E+04
5.10000E-05 6.20020E+08 1.62845E+04
5.11000E-05 6.15156E+08 1.61567E+04
5.12000E-05 6.10339E+08 1.60302E+04
5.13000E-05 6.05569E+08 1.59049E+04
5.14000E-05 6.00846E+08 1.57809E+04
5.15000E-05 5.96168E+08 1.56580E+04
5.16000E-05 5.91536E+08 1.55364E+04
5.17000E-05 5.86949E+08 1.54159E+04
5.18000E-05 5.82406E+08 1.52966E+04
5.19000E-05 5.77906E+08 1.51784E+04
5.20000E-05 5.73450E+08 1.50614E+04
5.21000E-05 5.69037E+08 1.49454E+04
5.22000E-05 5.64666E+08 1.48306E+04
5.23000E-05 5.60337E+08 1.47169E+04
5.24000E-05 5.56049E+08 1.46043E+04
5.25000E-05 5.51802E+08 1.44928E+04
5.26000E-05 5.47595E+08 1.43823E+04
5.27000E-05 5.43429E+08 1.42729E+04
5.28000E-05 5.39302E+08 1.41645E+04
5.29000E-05 5.35213E+08 1.40571E+04
5.30000E-05 5.31164E+08 1.39507E+04
5.31000E-05 5.27152E+08 1.38454E+04
5.32000E-05 5.23179E+08 1.37410E+04
5.33000E-05 5.19242E+08 1.36376E+04
5.34000E-05 5.15342E+08 1.35352E+04
5.35000E-05 5.11479E+08 1.34337E+04
5.36000E-05 5.07652E+08 1.33332E+04
5.37000E-05 5.03861E+08 1.32336E+04
5.38000E-05 5.00105E+08 1.31350E+04
5.39000E-05 4.96383E+08 1.30372E+04
5.40000E-05 4.92697E+08 1.29404E+04
5.41000E-05 4.89044E+08 1.28445E+04
5.42000E-05 4.85425E+08 1.27494E+04
5.43000E-05 4.81839E+08 1.26552E+04
5.44000E-05 4.78286E+08 1.25619E+04
5.45000E-05 4.74766E+08 1.24695E+04
5.46000E-05 4.71278E+08 1.23779E+04
5.47000E-05 4.67822E+08 1.22871E+04
5.48000E-05 4.64398E+08 1.21972E+04
5.49000E-05 4.61005E+08 1.21080E+04
5.50000E-05 4.57643E+08 1.20197E+04
5.51000E-05 4.54311E+08 1.19322E+04
5.52000E-05 4.51009E+08 1.18455E+04
5.53000E-05 4.47737E+08 1.17596E+04
5.54000E-05 4.44495E+08 1.16744E+04
5.55000E-05 4.41282E+08 1.15900E+04
5.56000E-05 4.38098E+08 1.15064E+04
5.57000E-05 4.34943E+08 1.14235E+04
5.58000E-05 4.31816E+08 1.13414E+04
5.59000E-05 4.28716E+08 1.12600E+04
5.60000E-05 4.25645E+08 1.11793E+04
5.61000E-05 4.22601E+08 1.10994E+04
5.62000E-05 4.19584E+08 1.10201E+04
5.63000E-05 4.16594E+08 1.09416E+04
5.64000E-05 4.13630E+08 1.08638E+04
5.65000E-05 4.10693E+08 1.07866E+04
5.66000E-05 4.07781E+08 1.07101E+04
5.67000E-05 4.04896E+08 1.06344E+04
5.68000E-05 4.02035E+08 1.05592E+04
5.69000E-05 3.99200E+08 1.04848E+04
5.70000E-05 3.96390E+08 1.04110E+04
5.71000E-05 3.93604E+08 1.03378E+04
5.72000E-05 3.90843E+08 1.02653E+04
5.73000E-05 3.88106E+08 1.01934E+04
5.74000E-05 3.85393E+08 1.01221E+04
5.75000E-05 3.82703E+08 1.00515E+04
5.76000E-05 3.80037E+08 9.98145E+03
5.77000E-05 3.77394E+08 9.91203E+03
5.78000E-05 3.74773E+08 9.84321E+03
5.79000E-05 3.72176E+08 9.77498E+03
5.80000E-05 3.69600E+08 9.70735E+03
5.81000E-05 3.67047E+08 9.64029E+03
5.82000E-05 3.64516E+08 9.57382E+03
5.83000E-05 3.62007E+08 9.50791E+03
5.84000E-05 3.59519E+08 9.44257E+03
5.85000E-05 3.57052E+08 9.37778E+03
5.86000E-05 3.54607E+08 9.31355E+03
5.87000E-05 3.52182E+08 9.24987E+03
5.88000E-05 3.49778E+08 9.18673E+03
5.89000E-05 3.47395E+08 9.12413E+03
5.90000E-05 3.45031E+08 9.06206E+03
5.91000E-05 3.42688E+08 9.00051E+03
5.92000E-05 3.40365E+08 8.93948E+03
5.93000E-05 3.38061E+08 8.87897E+03
5.94000E-05 3.35776E+08 8.81897E+03
5.95000E-05 3.33511E+08 8.75947E+03
5.96000E-05 3.31265E+08 8.70048E+03
5.97000E-05 3.29037E+08 8.64198E+03
5.98000E-05 3.26828E+08 8.58396E+03
5.99000E-05 3.24638E+08 8.52644E+03
6.00000E-05 3.22466E+08 8.46939E+03
6.01000E-05 3.20312E+08 8.41282E+03
6.02000E-05 3.18176E+08 8.35671E+03
6.03000E-05 3.16058E+08 8.30108E+03
6.04000E-05 3.13957E+08 8.24590E+03
6.05000E-05 3.11873E+08 8.19118E+03
6.06000E-05 3.09807E+08 8.13692E+03
6.07000E-05 3.07758E+08 8.08310E+03
6.08000E-05 3.05726E+08 8.02972E+03
6.09000E-05 3.03710E+08 7.97678E+03
6.10000E-05 3.01711E+08 7.92428E+03
6.11000E-05 2.99729E+08 7.87221E+03
6.12000E-05 2.97762E+08 7.82056E+03
6.13000E-05 2.95812E+08 7.76934E+03
6.14000E-05 2.93877E+08 7.71853E+03
6.15000E-05 2.91959E+08 7.66813E+03
6.16000E-05 2.90056E+08 7.61815E+03
6.17000E-05 2.88168E+08 7.56857E+03
6.18000E-05 2.86296E+08 7.51939E+03
6.19000E-05 2.84438E+08 7.47062E+03
6.20000E-05 2.82596E+08 7.42223E+03
6.21000E-05 2.80769E+08 7.37424E+03
6.22000E-05 2.78956E+08 7.32663E+03
6.23000E-05 2.77158E+08 7.27940E+03
6.24000E-05 2.75374E+08 7.23255E+03
6.25000E-05 2.73605E+08 7.18608E+03
6.26000E-05 2.71850E+08 7.13998E+03
6.27000E-05 2.70109E+08 7.09425E+03
6.28000E-05 2.68381E+08 7.04888E+03
6.29000E-05 2.66668E+08 7.00388E+03
6.30000E-05 2.64968E+08 6.95923E+03
6.31000E-05 2.63281E+08 6.91493E+03
6.32000E-05 2.61608E+08 6.87099E+03
6.33000E-05 2.59948E+08 6.82739E+03
6.34000E-05 2.58301E+08 6.78414E+03
6.35000E-05 2.56668E+08 6.74123E+03
6.36000E-05 2.55047E+08 6.69866E+03
6.37000E-05 2.53439E+08 6.65642E+03
6.38000E-05 2.51843E+08 6.61451E+03
6.39000E-05 2.50260E+08 6.57294E+03
6.40000E-05 2.48689E+08 6.53168E+03
6.41000E-05 2.47131E+08 6.49075E+03
6.42000E-05 2.45585E+08 6.45014E+03
6.43000E-05 2.44050E+08 6.40985E+03
6.44000E-05 2.42528E+08 6.36987E+03
6.45000E-05 2.41018E+08 6.33020E+03
6.46000E-05 2.39519E+08 6.29083E+03
6.47000E-05 2.38032E+08 6.25177E+03
6.48000E-05 2.36556E+08 6.21302E+03
6.49000E-05 2.35092E+08 6.17456E+03
6.50000E-05 2.33639E+08 6.13640E+03
6.51000E-05 2.32197E+08 6.09853E+03
6.52000E-05 2.30766E+08 6.06095E+03
6.53000E-05 2.29347E+08 6.02366E+03
6.54000E-05 2.27938E+08 5.98666E+03
6.55000E-05 2.26540E+08 5.94994E+03
6.56000E-05 2.25152E+08 5.91350E+03
6.57000E-05 2.23776E+08 5.87734E+03
6.58000E-05 2.22409E+08 5.84145E+03
6.59000E-05 2.21053E+08 5.80584E+03
6.60000E-05 2.19707E+08 5.77049E+03
6.61000E-05 2.18372E+08 5.73542E+03
6.62000E-05 2.17047E+08 5.70061E+03
6.63000E-05 2.15731E+08 5.66606E+03
6.64000E-05 2.14426E+08 5.63177E+03
6.65000E-05 2.13130E+08 5.59774E+03
6.66000E-05 2.11844E+08 5.56397E+03
6.67000E-05 2.10568E+08 5.53045E+03
6.68000E-05 2.09301E+08 5.49718E+03
6.69000E-05 2.08044E+08 5.46416E+03
6.70000E-05 2.06796E+08 5.43139E+03
6.71000E-05 2.05558E+08 5.39887E+03
6.72000E-05 2.04329E+08 5.36658E+03
6.73000E-05 2.03109E+08 5.33454E+03
6.74000E-05 2.01898E+08 5.30273E+03
6.75000E-05 2.00696E+08 5.27116E+03
6.76000E-05 1.99503E+08 5.23982E+03
6.77000E-05 1.98318E+08 5.20872E+03
6.78000E-05 1.97143E+08 5.17784E+03
6.79000E-05 1.95976E+08 5.14720E+03
6.80000E-05 1.94818E+08 5.11678E+03
6.81000E-05 1.93668E+08 5.08658E+03
6.82000E-05 1.92527E+08 5.05660E+03
6.83000E-05 1.91394E+08 5.02685E+03
6.84000E-05 1.90269E+08 4.99731E+03
6.85000E-05 1.89153E+08 4.96799E+03
6.86000E-05 1.88044E+08 4.93888E+03
6.87000E-05 1.86944E+08 4.90998E+03
6.88000E-05 1.85852E+08 4.88130E+03
6.89000E-05 1.84768E+08 4.85282E+03
6.90000E-05 1.83691E+08 4.82455E+03
6.91000E-05 1.82623E+08 4.79649E+03
6.92000E-05 1.81562E+08 4.76863E+03
6.93000E-05 1.80509E+08 4.74097E+03
6.94000E-05 1.79463E+08 4.71351E+03
6.95000E-05 1.78426E+08 4.68625E+03
6.96000E-05 1.77395E+08 4.65918E+03
6.97000E-05 1.76372E+08 4.63231E+03
6.98000E-05 1.75356E+08 4.60563E+03
6.99000E-05 1.74348E+08 4.57914E+03
7.00000E-05 1.73346E+08 4.55284E+03
7.01000E-05 1.72352E+08 4.52674E+03
7.02000E-05 1.71365E+08 4.50081E+03
7.03000E-05 1.70385E+08 4.47507E+03
7.04000E-05 1.69412E+08 4.44952E+03
7.05000E-05 1.68446E+08 4.42414E+03
7.06000E-05 1.67487E+08 4.39895E+03
7.07000E-05 1.66534E+08 4.37394E+03
7.08000E-05 1.65589E+08 4.34910E+03
7.09000E-05 1.64650E+08 4.32443E+03
7.10000E-05 1.63717E+08 4.29995E+03
7.11000E-05 1.62792E+08 4.27563E+03
7.12000E-05 1.61872E+08 4.25149E+03
7.13000E-05 1.60959E+08 4.22751E+03
7.14000E-05 1.60053E+08 4.20370E+03
7.15000E-05 1.59153E+08 4.18006E+03
7.16000E-05 1.58259E+08 4.15659E+03
7.17000E-05 1.57372E+08 4.13328E+03
7.18000E-05 1.56490E+08 4.11013E+03
7.19000E-05 1.55615E+08 4.08715E+03
7.20000E-05 1.54746E+08 4.06432E+03
7.21000E-05 1.53883E+08 4.04165E+03
7.22000E-05 1.53026E+08 4.01914E+03
7.23000E-05 1.52175E+08 3.99679E+03
7.24000E-05 1.51330E+08 3.97459E+03
7.25000E-05 1.50490E+08 3.95254E+03
7.26000E-05 1.49657E+08 3.93065E+03
7.27000E-05 1.48829E+08 3.90890E+03
7.28000E-05 1.48007E+08 3.88731E+03
7.29000E-05 1.47190E+08 3.86587E+03
7.30000E-05 1.46379E+08 3.84457E+03
7.31000E-05 1.45574E+08 3.82342E+03
7.32000E-05 1.44774E+08 3.80241E+03
7.33000E-05 1.43980E+08 3.78155E+03
7.34000E-05 1.43191E+08 3.76083E+03
7.35000E-05 1.42407E+08 3.74025E+03
7.36000E-05 1.41629E+08 3.71981E+03
7.37000E-05 1.40856E+08 3.69951E+03
7.38000E-05 1.40088E+08 3.67934E+03
7.39000E-05 1.39326E+08 3.65932E+03
7.40000E-05 1.38569E+08 3.63943E+03
7.41000E-05 1.37817E+08 3.61967E+03
7.42000E-05 1.37069E+08 3.60005E+03
7.43000E-05 1.36327E+08 3.58056E+03
7.44000E-05 1.35590E+08 3.56120E+03
7.45000E-05 1.34858E+08 3.54198E+03
7.46000E-05 1.34131E+08 3.52288E+03
7.47000E-05 1.33409E+08 3.50391E+03
7.48000E-05 1.32691E+08 3.48506E+03
7.49000E-05 1.31979E+08 3.46635E+03
7.50000E-05 1.31271E+08 3.44775E+03
7.51000E-05 1.30568E+08 3.42929E+03
7.52000E-05 1.29869E+08 3.41094E+03
7.53000E-05 1.29175E+08 3.39272E+03
7.54000E-05 1.28486E+08 3.37462E+03
7.55000E-05 1.27801E+08 3.35663E+03
7.56000E-05 1.27121E+08 3.33877E+03
7.57000E-05 1.26446E+08 3.32103E+03
7.58000E-05 1.25775E+08 3.30340E+03
7.59000E-05 1.25108E+08 3.28589E+03
7.60000E-05 1.24446E+08 3.26850E+03
7.61000E-05 1.23788E+08 3.25122E+03
7.62000E-05 1.23134E+08 3.23405E+03
7.63000E-05 1.22485E+08 3.21700E+03
7.64000E-05 1.21840E+08 3.20005E+03
7.65000E-05 1.21199E+08 3.18322E+03
7.66000E-05 1.20562E+08 3.16650E+03
7.67000E-05 1.19930E+08 3.14989E+03
7.68000E-05 1.19302E+08 3.13339E+03
7.69000E-05 1.18677E+08 3.11699E+03
7.70000E-05 1.18057E+08 3.10070E+03
7.71000E-05 1.17441E+08 3.08452E+03
7.72000E-05 1.16829E+08 3.06844E+03
7.73000E-05 1.16221E+08 3.05247E+03
7.74000E-05 1.15616E+08 3.03660E+03
7.75000E-05 1.15016E+08 3.02083E+03
7.76000E-05 1.14420E+08 3.00517E+03
7.77000E-05 1.13827E+08 2.98961E+03
7.78000E-05 1.13238E+08 2.97414E+03
7.79000E-05 1.12653E+08 2.95878E+03
7.80000E-05 1.12072E+08 2.94351E+03
7.81000E-05 1.11495E+08 2.92834E+03
7.82000E-05 1.10921E+08 2.91327E+03
7.83000E-05 1.10351E+08 2.89830E+03
7.84000E-05 1.09784E+08 2.88342E+03
7.85000E-05 1.09221E+08 2.86864E+03
7.86000E-05 1.08662E+08 2.85395E+03
7.87000E-05 1.08106E+08 2.83936E+03
7.88000E-05 1.07554E+08 2.82485E+03
7.89000E-05 1.07006E+08 2.81044E+03
7.90000E-05 1.06460E+08 2.79613E+03
7.91000E-05 1.05919E+08 2.78190E+03
7.92000E-05 1.05380E+08 2.76776E+03
7.93000E-05 1.04846E+08 2.75371E+03
7.94000E-05 1.04314E+08 2.73975E+03
7.95000E-05 1.03786E+08 2.72588E+03
7.96000E-05 1.03261E+08 2.71210E+03
7.97000E-05 1.02740E+08 2.69840E+03
7.98000E-05 1.02221E+08 2.68479E+03
7.99000E-05 1.01706E+08 2.67126E+03
8.00000E-05 1.01195E+08 2.65782E+03
8.01000E-05 1.00686E+08 2.64446E+03
8.02000E-05 1.00181E+08 2.63119E+03
8.03000E-05 9.96785E+07 2.61800E+03
8.04000E-05 9.91794E+07 2.60489E+03
8.05000E-05 9.86835E+07 2.59187E+03
8.06000E-05 9.81906E+07 2.57892E+03
8.07000E-05 9.77007E+07 2.56606E+03
8.08000E-05 9.72140E+07 2.55327E+03
8.09000E-05 9.67302E+07 2.54056E+03
8.10000E-05 9.62494E+07 2.52794E+03
8.11000E-05 9.57716E+07 2.51539E+03
8.12000E-05 9.52968E+07 2.50292E+03
8.13000E-05 9.48249E+07 2.49052E+03
8.14000E-05 9.43558E+07 2.47820E+03
8.15000E-05 9.38897E+07 2.46596E+03
8.16000E-05 9.34265E+07 2.45379E+03
8.17000E-05 9.29661E+07 2.44170E+03
8.18000E-05 9.25085E+07 2.42968E+03
8.19000E-05 9.20537E+07 2.41774E+03
8.20000E-05 9.16017E+07 2.40587E+03
8.21000E-05 9.11524E+07 2.39407E+03
8.22000E-05 9.07059E+07 2.38234E+03
8.23000E-05 9.02621E+07 2.37068E+03
8.24000E-05 8.98211E+07 2.35910E+03
8.25000E-05 8.93827E+07 2.34759E+03
8.26000E-05 8.89469E+07 2.33614E+03
8.27000E-05 8.85138E+07 2.32477E+03
8.28000E-05 8.80834E+07 2.31346E+03
8.29000E-05 8.76555E+07 2.30222E+03
8.30000E-05 8.72302E+07 2.29105E+03
8.31000E-05 8.68075E+07 2.27995E+03
8.32000E-05 8.63873E+07 2.26892E+03
8.33000E-05 8.59697E+07 2.25795E+03
8.34000E-05 8.55546E+07 2.24704E+03
8.35000E-05 8.51420E+07 2.23621E+03
8.36000E-05 8.47318E+07 2.22543E+03
8.37000E-05 8.43241E+07 2.21473E+03
8.38000E-05 8.39189E+07 2.20408E+03
8.39000E-05 8.35160E+07 2.19350E+03
8.40000E-05 8.31156E+07 2.18298E+03
8.41000E-05 8.27176E+07 2.17253E+03
8.42000E-05 8.23219E+07 2.16214E+03
8.43000E-05 8.19286E+07 2.15181E+03
8.44000E-05 8.15376E+07 2.14154E+03
8.45000E-05 8.11490E+07 2.13133E+03
8.46000E-05 8.07626E+07 2.12119E+03
8.47000E-05 8.03786E+07 2.11110E+03
8.48000E-05 7.99968E+07 2.10107E+03
8.49000E-05 7.96173E+07 2.09110E+03
8.50000E-05 7.92400E+07 2.08119E+03
8.51000E-05 7.88649E+07 2.07134E+03
8.52000E-05 7.84921E+07 2.06155E+03
8.53000E-05 7.81214E+07 2.05182E+03
8.54000E-05 7.77529E+07 2.04214E+03
8.55000E-05 7.73866E+07 2.03252E+03
8.56000E-05 7.70224E+07 2.02295E+03
8.57000E-05 7.66604E+07 2.01344E+03
8.58000E-05 7.63005E+07 2.00399E+03
8.59000E-05 7.59426E+07 1.99459E+03
8.60000E-05 7.55869E+07 1.98525E+03
8.61000E-05 7.52332E+07 1.97596E+03
8.62000E-05 7.48816E+07 1.96672E+03
8.63000E-05 7.45321E+07 1.95754E+03
8.64000E-05 7.41846E+07 1.94842E+03
8.65000E-05 7.38390E+07 1.93934E+03
8.66000E-05 7.34955E+07 1.93032E+03
8.67000E-05 7.31540E+07 1.92135E+03
8.68000E-05 7.28145E+07 1.91243E+03
8.69000E-05 7.24769E+07 1.90356E+03
8.70000E-05 7.21412E+07 1.89475E+03
8.71000E-05 7.18075E+07 1.88598E+03
8.72000E-05 7.14757E+07 1.87727E+03
8.73000E-05 7.11459E+07 1.86861E+03
8.74000E-05 7.08179E+07 1.85999E+03
8.75000E-05 7.04918E+07 1.85143E+03
8.76000E-05 7.01675E+07 1.84291E+03
8.77000E-05 6.98452E+07 1.83444E+03
8.78000E-05 6.95246E+07 1.82603E+03
8.79000E-05 6.92059E+07 1.81765E+03
8.80000E-05 6.88890E+07 1.80933E+03
8.81000E-05 6.85739E+07 1.80106E+03
8.82000E-05 6.82607E+07 1.79283E+03
8.83000E-05 6.79491E+07 1.78465E+03
8.84000E-05 6.76394E+07 1.77651E+03
8.85000E-05 6.73314E+07 1.76842E+03
8.86000E-05 6.70252E+07 1.76038E+03
8.87000E-05 6.67207E+07 1.75238E+03
8.88000E-05 6.64179E+07 1.74443E+03
8.89000E-05 6.61168E+07 1.73652E+03
8.90000E-05 6.58174E+07 1.72866E+03
8.91000E-05 6.55197E+07 1.72084E+03
8.92000E-05 6.52237E+07 1.71306E+03
8.93000E-05 6.49293E+07 1.70533E+03
8.94000E-05 6.46366E+07 1.69765E+03
8.95000E-05 6.43456E+07 1.69000E+03
8.96000E-05 6.40561E+07 1.68240E+03
8.97000E-05 6.37683E+07 1.67484E+03
8.98000E-05 6.34821E+07 1.66732E+03
8.99000E-05 6.31975E+07 1.65985E+03
9.00000E-05 6.29145E+07 1.65241E+03
9.01000E-05 6.26331E+07 1.64502E+03
9.02000E-05 6.23532E+07 1.63767E+03
9.03000E-05 6.20749E+07 1.63036E+03
9.04000E-05 6.17981E+07 1.62309E+03
9.05000E-05 6.15229E+07 1.61586E+03
9.06000E-05 6.12491E+07 1.60867E+03
9.07000E-05 6.09769E+07 1.60153E+03
9.08000E-05 6.07062E+07 1.59442E+03
9.09000E-05 6.04370E+07 1.58735E+03
9.10000E-05 6.01693E+07 1.58031E+03
9.11000E-05 5.99031E+07 1.57332E+03
9.12000E-05 5.96383E+07 1.56637E+03
9.13000E-05 5.93750E+07 1.55945E+03
9.14000E-05 5.91131E+07 1.55257E+03
9.15000E-05 5.88527E+07 1.54573E+03
9.16000E-05 5.85937E+07 1.53893E+03
9.17000E-05 5.83361E+07 1.53216E+03
9.18000E-05 5.80799E+07 1.52544E+03
9.19000E-05 5.78251E+07 1.51874E+03
9.20000E-05 5.75717E+07 1.51209E+03
9.21000E-05 5.73197E+07 1.50547E+03
9.22000E-05 5.70691E+07 1.49889E+03
9.23000E-05 5.68198E+07 1.49234E+03
9.24000E-05 5.65719E+07 1.48583E+03
9.25000E-05 5.63253E+07 1.47935E+03
9.26000E-05 5.60801E+07 1.47291E+03
9.27000E-05 5.58362E+07 1.46651E+03
9.28000E-05 5.55936E+07 1.46013E+03
9.29000E-05 5.53523E+07 1.45380E+03
9.30000E-05 5.51123E+07 1.44749E+03
9.31000E-05 5.48736E+07 1.44122E+03
9.32000E-05 5.46362E+07 1.43499E+03
9.33000E-05 5.44001E+07 1.42879E+03
9.34000E-05 5.41652E+07 1.42262E+03
9.35000E-05 5.39317E+07 1.41648E+03
9.36000E-05 5.36993E+07 1.41038E+03
9.37000E-05 5.34682E+07 1.40431E+03
9.38000E-05 5.32384E+07 1.39828E+03
9.39000E-05 5.30097E+07 1.39227E+03
9.40000E-05 5.27823E+07 1.38630E+03
9.41000E-05 5.25561E+07 1.38036E+03
9.42000E-05 5.23312E+07 1.37445E+03
9.43000E-05 5.21074E+07 1.36857E+03
9.44000E-05 5.18848E+07 1.36272E+03
9.45000E-05 5.16634E+07 1.35691E+03
9.46000E-05 5.14431E+07 1.35112E+03
9.47000E-05 5.12240E+07 1.34537E+03
9.48000E-05 5.10061E+07 1.33965E+03
9.49000E-05 5.07894E+07 1.33395E+03
9.50000E-05 5.05738E+07 1.32829E+03
9.51000E-05 5.03593E+07 1.32266E+03
9.52000E-05 5.01459E+07 1.31706E+03
9.53000E-05 4.99337E+07 1.31148E+03
9.54000E-05 4.97226E+07 1.30594E+03
9.55000E-05 4.95126E+07 1.30042E+03
9.56000E-05 4.93037E+07 1.29493E+03
9.57000E-05 4.90959E+07 1.28948E+03
9.58000E-05 4.88892E+07 1.28405E+03
9.59000E-05 4.86836E+07 1.27865E+03
9.60000E-05 4.84791E+07 1.27328E+03
9.61000E-05 4.82756E+07 1.26793E+03
9.62000E-05 4.80732E+07 1.26262E+03
9.63000E-05 4.78718E+07 1.25733E+03
9.64000E-05 4.76715E+07 1.25207E+03
9.65000E-05 4.74722E+07 1.24683E+03
9.66000E-05 4.72740E+07 1.24163E+03
9.67000E-05 4.70768E+07 1.23645E+03
9.68000E-05 4.68806E+07 1.23129E+03
9.69000E-05 4.66855E+07 1.22617E+03
9.70000E-05 4.64913E+07 1.22107E+03
9.71000E-05 4.62982E+07 1.21600E+03
9.72000E-05 4.61060E+07 1.21095E+03
9.73000E-05 4.59148E+07 1.20593E+03
9.74000E-05 4.57247E+07 1.20093E+03
9.75000E-05 4.55355E+07 1.19596E+03
9.76000E-05 4.53473E+07 1.19102E+03
9.77000E-05 4.51600E+07 1.18610E+03
9.78000E-05 4.49737E+07 1.18121E+03
9.79000E-05 4.47884E+07 1.17634E+03
9.80000E-05 4.46040E+07 1.17150E+03
9.81000E-05 4.44206E+07 1.16668E+03
9.82000E-05 4.42380E+07 1.16189E+03
9.83000E-05 4.40565E+07 1.15712E+03
9.84000E-05 4.38758E+07 1.15237E+03
9.85000E-05 4.36961E+07 1.14765E+03
9.86000E-05 4.35173E+07 1.14296E+03
9.87000E-05 4.33394E+07 1.13829E+03
9.88000E-05 4.31624E+07 1.13364E+03
9.89000E-05 4.29863E+07 1.12901E+03
9.90000E-05 4.28111E+07 1.12441E+03
9.91000E-05 4.26368E+07 1.11983E+03
9.92000E-05 4.24634E+07 1.11528E+03
9.93000E-05 4.22908E+07 1.11074E+03
9.94000E-05 4.21191E+07 1.10624E+03
9.95000E-05 4.19483E+07 1.10175E+03
9.96000E-05 4.17784E+07 1.09729E+03
9.97000E-05 4.16093E+07 1.09284E+03
9.98000E-05 4.14410E+07 1.08843E+03
9.99000E-05 4.12736E+07 1.08403E+03
1.00000E-04 4.11071E+07 1.07965E+03
