#  FeatureSize(cm)    Fluence(mum2)   Dose(Gy)
1.00000E-07 3.70150E+19 9.72178E+14
2.00000E-07 2.31334E+18 6.07587E+13
3.00000E-07 4.56939E+17 1.20012E+13
4.00000E-07 1.44572E+17 3.79711E+12
5.00000E-07 5.92145E+16 1.55524E+12
6.00000E-07 2.85552E+16 7.49987E+11
7.00000E-07 1.54128E+16 4.04808E+11
8.00000E-07 9.03433E+15 2.37282E+11
9.00000E-07 5.63986E+15 1.48128E+11
1.00000E-06 3.70017E+15 9.71828E+10
1.10000E-06 2.52716E+15 6.63745E+10
1.20000E-06 1.78427E+15 4.68630E+10
1.30000E-06 1.29538E+15 3.40223E+10
1.40000E-06 9.63030E+14 2.52934E+10
1.50000E-06 7.30751E+14 1.91928E+10
1.60000E-06 5.64465E+14 1.48254E+10
1.70000E-06 4.42898E+14 1.16325E+10
1.80000E-06 3.52365E+14 9.25466E+09
1.90000E-06 2.83825E+14 7.45450E+09
2.00000E-06 2.31168E+14 6.07150E+09
2.10000E-06 1.90175E+14 4.99484E+09
2.20000E-06 1.57878E+14 4.14658E+09
2.30000E-06 1.32155E+14 3.47098E+09
2.40000E-06 1.11464E+14 2.92753E+09
2.50000E-06 9.46675E+13 2.48639E+09
2.60000E-06 8.09189E+13 2.12529E+09
2.70000E-06 6.95778E+13 1.82742E+09
2.80000E-06 6.01557E+13 1.57995E+09
2.90000E-06 5.22756E+13 1.37299E+09
3.00000E-06 4.56445E+13 1.19883E+09
3.10000E-06 4.00322E+13 1.05142E+09
3.20000E-06 3.52565E+13 9.25992E+08
3.30000E-06 3.11721E+13 8.18718E+08
3.40000E-06 2.76623E+13 7.26536E+08
3.50000E-06 2.46329E+13 6.46968E+08
3.60000E-06 2.20069E+13 5.78000E+08
3.70000E-06 1.97217E+13 5.17981E+08
3.80000E-06 1.77256E+13 4.65552E+08
3.90000E-06 1.59757E+13 4.19592E+08
4.00000E-06 1.44364E+13 3.79165E+08
4.10000E-06 1.30782E+13 3.43491E+08
4.20000E-06 1.18759E+13 3.11915E+08
4.30000E-06 1.08087E+13 2.83885E+08
4.40000E-06 9.85870E+12 2.58933E+08
4.50000E-06 9.01079E+12 2.36663E+08
4.60000E-06 8.25210E+12 2.16737E+08
4.70000E-06 7.57159E+12 1.98864E+08
4.80000E-06 6.95979E+12 1.82795E+08
4.90000E-06 6.40854E+12 1.68317E+08
5.00000E-06 5.91080E+12 1.55244E+08
5.10000E-06 5.46045E+12 1.43416E+08
5.20000E-06 5.05217E+12 1.32692E+08
5.30000E-06 4.68134E+12 1.22953E+08
5.40000E-06 4.34392E+12 1.14091E+08
5.50000E-06 4.03635E+12 1.06012E+08
5.60000E-06 3.75552E+12 9.86366E+07
5.70000E-06 3.49869E+12 9.18910E+07
5.80000E-06 3.26344E+12 8.57123E+07
5.90000E-06 3.04763E+12 8.00442E+07
6.00000E-06 2.84936E+12 7.48368E+07
6.10000E-06 2.66695E+12 7.00461E+07
6.20000E-06 2.49891E+12 6.56325E+07
6.30000E-06 2.34389E+12 6.15610E+07
6.40000E-06 2.20071E+12 5.78004E+07
6.50000E-06 2.06829E+12 5.43225E+07
6.60000E-06 1.94568E+12 5.11023E+07
6.70000E-06 1.83202E+12 4.81171E+07
6.80000E-06 1.72654E+12 4.53467E+07
6.90000E-06 1.62854E+12 4.27728E+07
7.00000E-06 1.53740E+12 4.03789E+07
7.10000E-06 1.45254E+12 3.81501E+07
7.20000E-06 1.37345E+12 3.60729E+07
7.30000E-06 1.29967E+12 3.41352E+07
7.40000E-06 1.23078E+12 3.23258E+07
7.50000E-06 1.16640E+12 3.06347E+07
7.60000E-06 1.10616E+12 2.90528E+07
7.70000E-06 1.04977E+12 2.75716E+07
7.80000E-06 9.96921E+11 2.61836E+07
7.90000E-06 9.47356E+11 2.48818E+07
8.00000E-06 9.00833E+11 2.36599E+07
8.10000E-06 8.57130E+11 2.25120E+07
8.20000E-06 8.16045E+11 2.14330E+07
8.30000E-06 7.77391E+11 2.04177E+07
8.40000E-06 7.40998E+11 1.94619E+07
8.50000E-06 7.06710E+11 1.85613E+07
8.60000E-06 6.74382E+11 1.77123E+07
8.70000E-06 6.43880E+11 1.69112E+07
8.80000E-06 6.15084E+11 1.61548E+07
8.90000E-06 5.87878E+11 1.54403E+07
9.00000E-06 5.62160E+11 1.47648E+07
9.10000E-06 5.37832E+11 1.41259E+07
9.20000E-06 5.14806E+11 1.35211E+07
9.30000E-06 4.92999E+11 1.29483E+07
9.40000E-06 4.72334E+11 1.24056E+07
9.50000E-06 4.52740E+11 1.18910E+07
9.60000E-06 4.34151E+11 1.14027E+07
9.70000E-06 4.16506E+11 1.09393E+07
9.80000E-06 3.99748E+11 1.04992E+07
9.90000E-06 3.83824E+11 1.00809E+07
1.00000E-05 3.68685E+11 9.68331E+06
1.01000E-05 3.54285E+11 9.30510E+06
1.02000E-05 3.40581E+11 8.94516E+06
1.03000E-05 3.27533E+11 8.60246E+06
1.04000E-05 3.15103E+11 8.27601E+06
1.05000E-05 3.03257E+11 7.96489E+06
1.06000E-05 2.91963E+11 7.66824E+06
1.07000E-05 2.81189E+11 7.38528E+06
1.08000E-05 2.70908E+11 7.11524E+06
1.09000E-05 2.61092E+11 6.85742E+06
1.10000E-05 2.51716E+11 6.61118E+06
1.11000E-05 2.42757E+11 6.37588E+06
1.12000E-05 2.34193E+11 6.15096E+06
1.13000E-05 2.26004E+11 5.93586E+06
1.14000E-05 2.18169E+11 5.73008E+06
1.15000E-05 2.10670E+11 5.53313E+06
1.16000E-05 2.03491E+11 5.34457E+06
1.17000E-05 1.96615E+11 5.16397E+06
1.18000E-05 1.90026E+11 4.99094E+06
1.19000E-05 1.83712E+11 4.82508E+06
1.20000E-05 1.77657E+11 4.66606E+06
1.21000E-05 1.71849E+11 4.51353E+06
1.22000E-05 1.66277E+11 4.36718E+06
1.23000E-05 1.60929E+11 4.22671E+06
1.24000E-05 1.55794E+11 4.09184E+06
1.25000E-05 1.50862E+11 3.96231E+06
1.26000E-05 1.46124E+11 3.83785E+06
1.27000E-05 1.41570E+11 3.71825E+06
1.28000E-05 1.37192E+11 3.60326E+06
1.29000E-05 1.32982E+11 3.49268E+06
1.30000E-05 1.28932E+11 3.38632E+06
1.31000E-05 1.25035E+11 3.28396E+06
1.32000E-05 1.21284E+11 3.18545E+06
1.33000E-05 1.17672E+11 3.09059E+06
1.34000E-05 1.14194E+11 2.99924E+06
1.35000E-05 1.10844E+11 2.91124E+06
1.36000E-05 1.07615E+11 2.82644E+06
1.37000E-05 1.04503E+11 2.74471E+06
1.38000E-05 1.01502E+11 2.66591E+06
1.39000E-05 9.86090E+10 2.58991E+06
1.40000E-05 9.58178E+10 2.51660E+06
1.41000E-05 9.31246E+10 2.44586E+06
1.42000E-05 9.05253E+10 2.37760E+06
1.43000E-05 8.80160E+10 2.31169E+06
1.44000E-05 8.55930E+10 2.24805E+06
1.45000E-05 8.32528E+10 2.18659E+06
1.46000E-05 8.09920E+10 2.12721E+06
1.47000E-05 7.88073E+10 2.06983E+06
1.48000E-05 7.66958E+10 2.01437E+06
1.49000E-05 7.46545E+10 1.96076E+06
1.50000E-05 7.26806E+10 1.90892E+06
1.51000E-05 7.07715E+10 1.85877E+06
1.52000E-05 6.89246E+10 1.81027E+06
1.53000E-05 6.71375E+10 1.76333E+06
1.54000E-05 6.54080E+10 1.71790E+06
1.55000E-05 6.37337E+10 1.67393E+06
1.56000E-05 6.21127E+10 1.63136E+06
1.57000E-05 6.05428E+10 1.59012E+06
1.58000E-05 5.90222E+10 1.55019E+06
1.59000E-05 5.75490E+10 1.51149E+06
1.60000E-05 5.61215E+10 1.47400E+06
1.61000E-05 5.47379E+10 1.43766E+06
1.62000E-05 5.33966E+10 1.40243E+06
1.63000E-05 5.20962E+10 1.36828E+06
1.64000E-05 5.08351E+10 1.33516E+06
1.65000E-05 4.96119E+10 1.30303E+06
1.66000E-05 4.84252E+10 1.27186E+06
1.67000E-05 4.72738E+10 1.24162E+06
1.68000E-05 4.61564E+10 1.21227E+06
1.69000E-05 4.50718E+10 1.18379E+06
1.70000E-05 4.40188E+10 1.15613E+06
1.71000E-05 4.29964E+10 1.12928E+06
1.72000E-05 4.20035E+10 1.10320E+06
1.73000E-05 4.10391E+10 1.07787E+06
1.74000E-05 4.01021E+10 1.05326E+06
1.75000E-05 3.91917E+10 1.02935E+06
1.76000E-05 3.83070E+10 1.00611E+06
1.77000E-05 3.74471E+10 9.83528E+05
1.78000E-05 3.66112E+10 9.61573E+05
1.79000E-05 3.57985E+10 9.40227E+05
1.80000E-05 3.50082E+10 9.19470E+05
1.81000E-05 3.42395E+10 8.99282E+05
1.82000E-05 3.34918E+10 8.79644E+05
1.83000E-05 3.27644E+10 8.60539E+05
1.84000E-05 3.20567E+10 8.41950E+05
1.85000E-05 3.13679E+10 8.23860E+05
1.86000E-05 3.06975E+10 8.06252E+05
1.87000E-05 3.00449E+10 7.89112E+05
1.88000E-05 2.94095E+10 7.72425E+05
1.89000E-05 2.87909E+10 7.56176E+05
1.90000E-05 2.81884E+10 7.40352E+05
1.91000E-05 2.76016E+10 7.24939E+05
1.92000E-05 2.70299E+10 7.09925E+05
1.93000E-05 2.64730E+10 6.95298E+05
1.94000E-05 2.59303E+10 6.81045E+05
1.95000E-05 2.54015E+10 6.67155E+05
1.96000E-05 2.48860E+10 6.53617E+05
1.97000E-05 2.43836E+10 6.40421E+05
1.98000E-05 2.38937E+10 6.27555E+05
1.99000E-05 2.34161E+10 6.15011E+05
2.00000E-05 2.29504E+10 6.02778E+05
2.01000E-05 2.24961E+10 5.90848E+05
2.02000E-05 2.20531E+10 5.79212E+05
2.03000E-05 2.16209E+10 5.67860E+05
2.04000E-05 2.11992E+10 5.56784E+05
2.05000E-05 2.07877E+10 5.45978E+05
2.06000E-05 2.03862E+10 5.35431E+05
2.07000E-05 1.99943E+10 5.25138E+05
2.08000E-05 1.96117E+10 5.15092E+05
2.09000E-05 1.92383E+10 5.05283E+05
2.10000E-05 1.88737E+10 4.95708E+05
2.11000E-05 1.85177E+10 4.86357E+05
2.12000E-05 1.81700E+10 4.77226E+05
2.13000E-05 1.78305E+10 4.68308E+05
2.14000E-05 1.74988E+10 4.59597E+05
2.15000E-05 1.71749E+10 4.51088E+05
2.16000E-05 1.68583E+10 4.42775E+05
2.17000E-05 1.65491E+10 4.34652E+05
2.18000E-05 1.62468E+10 4.26714E+05
2.19000E-05 1.59515E+10 4.18956E+05
2.20000E-05 1.56628E+10 4.11374E+05
2.21000E-05 1.53806E+10 4.03962E+05
2.22000E-05 1.51047E+10 3.96717E+05
2.23000E-05 1.48350E+10 3.89633E+05
2.24000E-05 1.45713E+10 3.82706E+05
2.25000E-05 1.43134E+10 3.75933E+05
2.26000E-05 1.40611E+10 3.69308E+05
2.27000E-05 1.38144E+10 3.62829E+05
2.28000E-05 1.35731E+10 3.56491E+05
2.29000E-05 1.33371E+10 3.50290E+05
2.30000E-05 1.31061E+10 3.44224E+05
2.31000E-05 1.28801E+10 3.38288E+05
2.32000E-05 1.26589E+10 3.32480E+05
2.33000E-05 1.24425E+10 3.26796E+05
2.34000E-05 1.22307E+10 3.21232E+05
2.35000E-05 1.20233E+10 3.15786E+05
2.36000E-05 1.18204E+10 3.10456E+05
2.37000E-05 1.16217E+10 3.05237E+05
2.38000E-05 1.14271E+10 3.00127E+05
2.39000E-05 1.12366E+10 2.95123E+05
2.40000E-05 1.10500E+10 2.90223E+05
2.41000E-05 1.08673E+10 2.85425E+05
2.42000E-05 1.06884E+10 2.80725E+05
2.43000E-05 1.05131E+10 2.76121E+05
2.44000E-05 1.03414E+10 2.71611E+05
2.45000E-05 1.01732E+10 2.67193E+05
2.46000E-05 1.00084E+10 2.62864E+05
2.47000E-05 9.84688E+09 2.58623E+05
2.48000E-05 9.68863E+09 2.54466E+05
2.49000E-05 9.53354E+09 2.50393E+05
2.50000E-05 9.38153E+09 2.46401E+05
2.51000E-05 9.23254E+09 2.42488E+05
2.52000E-05 9.08650E+09 2.38652E+05
2.53000E-05 8.94333E+09 2.34892E+05
2.54000E-05 8.80296E+09 2.31205E+05
2.55000E-05 8.66534E+09 2.27590E+05
2.56000E-05 8.53039E+09 2.24046E+05
2.57000E-05 8.39805E+09 2.20570E+05
2.58000E-05 8.26827E+09 2.17162E+05
2.59000E-05 8.14099E+09 2.13818E+05
2.60000E-05 8.01614E+09 2.10539E+05
2.61000E-05 7.89367E+09 2.07323E+05
2.62000E-05 7.77353E+09 2.04167E+05
2.63000E-05 7.65566E+09 2.01072E+05
2.64000E-05 7.54002E+09 1.98034E+05
2.65000E-05 7.42655E+09 1.95054E+05
2.66000E-05 7.31521E+09 1.92130E+05
2.67000E-05 7.20594E+09 1.89260E+05
2.68000E-05 7.09870E+09 1.86443E+05
2.69000E-05 6.99345E+09 1.83679E+05
2.70000E-05 6.89014E+09 1.80966E+05
2.71000E-05 6.78873E+09 1.78302E+05
2.72000E-05 6.68917E+09 1.75687E+05
2.73000E-05 6.59143E+09 1.73120E+05
2.74000E-05 6.49547E+09 1.70600E+05
2.75000E-05 6.40125E+09 1.68125E+05
2.76000E-05 6.30872E+09 1.65695E+05
2.77000E-05 6.21786E+09 1.63309E+05
2.78000E-05 6.12863E+09 1.60965E+05
2.79000E-05 6.04099E+09 1.58663E+05
2.80000E-05 5.95491E+09 1.56402E+05
2.81000E-05 5.87036E+09 1.54182E+05
2.82000E-05 5.78730E+09 1.52000E+05
2.83000E-05 5.70570E+09 1.49857E+05
2.84000E-05 5.62554E+09 1.47752E+05
2.85000E-05 5.54677E+09 1.45683E+05
2.86000E-05 5.46938E+09 1.43650E+05
2.87000E-05 5.39333E+09 1.41653E+05
2.88000E-05 5.31860E+09 1.39690E+05
2.89000E-05 5.24515E+09 1.37761E+05
2.90000E-05 5.17297E+09 1.35865E+05
2.91000E-05 5.10202E+09 1.34002E+05
2.92000E-05 5.03229E+09 1.32170E+05
2.93000E-05 4.96374E+09 1.30370E+05
2.94000E-05 4.89635E+09 1.28600E+05
2.95000E-05 4.83010E+09 1.26860E+05
2.96000E-05 4.76497E+09 1.25149E+05
2.97000E-05 4.70092E+09 1.23467E+05
2.98000E-05 4.63795E+09 1.21813E+05
2.99000E-05 4.57603E+09 1.20187E+05
3.00000E-05 4.51514E+09 1.18588E+05
3.01000E-05 4.45526E+09 1.17015E+05
3.02000E-05 4.39636E+09 1.15468E+05
3.03000E-05 4.33844E+09 1.13947E+05
3.04000E-05 4.28146E+09 1.12450E+05
3.05000E-05 4.22541E+09 1.10978E+05
3.06000E-05 4.17028E+09 1.09530E+05
3.07000E-05 4.11604E+09 1.08106E+05
3.08000E-05 4.06268E+09 1.06704E+05
3.09000E-05 4.01018E+09 1.05325E+05
3.10000E-05 3.95853E+09 1.03969E+05
3.11000E-05 3.90770E+09 1.02634E+05
3.12000E-05 3.85769E+09 1.01320E+05
3.13000E-05 3.80847E+09 1.00027E+05
3.14000E-05 3.76003E+09 9.87552E+04
3.15000E-05 3.71236E+09 9.75032E+04
3.16000E-05 3.66545E+09 9.62709E+04
3.17000E-05 3.61927E+09 9.50580E+04
3.18000E-05 3.57381E+09 9.38641E+04
3.19000E-05 3.52907E+09 9.26889E+04
3.20000E-05 3.48502E+09 9.15320E+04
3.21000E-05 3.44165E+09 9.03931E+04
3.22000E-05 3.39896E+09 8.92718E+04
3.23000E-05 3.35693E+09 8.81678E+04
3.24000E-05 3.31554E+09 8.70808E+04
3.25000E-05 3.27479E+09 8.60105E+04
3.26000E-05 3.23466E+09 8.49566E+04
3.27000E-05 3.19515E+09 8.39187E+04
3.28000E-05 3.15623E+09 8.28966E+04
3.29000E-05 3.11791E+09 8.18901E+04
3.30000E-05 3.08016E+09 8.08987E+04
3.31000E-05 3.04298E+09 7.99222E+04
3.32000E-05 3.00636E+09 7.89605E+04
3.33000E-05 2.97029E+09 7.80131E+04
3.34000E-05 2.93476E+09 7.70799E+04
3.35000E-05 2.89976E+09 7.61605E+04
3.36000E-05 2.86528E+09 7.52549E+04
3.37000E-05 2.83130E+09 7.43626E+04
3.38000E-05 2.79783E+09 7.34835E+04
3.39000E-05 2.76485E+09 7.26173E+04
3.40000E-05 2.73236E+09 7.17638E+04
3.41000E-05 2.70034E+09 7.09228E+04
3.42000E-05 2.66878E+09 7.00941E+04
3.43000E-05 2.63769E+09 6.92775E+04
3.44000E-05 2.60705E+09 6.84726E+04
3.45000E-05 2.57685E+09 6.76795E+04
3.46000E-05 2.54708E+09 6.68977E+04
3.47000E-05 2.51775E+09 6.61272E+04
3.48000E-05 2.48883E+09 6.53677E+04
3.49000E-05 2.46033E+09 6.46191E+04
3.50000E-05 2.43223E+09 6.38812E+04
3.51000E-05 2.40453E+09 6.31538E+04
3.52000E-05 2.37723E+09 6.24366E+04
3.53000E-05 2.35031E+09 6.17296E+04
3.54000E-05 2.32377E+09 6.10326E+04
3.55000E-05 2.29761E+09 6.03453E+04
3.56000E-05 2.27181E+09 5.96677E+04
3.57000E-05 2.24637E+09 5.89996E+04
3.58000E-05 2.22128E+09 5.83408E+04
3.59000E-05 2.19655E+09 5.76911E+04
3.60000E-05 2.17216E+09 5.70505E+04
3.61000E-05 2.14810E+09 5.64187E+04
3.62000E-05 2.12438E+09 5.57956E+04
3.63000E-05 2.10098E+09 5.51810E+04
3.64000E-05 2.07790E+09 5.45749E+04
3.65000E-05 2.05514E+09 5.39771E+04
3.66000E-05 2.03269E+09 5.33874E+04
3.67000E-05 2.01054E+09 5.28058E+04
3.68000E-05 1.98870E+09 5.22320E+04
3.69000E-05 1.96715E+09 5.16660E+04
3.70000E-05 1.94589E+09 5.11077E+04
3.71000E-05 1.92492E+09 5.05568E+04
3.72000E-05 1.90422E+09 5.00134E+04
3.73000E-05 1.88381E+09 4.94772E+04
3.74000E-05 1.86367E+09 4.89481E+04
3.75000E-05 1.84379E+09 4.84261E+04
3.76000E-05 1.82418E+09 4.79111E+04
3.77000E-05 1.80483E+09 4.74028E+04
3.78000E-05 1.78573E+09 4.69013E+04
3.79000E-05 1.76689E+09 4.64064E+04
3.80000E-05 1.74829E+09 4.59179E+04
3.81000E-05 1.72994E+09 4.54359E+04
3.82000E-05 1.71183E+09 4.49602E+04
3.83000E-05 1.69395E+09 4.44907E+04
3.84000E-05 1.67631E+09 4.40272E+04
3.85000E-05 1.65889E+09 4.35698E+04
3.86000E-05 1.64170E+09 4.31183E+04
3.87000E-05 1.62473E+09 4.26726E+04
3.88000E-05 1.60798E+09 4.22327E+04
3.89000E-05 1.59144E+09 4.17984E+04
3.90000E-05 1.57512E+09 4.13697E+04
3.91000E-05 1.55901E+09 4.09464E+04
3.92000E-05 1.54310E+09 4.05285E+04
3.93000E-05 1.52739E+09 4.01160E+04
3.94000E-05 1.51188E+09 3.97087E+04
3.95000E-05 1.49657E+09 3.93065E+04
3.96000E-05 1.48145E+09 3.89094E+04
3.97000E-05 1.46652E+09 3.85172E+04
3.98000E-05 1.45177E+09 3.81300E+04
3.99000E-05 1.43722E+09 3.77477E+04
4.00000E-05 1.42284E+09 3.73701E+04
4.01000E-05 1.40864E+09 3.69972E+04
4.02000E-05 1.39462E+09 3.66290E+04
4.03000E-05 1.38078E+09 3.62653E+04
4.04000E-05 1.36710E+09 3.59061E+04
4.05000E-05 1.35359E+09 3.55513E+04
4.06000E-05 1.34025E+09 3.52009E+04
4.07000E-05 1.32707E+09 3.48548E+04
4.08000E-05 1.31406E+09 3.45130E+04
4.09000E-05 1.30120E+09 3.41753E+04
4.10000E-05 1.28850E+09 3.38417E+04
4.11000E-05 1.27595E+09 3.35122E+04
4.12000E-05 1.26356E+09 3.31867E+04
4.13000E-05 1.25131E+09 3.28651E+04
4.14000E-05 1.23922E+09 3.25474E+04
4.15000E-05 1.22727E+09 3.22335E+04
4.16000E-05 1.21546E+09 3.19234E+04
4.17000E-05 1.20379E+09 3.16170E+04
4.18000E-05 1.19227E+09 3.13142E+04
4.19000E-05 1.18088E+09 3.10151E+04
4.20000E-05 1.16962E+09 3.07195E+04
4.21000E-05 1.15850E+09 3.04274E+04
4.22000E-05 1.14751E+09 3.01388E+04
4.23000E-05 1.13666E+09 2.98536E+04
4.24000E-05 1.12592E+09 2.95718E+04
4.25000E-05 1.11532E+09 2.92932E+04
4.26000E-05 1.10484E+09 2.90180E+04
4.27000E-05 1.09448E+09 2.87459E+04
4.28000E-05 1.08424E+09 2.84770E+04
4.29000E-05 1.07413E+09 2.82113E+04
4.30000E-05 1.06413E+09 2.79487E+04
4.31000E-05 1.05424E+09 2.76890E+04
4.32000E-05 1.04447E+09 2.74324E+04
4.33000E-05 1.03481E+09 2.71788E+04
4.34000E-05 1.02527E+09 2.69281E+04
4.35000E-05 1.01583E+09 2.66802E+04
4.36000E-05 1.00650E+09 2.64352E+04
4.37000E-05 9.97280E+08 2.61930E+04
4.38000E-05 9.88163E+08 2.59536E+04
4.39000E-05 9.79151E+08 2.57168E+04
4.40000E-05 9.70240E+08 2.54828E+04
4.41000E-05 9.61430E+08 2.52514E+04
4.42000E-05 9.52720E+08 2.50227E+04
4.43000E-05 9.44109E+08 2.47965E+04
4.44000E-05 9.35594E+08 2.45728E+04
4.45000E-05 9.27175E+08 2.43517E+04
4.46000E-05 9.18850E+08 2.41331E+04
4.47000E-05 9.10618E+08 2.39169E+04
4.48000E-05 9.02478E+08 2.37031E+04
4.49000E-05 8.94428E+08 2.34917E+04
4.50000E-05 8.86468E+08 2.32826E+04
4.51000E-05 8.78596E+08 2.30758E+04
4.52000E-05 8.70811E+08 2.28714E+04
4.53000E-05 8.63112E+08 2.26692E+04
4.54000E-05 8.55498E+08 2.24692E+04
4.55000E-05 8.47968E+08 2.22714E+04
4.56000E-05 8.40519E+08 2.20758E+04
4.57000E-05 8.33153E+08 2.18823E+04
4.58000E-05 8.25867E+08 2.16909E+04
4.59000E-05 8.18660E+08 2.15016E+04
4.60000E-05 8.11531E+08 2.13144E+04
4.61000E-05 8.04480E+08 2.11292E+04
4.62000E-05 7.97505E+08 2.09460E+04
4.63000E-05 7.90605E+08 2.07648E+04
4.64000E-05 7.83779E+08 2.05855E+04
4.65000E-05 7.77027E+08 2.04082E+04
4.66000E-05 7.70347E+08 2.02327E+04
4.67000E-05 7.63739E+08 2.00592E+04
4.68000E-05 7.57202E+08 1.98875E+04
4.69000E-05 7.50734E+08 1.97176E+04
4.70000E-05 7.44334E+08 1.95495E+04
4.71000E-05 7.38003E+08 1.93832E+04
4.72000E-05 7.31739E+08 1.92187E+04
4.73000E-05 7.25541E+08 1.90559E+04
4.74000E-05 7.19408E+08 1.88949E+04
4.75000E-05 7.13340E+08 1.87355E+04
4.76000E-05 7.07336E+08 1.85778E+04
4.77000E-05 7.01394E+08 1.84217E+04
4.78000E-05 6.95515E+08 1.82673E+04
4.79000E-05 6.89697E+08 1.81145E+04
4.80000E-05 6.83939E+08 1.79633E+04
4.81000E-05 6.78242E+08 1.78136E+04
4.82000E-05 6.72603E+08 1.76656E+04
4.83000E-05 6.67023E+08 1.75190E+04
4.84000E-05 6.61501E+08 1.73739E+04
4.85000E-05 6.56035E+08 1.72304E+04
4.86000E-05 6.50626E+08 1.70883E+04
4.87000E-05 6.45272E+08 1.69477E+04
4.88000E-05 6.39973E+08 1.68085E+04
4.89000E-05 6.34728E+08 1.66708E+04
4.90000E-05 6.29537E+08 1.65344E+04
4.91000E-05 6.24399E+08 1.63995E+04
4.92000E-05 6.19312E+08 1.62659E+04
4.93000E-05 6.14278E+08 1.61337E+04
4.94000E-05 6.09294E+08 1.60028E+04
4.95000E-05 6.04361E+08 1.58732E+04
4.96000E-05 5.99477E+08 1.57449E+04
4.97000E-05 5.94643E+08 1.56180E+04
4.98000E-05 5.89857E+08 1.54923E+04
4.99000E-05 5.85119E+08 1.53678E+04
5.00000E-05 5.80428E+08 1.52446E+04
5.01000E-05 5.75784E+08 1.51227E+04
5.02000E-05 5.71187E+08 1.50019E+04
5.03000E-05 5.66635E+08 1.48824E+04
5.04000E-05 5.62128E+08 1.47640E+04
5.05000E-05 5.57666E+08 1.46468E+04
5.06000E-05 5.53248E+08 1.45308E+04
5.07000E-05 5.48874E+08 1.44159E+04
5.08000E-05 5.44543E+08 1.43021E+04
5.09000E-05 5.40254E+08 1.41895E+04
5.10000E-05 5.36007E+08 1.40779E+04
5.11000E-05 5.31802E+08 1.39675E+04
5.12000E-05 5.27638E+08 1.38581E+04
5.13000E-05 5.23515E+08 1.37498E+04
5.14000E-05 5.19431E+08 1.36426E+04
5.15000E-05 5.15388E+08 1.35364E+04
5.16000E-05 5.11383E+08 1.34312E+04
5.17000E-05 5.07417E+08 1.33270E+04
5.18000E-05 5.03490E+08 1.32239E+04
5.19000E-05 4.99600E+08 1.31217E+04
5.20000E-05 4.95748E+08 1.30205E+04
5.21000E-05 4.91933E+08 1.29203E+04
5.22000E-05 4.88154E+08 1.28211E+04
5.23000E-05 4.84411E+08 1.27228E+04
5.24000E-05 4.80704E+08 1.26254E+04
5.25000E-05 4.77033E+08 1.25290E+04
5.26000E-05 4.73396E+08 1.24335E+04
5.27000E-05 4.69794E+08 1.23389E+04
5.28000E-05 4.66226E+08 1.22452E+04
5.29000E-05 4.62692E+08 1.21523E+04
5.30000E-05 4.59191E+08 1.20604E+04
5.31000E-05 4.55723E+08 1.19693E+04
5.32000E-05 4.52288E+08 1.18791E+04
5.33000E-05 4.48885E+08 1.17897E+04
5.34000E-05 4.45514E+08 1.17012E+04
5.35000E-05 4.42174E+08 1.16135E+04
5.36000E-05 4.38865E+08 1.15266E+04
5.37000E-05 4.35588E+08 1.14405E+04
5.38000E-05 4.32341E+08 1.13552E+04
5.39000E-05 4.29123E+08 1.12707E+04
5.40000E-05 4.25936E+08 1.11870E+04
5.41000E-05 4.22778E+08 1.11040E+04
5.42000E-05 4.19650E+08 1.10219E+04
5.43000E-05 4.16550E+08 1.09404E+04
5.44000E-05 4.13479E+08 1.08598E+04
5.45000E-05 4.10435E+08 1.07799E+04
5.46000E-05 4.07420E+08 1.07007E+04
5.47000E-05 4.04432E+08 1.06222E+04
5.48000E-05 4.01472E+08 1.05444E+04
5.49000E-05 3.98539E+08 1.04674E+04
5.50000E-05 3.95632E+08 1.03911E+04
5.51000E-05 3.92752E+08 1.03154E+04
5.52000E-05 3.89897E+08 1.02404E+04
5.53000E-05 3.87069E+08 1.01661E+04
5.54000E-05 3.84266E+08 1.00925E+04
5.55000E-05 3.81488E+08 1.00196E+04
5.56000E-05 3.78736E+08 9.94729E+03
5.57000E-05 3.76008E+08 9.87564E+03
5.58000E-05 3.73305E+08 9.80464E+03
5.59000E-05 3.70625E+08 9.73427E+03
5.60000E-05 3.67970E+08 9.66453E+03
5.61000E-05 3.65338E+08 9.59541E+03
5.62000E-05 3.62730E+08 9.52691E+03
5.63000E-05 3.60145E+08 9.45902E+03
5.64000E-05 3.57583E+08 9.39172E+03
5.65000E-05 3.55044E+08 9.32503E+03
5.66000E-05 3.52527E+08 9.25892E+03
5.67000E-05 3.50032E+08 9.19340E+03
5.68000E-05 3.47560E+08 9.12846E+03
5.69000E-05 3.45109E+08 9.06408E+03
5.70000E-05 3.42679E+08 9.00027E+03
5.71000E-05 3.40271E+08 8.93703E+03
5.72000E-05 3.37884E+08 8.87433E+03
5.73000E-05 3.35518E+08 8.81218E+03
5.74000E-05 3.33172E+08 8.75057E+03
5.75000E-05 3.30847E+08 8.68950E+03
5.76000E-05 3.28542E+08 8.62896E+03
5.77000E-05 3.26257E+08 8.56895E+03
5.78000E-05 3.23991E+08 8.50945E+03
5.79000E-05 3.21746E+08 8.45047E+03
5.80000E-05 3.19520E+08 8.39200E+03
5.81000E-05 3.17312E+08 8.33403E+03
5.82000E-05 3.15124E+08 8.27656E+03
5.83000E-05 3.12955E+08 8.21959E+03
5.84000E-05 3.10804E+08 8.16310E+03
5.85000E-05 3.08672E+08 8.10709E+03
5.86000E-05 3.06558E+08 8.05157E+03
5.87000E-05 3.04462E+08 7.99651E+03
5.88000E-05 3.02383E+08 7.94193E+03
5.89000E-05 3.00323E+08 7.88781E+03
5.90000E-05 2.98280E+08 7.83415E+03
5.91000E-05 2.96254E+08 7.78094E+03
5.92000E-05 2.94245E+08 7.72818E+03
5.93000E-05 2.92253E+08 7.67587E+03
5.94000E-05 2.90278E+08 7.62400E+03
5.95000E-05 2.88320E+08 7.57257E+03
5.96000E-05 2.86378E+08 7.52156E+03
5.97000E-05 2.84453E+08 7.47099E+03
5.98000E-05 2.82543E+08 7.42084E+03
5.99000E-05 2.80650E+08 7.37110E+03
6.00000E-05 2.78772E+08 7.32179E+03
6.01000E-05 2.76910E+08 7.27288E+03
6.02000E-05 2.75063E+08 7.22438E+03
6.03000E-05 2.73232E+08 7.17628E+03
6.04000E-05 2.71416E+08 7.12858E+03
6.05000E-05 2.69615E+08 7.08128E+03
6.06000E-05 2.67828E+08 7.03436E+03
6.07000E-05 2.66057E+08 6.98784E+03
6.08000E-05 2.64300E+08 6.94169E+03
6.09000E-05 2.62558E+08 6.89593E+03
6.10000E-05 2.60829E+08 6.85054E+03
6.11000E-05 2.59115E+08 6.80552E+03
6.12000E-05 2.57416E+08 6.76087E+03
6.13000E-05 2.55729E+08 6.71659E+03
6.14000E-05 2.54057E+08 6.67267E+03
6.15000E-05 2.52398E+08 6.62910E+03
6.16000E-05 2.50753E+08 6.58589E+03
6.17000E-05 2.49121E+08 6.54303E+03
6.18000E-05 2.47503E+08 6.50052E+03
6.19000E-05 2.45897E+08 6.45835E+03
6.20000E-05 2.44304E+08 6.41652E+03
6.21000E-05 2.42725E+08 6.37503E+03
6.22000E-05 2.41158E+08 6.33387E+03
6.23000E-05 2.39603E+08 6.29304E+03
6.24000E-05 2.38061E+08 6.25254E+03
6.25000E-05 2.36531E+08 6.21237E+03
6.26000E-05 2.35014E+08 6.17251E+03
6.27000E-05 2.33509E+08 6.13298E+03
6.28000E-05 2.32016E+08 6.09376E+03
6.29000E-05 2.30534E+08 6.05485E+03
6.30000E-05 2.29065E+08 6.01625E+03
6.31000E-05 2.27607E+08 5.97796E+03
6.32000E-05 2.26160E+08 5.93997E+03
6.33000E-05 2.24725E+08 5.90228E+03
6.34000E-05 2.23302E+08 5.86489E+03
6.35000E-05 2.21889E+08 5.82779E+03
6.36000E-05 2.20488E+08 5.79099E+03
6.37000E-05 2.19098E+08 5.75448E+03
6.38000E-05 2.17718E+08 5.71825E+03
6.39000E-05 2.16350E+08 5.68230E+03
6.40000E-05 2.14992E+08 5.64664E+03
6.41000E-05 2.13645E+08 5.61126E+03
6.42000E-05 2.12308E+08 5.57615E+03
6.43000E-05 2.10982E+08 5.54131E+03
6.44000E-05 2.09666E+08 5.50675E+03
6.45000E-05 2.08360E+08 5.47245E+03
6.46000E-05 2.07064E+08 5.43842E+03
6.47000E-05 2.05779E+08 5.40466E+03
6.48000E-05 2.04503E+08 5.37115E+03
6.49000E-05 2.03237E+08 5.33791E+03
6.50000E-05 2.01981E+08 5.30492E+03
6.51000E-05 2.00734E+08 5.27218E+03
6.52000E-05 1.99498E+08 5.23969E+03
6.53000E-05 1.98270E+08 5.20746E+03
6.54000E-05 1.97052E+08 5.17547E+03
6.55000E-05 1.95844E+08 5.14372E+03
6.56000E-05 1.94644E+08 5.11222E+03
6.57000E-05 1.93454E+08 5.08096E+03
6.58000E-05 1.92273E+08 5.04993E+03
6.59000E-05 1.91100E+08 5.01915E+03
6.60000E-05 1.89937E+08 4.98859E+03
6.61000E-05 1.88783E+08 4.95827E+03
6.62000E-05 1.87637E+08 4.92817E+03
6.63000E-05 1.86500E+08 4.89831E+03
6.64000E-05 1.85371E+08 4.86867E+03
6.65000E-05 1.84251E+08 4.83925E+03
6.66000E-05 1.83139E+08 4.81005E+03
6.67000E-05 1.82036E+08 4.78107E+03
6.68000E-05 1.80941E+08 4.75231E+03
6.69000E-05 1.79854E+08 4.72377E+03
6.70000E-05 1.78776E+08 4.69544E+03
6.71000E-05 1.77705E+08 4.66732E+03
6.72000E-05 1.76642E+08 4.63941E+03
6.73000E-05 1.75587E+08 4.61171E+03
6.74000E-05 1.74541E+08 4.58421E+03
6.75000E-05 1.73501E+08 4.55692E+03
6.76000E-05 1.72470E+08 4.52983E+03
6.77000E-05 1.71446E+08 4.50294E+03
6.78000E-05 1.70430E+08 4.47625E+03
6.79000E-05 1.69421E+08 4.44975E+03
6.80000E-05 1.68420E+08 4.42345E+03
6.81000E-05 1.67426E+08 4.39735E+03
6.82000E-05 1.66439E+08 4.37143E+03
6.83000E-05 1.65460E+08 4.34571E+03
6.84000E-05 1.64488E+08 4.32017E+03
6.85000E-05 1.63522E+08 4.29483E+03
6.86000E-05 1.62564E+08 4.26966E+03
6.87000E-05 1.61613E+08 4.24468E+03
6.88000E-05 1.60669E+08 4.21988E+03
6.89000E-05 1.59732E+08 4.19527E+03
6.90000E-05 1.58801E+08 4.17083E+03
6.91000E-05 1.57878E+08 4.14657E+03
6.92000E-05 1.56960E+08 4.12248E+03
6.93000E-05 1.56050E+08 4.09857E+03
6.94000E-05 1.55146E+08 4.07483E+03
6.95000E-05 1.54249E+08 4.05126E+03
6.96000E-05 1.53358E+08 4.02786E+03
6.97000E-05 1.52473E+08 4.00463E+03
6.98000E-05 1.51595E+08 3.98157E+03
6.99000E-05 1.50724E+08 3.95867E+03
7.00000E-05 1.49858E+08 3.93593E+03
7.01000E-05 1.48999E+08 3.91336E+03
7.02000E-05 1.48145E+08 3.89095E+03
7.03000E-05 1.47298E+08 3.86870E+03
7.04000E-05 1.46457E+08 3.84661E+03
7.05000E-05 1.45622E+08 3.82467E+03
7.06000E-05 1.44792E+08 3.80289E+03
7.07000E-05 1.43969E+08 3.78127E+03
7.08000E-05 1.43152E+08 3.75979E+03
7.09000E-05 1.42340E+08 3.73847E+03
7.10000E-05 1.41534E+08 3.71730E+03
7.11000E-05 1.40733E+08 3.69628E+03
7.12000E-05 1.39939E+08 3.67541E+03
7.13000E-05 1.39149E+08 3.65468E+03
7.14000E-05 1.38366E+08 3.63410E+03
7.15000E-05 1.37588E+08 3.61367E+03
7.16000E-05 1.36815E+08 3.59337E+03
7.17000E-05 1.36048E+08 3.57322E+03
7.18000E-05 1.35286E+08 3.55321E+03
7.19000E-05 1.34529E+08 3.53334E+03
7.20000E-05 1.33778E+08 3.51360E+03
7.21000E-05 1.33032E+08 3.49401E+03
7.22000E-05 1.32291E+08 3.47455E+03
7.23000E-05 1.31555E+08 3.45522E+03
7.24000E-05 1.30824E+08 3.43603E+03
7.25000E-05 1.30099E+08 3.41697E+03
7.26000E-05 1.29378E+08 3.39804E+03
7.27000E-05 1.28662E+08 3.37925E+03
7.28000E-05 1.27952E+08 3.36058E+03
7.29000E-05 1.27246E+08 3.34204E+03
7.30000E-05 1.26545E+08 3.32363E+03
7.31000E-05 1.25849E+08 3.30534E+03
7.32000E-05 1.25157E+08 3.28718E+03
7.33000E-05 1.24470E+08 3.26915E+03
7.34000E-05 1.23788E+08 3.25123E+03
7.35000E-05 1.23111E+08 3.23344E+03
7.36000E-05 1.22438E+08 3.21577E+03
7.37000E-05 1.21770E+08 3.19822E+03
7.38000E-05 1.21106E+08 3.18079E+03
7.39000E-05 1.20447E+08 3.16348E+03
7.40000E-05 1.19793E+08 3.14629E+03
7.41000E-05 1.19142E+08 3.12921E+03
7.42000E-05 1.18497E+08 3.11225E+03
7.43000E-05 1.17855E+08 3.09540E+03
7.44000E-05 1.17218E+08 3.07866E+03
7.45000E-05 1.16585E+08 3.06204E+03
7.46000E-05 1.15956E+08 3.04553E+03
7.47000E-05 1.15332E+08 3.02913E+03
7.48000E-05 1.14712E+08 3.01284E+03
7.49000E-05 1.14096E+08 2.99666E+03
7.50000E-05 1.13484E+08 2.98058E+03
7.51000E-05 1.12876E+08 2.96462E+03
7.52000E-05 1.12272E+08 2.94876E+03
7.53000E-05 1.11672E+08 2.93300E+03
7.54000E-05 1.11076E+08 2.91736E+03
7.55000E-05 1.10484E+08 2.90181E+03
7.56000E-05 1.09896E+08 2.88637E+03
7.57000E-05 1.09312E+08 2.87103E+03
7.58000E-05 1.08732E+08 2.85579E+03
7.59000E-05 1.08156E+08 2.84065E+03
7.60000E-05 1.07583E+08 2.82561E+03
7.61000E-05 1.07014E+08 2.81068E+03
7.62000E-05 1.06449E+08 2.79584E+03
7.63000E-05 1.05888E+08 2.78109E+03
7.64000E-05 1.05330E+08 2.76645E+03
7.65000E-05 1.04777E+08 2.75190E+03
7.66000E-05 1.04226E+08 2.73744E+03
7.67000E-05 1.03679E+08 2.72308E+03
7.68000E-05 1.03136E+08 2.70881E+03
7.69000E-05 1.02597E+08 2.69464E+03
7.70000E-05 1.02060E+08 2.68056E+03
7.71000E-05 1.01528E+08 2.66657E+03
7.72000E-05 1.00999E+08 2.65267E+03
7.73000E-05 1.00473E+08 2.63886E+03
7.74000E-05 9.99504E+07 2.62514E+03
7.75000E-05 9.94314E+07 2.61151E+03
7.76000E-05 9.89158E+07 2.59797E+03
7.77000E-05 9.84035E+07 2.58451E+03
7.78000E-05 9.78945E+07 2.57115E+03
7.79000E-05 9.73888E+07 2.55786E+03
7.80000E-05 9.68863E+07 2.54467E+03
7.81000E-05 9.63871E+07 2.53155E+03
7.82000E-05 9.58911E+07 2.51853E+03
7.83000E-05 9.53982E+07 2.50558E+03
7.84000E-05 9.49085E+07 2.49272E+03
7.85000E-05 9.44219E+07 2.47994E+03
7.86000E-05 9.39384E+07 2.46724E+03
7.87000E-05 9.34580E+07 2.45462E+03
7.88000E-05 9.29807E+07 2.44209E+03
7.89000E-05 9.25064E+07 2.42963E+03
7.90000E-05 9.20351E+07 2.41725E+03
7.91000E-05 9.15668E+07 2.40495E+03
7.92000E-05 9.11014E+07 2.39273E+03
7.93000E-05 9.06390E+07 2.38058E+03
7.94000E-05 9.01796E+07 2.36852E+03
7.95000E-05 8.97230E+07 2.35652E+03
7.96000E-05 8.92693E+07 2.34461E+03
7.97000E-05 8.88184E+07 2.33277E+03
7.98000E-05 8.83704E+07 2.32100E+03
7.99000E-05 8.79252E+07 2.30931E+03
8.00000E-05 8.74828E+07 2.29769E+03
8.01000E-05 8.70431E+07 2.28614E+03
8.02000E-05 8.66062E+07 2.27466E+03
8.03000E-05 8.61721E+07 2.26326E+03
8.04000E-05 8.57406E+07 2.25193E+03
8.05000E-05 8.53118E+07 2.24067E+03
8.06000E-05 8.48857E+07 2.22948E+03
8.07000E-05 8.44623E+07 2.21835E+03
8.08000E-05 8.40415E+07 2.20730E+03
8.09000E-05 8.36233E+07 2.19632E+03
8.10000E-05 8.32076E+07 2.18540E+03
8.11000E-05 8.27946E+07 2.17455E+03
8.12000E-05 8.23841E+07 2.16377E+03
8.13000E-05 8.19761E+07 2.15306E+03
8.14000E-05 8.15706E+07 2.14241E+03
8.15000E-05 8.11677E+07 2.13182E+03
8.16000E-05 8.07672E+07 2.12130E+03
8.17000E-05 8.03692E+07 2.11085E+03
8.18000E-05 7.99736E+07 2.10046E+03
8.19000E-05 7.95804E+07 2.09013E+03
8.20000E-05 7.91896E+07 2.07987E+03
8.21000E-05 7.88013E+07 2.06967E+03
8.22000E-05 7.84153E+07 2.05953E+03
8.23000E-05 7.80316E+07 2.04946E+03
8.24000E-05 7.76503E+07 2.03944E+03
8.25000E-05 7.72713E+07 2.02949E+03
8.26000E-05 7.68946E+07 2.01959E+03
8.27000E-05 7.65202E+07 2.00976E+03
8.28000E-05 7.61481E+07 1.99999E+03
8.29000E-05 7.57782E+07 1.99027E+03
8.30000E-05 7.54105E+07 1.98062E+03
8.31000E-05 7.50451E+07 1.97102E+03
8.32000E-05 7.46819E+07 1.96148E+03
8.33000E-05 7.43208E+07 1.95199E+03
8.34000E-05 7.39619E+07 1.94257E+03
8.35000E-05 7.36052E+07 1.93320E+03
8.36000E-05 7.32506E+07 1.92389E+03
8.37000E-05 7.28982E+07 1.91463E+03
8.38000E-05 7.25479E+07 1.90543E+03
8.39000E-05 7.21996E+07 1.89628E+03
8.40000E-05 7.18534E+07 1.88719E+03
8.41000E-05 7.15093E+07 1.87815E+03
8.42000E-05 7.11673E+07 1.86917E+03
8.43000E-05 7.08273E+07 1.86024E+03
8.44000E-05 7.04893E+07 1.85136E+03
8.45000E-05 7.01533E+07 1.84254E+03
8.46000E-05 6.98193E+07 1.83376E+03
8.47000E-05 6.94873E+07 1.82504E+03
8.48000E-05 6.91572E+07 1.81638E+03
8.49000E-05 6.88291E+07 1.80776E+03
8.50000E-05 6.85030E+07 1.79919E+03
8.51000E-05 6.81787E+07 1.79068E+03
8.52000E-05 6.78564E+07 1.78221E+03
8.53000E-05 6.75360E+07 1.77379E+03
8.54000E-05 6.72174E+07 1.76543E+03
8.55000E-05 6.69007E+07 1.75711E+03
8.56000E-05 6.65859E+07 1.74884E+03
8.57000E-05 6.62729E+07 1.74062E+03
8.58000E-05 6.59618E+07 1.73245E+03
8.59000E-05 6.56524E+07 1.72432E+03
8.60000E-05 6.53449E+07 1.71625E+03
8.61000E-05 6.50391E+07 1.70822E+03
8.62000E-05 6.47352E+07 1.70023E+03
8.63000E-05 6.44330E+07 1.69230E+03
8.64000E-05 6.41326E+07 1.68441E+03
8.65000E-05 6.38339E+07 1.67656E+03
8.66000E-05 6.35369E+07 1.66876E+03
8.67000E-05 6.32416E+07 1.66101E+03
8.68000E-05 6.29481E+07 1.65330E+03
8.69000E-05 6.26563E+07 1.64563E+03
8.70000E-05 6.23661E+07 1.63801E+03
8.71000E-05 6.20776E+07 1.63043E+03
8.72000E-05 6.17908E+07 1.62290E+03
8.73000E-05 6.15056E+07 1.61541E+03
8.74000E-05 6.12221E+07 1.60796E+03
8.75000E-05 6.09401E+07 1.60056E+03
8.76000E-05 6.06598E+07 1.59320E+03
8.77000E-05 6.03811E+07 1.58588E+03
8.78000E-05 6.01040E+07 1.57860E+03
8.79000E-05 5.98285E+07 1.57136E+03
8.80000E-05 5.95546E+07 1.56417E+03
8.81000E-05 5.92822E+07 1.55701E+03
8.82000E-05 5.90113E+07 1.54990E+03
8.83000E-05 5.87420E+07 1.54283E+03
8.84000E-05 5.84743E+07 1.53579E+03
8.85000E-05 5.82080E+07 1.52880E+03
8.86000E-05 5.79433E+07 1.52185E+03
8.87000E-05 5.76800E+07 1.51493E+03
8.88000E-05 5.74182E+07 1.50806E+03
8.89000E-05 5.71580E+07 1.50122E+03
8.90000E-05 5.68992E+07 1.49442E+03
8.91000E-05 5.66418E+07 1.48767E+03
8.92000E-05 5.63859E+07 1.48094E+03
8.93000E-05 5.61314E+07 1.47426E+03
8.94000E-05 5.58784E+07 1.46761E+03
8.95000E-05 5.56267E+07 1.46101E+03
8.96000E-05 5.53765E+07 1.45443E+03
8.97000E-05 5.51277E+07 1.44790E+03
8.98000E-05 5.48803E+07 1.44140E+03
8.99000E-05 5.46343E+07 1.43494E+03
9.00000E-05 5.43896E+07 1.42851E+03
9.01000E-05 5.41463E+07 1.42212E+03
9.02000E-05 5.39043E+07 1.41577E+03
9.03000E-05 5.36637E+07 1.40945E+03
9.04000E-05 5.34244E+07 1.40316E+03
9.05000E-05 5.31865E+07 1.39691E+03
9.06000E-05 5.29499E+07 1.39070E+03
9.07000E-05 5.27146E+07 1.38452E+03
9.08000E-05 5.24805E+07 1.37837E+03
9.09000E-05 5.22478E+07 1.37226E+03
9.10000E-05 5.20164E+07 1.36618E+03
9.11000E-05 5.17862E+07 1.36014E+03
9.12000E-05 5.15573E+07 1.35412E+03
9.13000E-05 5.13297E+07 1.34815E+03
9.14000E-05 5.11033E+07 1.34220E+03
9.15000E-05 5.08781E+07 1.33629E+03
9.16000E-05 5.06542E+07 1.33041E+03
9.17000E-05 5.04315E+07 1.32456E+03
9.18000E-05 5.02101E+07 1.31874E+03
9.19000E-05 4.99898E+07 1.31295E+03
9.20000E-05 4.97708E+07 1.30720E+03
9.21000E-05 4.95529E+07 1.30148E+03
9.22000E-05 4.93362E+07 1.29579E+03
9.23000E-05 4.91207E+07 1.29013E+03
9.24000E-05 4.89064E+07 1.28450E+03
9.25000E-05 4.86932E+07 1.27890E+03
9.26000E-05 4.84812E+07 1.27333E+03
9.27000E-05 4.82704E+07 1.26779E+03
9.28000E-05 4.80606E+07 1.26229E+03
9.29000E-05 4.78520E+07 1.25681E+03
9.30000E-05 4.76446E+07 1.25136E+03
9.31000E-05 4.74382E+07 1.24594E+03
9.32000E-05 4.72330E+07 1.24055E+03
9.33000E-05 4.70289E+07 1.23519E+03
9.34000E-05 4.68259E+07 1.22985E+03
9.35000E-05 4.66239E+07 1.22455E+03
9.36000E-05 4.64231E+07 1.21928E+03
9.37000E-05 4.62233E+07 1.21403E+03
9.38000E-05 4.60246E+07 1.20881E+03
9.39000E-05 4.58269E+07 1.20362E+03
9.40000E-05 4.56303E+07 1.19846E+03
9.41000E-05 4.54348E+07 1.19332E+03
9.42000E-05 4.52403E+07 1.18821E+03
9.43000E-05 4.50468E+07 1.18313E+03
9.44000E-05 4.48544E+07 1.17808E+03
9.45000E-05 4.46630E+07 1.17305E+03
9.46000E-05 4.44726E+07 1.16805E+03
9.47000E-05 4.42832E+07 1.16307E+03
9.48000E-05 4.40948E+07 1.15813E+03
9.49000E-05 4.39074E+07 1.15320E+03
9.50000E-05 4.37210E+07 1.14831E+03
9.51000E-05 4.35356E+07 1.14344E+03
9.52000E-05 4.33512E+07 1.13859E+03
9.53000E-05 4.31677E+07 1.13378E+03
9.54000E-05 4.29852E+07 1.12898E+03
9.55000E-05 4.28037E+07 1.12421E+03
9.56000E-05 4.26231E+07 1.11947E+03
9.57000E-05 4.24434E+07 1.11475E+03
9.58000E-05 4.22647E+07 1.11006E+03
9.59000E-05 4.20870E+07 1.10539E+03
9.60000E-05 4.19102E+07 1.10075E+03
9.61000E-05 4.17342E+07 1.09613E+03
9.62000E-05 4.15593E+07 1.09153E+03
9.63000E-05 4.13852E+07 1.08696E+03
9.64000E-05 4.12120E+07 1.08241E+03
9.65000E-05 4.10397E+07 1.07789E+03
9.66000E-05 4.08684E+07 1.07339E+03
9.67000E-05 4.06979E+07 1.06891E+03
9.68000E-05 4.05283E+07 1.06445E+03
9.69000E-05 4.03596E+07 1.06002E+03
9.70000E-05 4.01917E+07 1.05561E+03
9.71000E-05 4.00248E+07 1.05123E+03
9.72000E-05 3.98586E+07 1.04686E+03
9.73000E-05 3.96934E+07 1.04252E+03
9.74000E-05 3.95290E+07 1.03821E+03
9.75000E-05 3.93654E+07 1.03391E+03
9.76000E-05 3.92027E+07 1.02964E+03
9.77000E-05 3.90408E+07 1.02539E+03
9.78000E-05 3.88798E+07 1.02116E+03
9.79000E-05 3.87196E+07 1.01695E+03
9.80000E-05 3.85602E+07 1.01276E+03
9.81000E-05 3.84016E+07 1.00860E+03
9.82000E-05 3.82438E+07 1.00445E+03
9.83000E-05 3.80868E+07 1.00033E+03
9.84000E-05 3.79307E+07 9.96228E+02
9.85000E-05 3.77753E+07 9.92147E+02
9.86000E-05 3.76207E+07 9.88087E+02
9.87000E-05 3.74669E+07 9.84048E+02
9.88000E-05 3.73139E+07 9.80029E+02
9.89000E-05 3.71617E+07 9.76031E+02
9.90000E-05 3.70102E+07 9.72053E+02
9.91000E-05 3.68595E+07 9.68095E+02
9.92000E-05 3.67096E+07 9.64157E+02
9.93000E-05 3.65604E+07 9.60239E+02
9.94000E-05 3.64120E+07 9.56341E+02
9.95000E-05 3.62643E+07 9.52462E+02
9.96000E-05 3.61174E+07 9.48603E+02
9.97000E-05 3.59712E+07 9.44764E+02
9.98000E-05 3.58258E+07 9.40944E+02
9.99000E-05 3.56811E+07 9.37143E+02
1.00000E-04 3.55371E+07 9.33361E+02
