#  FeatureSize(cm)    Fluence(mum2)   Dose(Gy)
1.00000E-07 8.98767E+19 2.36056E+15
2.00000E-07 5.61730E+18 1.47535E+14
3.00000E-07 1.10959E+18 2.91427E+13
4.00000E-07 3.51081E+17 9.22095E+12
5.00000E-07 1.43803E+17 3.77690E+12
6.00000E-07 6.93493E+16 1.82142E+12
7.00000E-07 3.74330E+16 9.83158E+11
8.00000E-07 2.19426E+16 5.76309E+11
9.00000E-07 1.36986E+16 3.59787E+11
1.00000E-06 8.98767E+15 2.36056E+11
1.10000E-06 6.13870E+15 1.61230E+11
1.20000E-06 4.33433E+15 1.13839E+11
1.30000E-06 3.14683E+15 8.26498E+10
1.40000E-06 2.33957E+15 6.14474E+10
1.50000E-06 1.77534E+15 4.66284E+10
1.60000E-06 1.37141E+15 3.60193E+10
1.70000E-06 1.07610E+15 2.82631E+10
1.80000E-06 8.56165E+14 2.24867E+10
1.90000E-06 6.89657E+14 1.81134E+10
2.00000E-06 5.61730E+14 1.47535E+10
2.10000E-06 4.62136E+14 1.21378E+10
2.20000E-06 3.83669E+14 1.00768E+10
2.30000E-06 3.21171E+14 8.43537E+09
2.40000E-06 2.70896E+14 7.11493E+09
2.50000E-06 2.30084E+14 6.04304E+09
2.60000E-06 1.96677E+14 5.16562E+09
2.70000E-06 1.69119E+14 4.44181E+09
2.80000E-06 1.46223E+14 3.84046E+09
2.90000E-06 1.27074E+14 3.33752E+09
3.00000E-06 1.10959E+14 2.91427E+09
3.10000E-06 9.73197E+13 2.55605E+09
3.20000E-06 8.57131E+13 2.25121E+09
3.30000E-06 7.57864E+13 1.99049E+09
3.40000E-06 6.72561E+13 1.76644E+09
3.50000E-06 5.98929E+13 1.57305E+09
3.60000E-06 5.35103E+13 1.40542E+09
3.70000E-06 4.79557E+13 1.25953E+09
3.80000E-06 4.31035E+13 1.13209E+09
3.90000E-06 3.88498E+13 1.02037E+09
4.00000E-06 3.51081E+13 9.22095E+08
4.10000E-06 3.18062E+13 8.35372E+08
4.20000E-06 2.88835E+13 7.58610E+08
4.30000E-06 2.62890E+13 6.90465E+08
4.40000E-06 2.39793E+13 6.29803E+08
4.50000E-06 2.19178E+13 5.75659E+08
4.60000E-06 2.00732E+13 5.27211E+08
4.70000E-06 1.84186E+13 4.83753E+08
4.80000E-06 1.69310E+13 4.44683E+08
4.90000E-06 1.55906E+13 4.09479E+08
5.00000E-06 1.43803E+13 3.77690E+08
5.10000E-06 1.32852E+13 3.48927E+08
5.20000E-06 1.22923E+13 3.22851E+08
5.30000E-06 1.13905E+13 2.99166E+08
5.40000E-06 1.05699E+13 2.77613E+08
5.50000E-06 9.82192E+12 2.57967E+08
5.60000E-06 9.13893E+12 2.40029E+08
5.70000E-06 8.51428E+12 2.23623E+08
5.80000E-06 7.94210E+12 2.08595E+08
5.90000E-06 7.41719E+12 1.94808E+08
6.00000E-06 6.93493E+12 1.82142E+08
6.10000E-06 6.49124E+12 1.70489E+08
6.20000E-06 6.08248E+12 1.59753E+08
6.30000E-06 5.70539E+12 1.49849E+08
6.40000E-06 5.35707E+12 1.40700E+08
6.50000E-06 5.03494E+12 1.32240E+08
6.60000E-06 4.73665E+12 1.24406E+08
6.70000E-06 4.46014E+12 1.17143E+08
6.80000E-06 4.20351E+12 1.10403E+08
6.90000E-06 3.96507E+12 1.04140E+08
7.00000E-06 3.74330E+12 9.83158E+07
7.10000E-06 3.53683E+12 9.28928E+07
7.20000E-06 3.34439E+12 8.78386E+07
7.30000E-06 3.16487E+12 8.31235E+07
7.40000E-06 2.99723E+12 7.87206E+07
7.50000E-06 2.84055E+12 7.46054E+07
7.60000E-06 2.69397E+12 7.07556E+07
7.70000E-06 2.55673E+12 6.71510E+07
7.80000E-06 2.42811E+12 6.37730E+07
7.90000E-06 2.30749E+12 6.06048E+07
8.00000E-06 2.19426E+12 5.76309E+07
8.10000E-06 2.08789E+12 5.48372E+07
8.20000E-06 1.98789E+12 5.22108E+07
8.30000E-06 1.89380E+12 4.97397E+07
8.40000E-06 1.80522E+12 4.74131E+07
8.50000E-06 1.72176E+12 4.52210E+07
8.60000E-06 1.64306E+12 4.31541E+07
8.70000E-06 1.56881E+12 4.12039E+07
8.80000E-06 1.49871E+12 3.93627E+07
8.90000E-06 1.43248E+12 3.76232E+07
9.00000E-06 1.36986E+12 3.59787E+07
9.10000E-06 1.31063E+12 3.44231E+07
9.20000E-06 1.25457E+12 3.29507E+07
9.30000E-06 1.20148E+12 3.15561E+07
9.40000E-06 1.15116E+12 3.02346E+07
9.50000E-06 1.10345E+12 2.89815E+07
9.60000E-06 1.05819E+12 2.77927E+07
9.70000E-06 1.01522E+12 2.66642E+07
9.80000E-06 9.74413E+11 2.55924E+07
9.90000E-06 9.35635E+11 2.45739E+07
1.00000E-05 8.98767E+11 2.36056E+07
1.01000E-05 8.63698E+11 2.26845E+07
1.02000E-05 8.30322E+11 2.18079E+07
1.03000E-05 7.98543E+11 2.09733E+07
1.04000E-05 7.68270E+11 2.01782E+07
1.05000E-05 7.39418E+11 1.94204E+07
1.06000E-05 7.11908E+11 1.86979E+07
1.07000E-05 6.85665E+11 1.80086E+07
1.08000E-05 6.60621E+11 1.73508E+07
1.09000E-05 6.36709E+11 1.67228E+07
1.10000E-05 6.13870E+11 1.61230E+07
1.11000E-05 5.92046E+11 1.55498E+07
1.12000E-05 5.71183E+11 1.50018E+07
1.13000E-05 5.51231E+11 1.44778E+07
1.14000E-05 5.32142E+11 1.39764E+07
1.15000E-05 5.13873E+11 1.34966E+07
1.16000E-05 4.96381E+11 1.30372E+07
1.17000E-05 4.79627E+11 1.25971E+07
1.18000E-05 4.63574E+11 1.21755E+07
1.19000E-05 4.48187E+11 1.17714E+07
1.20000E-05 4.33433E+11 1.13839E+07
1.21000E-05 4.19282E+11 1.10122E+07
1.22000E-05 4.05703E+11 1.06556E+07
1.23000E-05 3.92669E+11 1.03132E+07
1.24000E-05 3.80155E+11 9.98456E+06
1.25000E-05 3.68135E+11 9.66886E+06
1.26000E-05 3.56587E+11 9.36555E+06
1.27000E-05 3.45488E+11 9.07404E+06
1.28000E-05 3.34817E+11 8.79378E+06
1.29000E-05 3.24555E+11 8.52426E+06
1.30000E-05 3.14683E+11 8.26498E+06
1.31000E-05 3.05184E+11 8.01549E+06
1.32000E-05 2.96041E+11 7.77535E+06
1.33000E-05 2.87237E+11 7.54413E+06
1.34000E-05 2.78759E+11 7.32144E+06
1.35000E-05 2.70590E+11 7.10690E+06
1.36000E-05 2.62719E+11 6.90017E+06
1.37000E-05 2.55132E+11 6.70090E+06
1.38000E-05 2.47817E+11 6.50877E+06
1.39000E-05 2.40762E+11 6.32348E+06
1.40000E-05 2.33957E+11 6.14474E+06
1.41000E-05 2.27390E+11 5.97226E+06
1.42000E-05 2.21052E+11 5.80580E+06
1.43000E-05 2.14933E+11 5.64510E+06
1.44000E-05 2.09025E+11 5.48991E+06
1.45000E-05 2.03318E+11 5.34003E+06
1.46000E-05 1.97804E+11 5.19522E+06
1.47000E-05 1.92477E+11 5.05529E+06
1.48000E-05 1.87327E+11 4.92004E+06
1.49000E-05 1.82349E+11 4.78928E+06
1.50000E-05 1.77534E+11 4.66284E+06
1.51000E-05 1.72878E+11 4.54054E+06
1.52000E-05 1.68373E+11 4.42223E+06
1.53000E-05 1.64014E+11 4.30774E+06
1.54000E-05 1.59795E+11 4.19694E+06
1.55000E-05 1.55711E+11 4.08967E+06
1.56000E-05 1.51757E+11 3.98581E+06
1.57000E-05 1.47927E+11 3.88523E+06
1.58000E-05 1.44218E+11 3.78780E+06
1.59000E-05 1.40624E+11 3.69341E+06
1.60000E-05 1.37141E+11 3.60193E+06
1.61000E-05 1.33765E+11 3.51327E+06
1.62000E-05 1.30493E+11 3.42733E+06
1.63000E-05 1.27320E+11 3.34399E+06
1.64000E-05 1.24243E+11 3.26317E+06
1.65000E-05 1.21258E+11 3.18478E+06
1.66000E-05 1.18363E+11 3.10873E+06
1.67000E-05 1.15553E+11 3.03494E+06
1.68000E-05 1.12826E+11 2.96332E+06
1.69000E-05 1.10179E+11 2.89380E+06
1.70000E-05 1.07610E+11 2.82631E+06
1.71000E-05 1.05115E+11 2.76078E+06
1.72000E-05 1.02691E+11 2.69713E+06
1.73000E-05 1.00337E+11 2.63531E+06
1.74000E-05 9.80506E+10 2.57524E+06
1.75000E-05 9.58286E+10 2.51688E+06
1.76000E-05 9.36692E+10 2.46017E+06
1.77000E-05 9.15702E+10 2.40504E+06
1.78000E-05 8.95297E+10 2.35145E+06
1.79000E-05 8.75458E+10 2.29934E+06
1.80000E-05 8.56165E+10 2.24867E+06
1.81000E-05 8.37400E+10 2.19938E+06
1.82000E-05 8.19147E+10 2.15144E+06
1.83000E-05 8.01388E+10 2.10480E+06
1.84000E-05 7.84108E+10 2.05942E+06
1.85000E-05 7.67292E+10 2.01525E+06
1.86000E-05 7.50923E+10 1.97226E+06
1.87000E-05 7.34989E+10 1.93041E+06
1.88000E-05 7.19475E+10 1.88966E+06
1.89000E-05 7.04369E+10 1.84999E+06
1.90000E-05 6.89657E+10 1.81134E+06
1.91000E-05 6.75327E+10 1.77371E+06
1.92000E-05 6.61367E+10 1.73704E+06
1.93000E-05 6.47766E+10 1.70132E+06
1.94000E-05 6.34513E+10 1.66651E+06
1.95000E-05 6.21597E+10 1.63259E+06
1.96000E-05 6.09008E+10 1.59953E+06
1.97000E-05 5.96736E+10 1.56729E+06
1.98000E-05 5.84772E+10 1.53587E+06
1.99000E-05 5.73106E+10 1.50523E+06
2.00000E-05 5.61730E+10 1.47535E+06
2.01000E-05 5.50634E+10 1.44621E+06
2.02000E-05 5.39811E+10 1.41778E+06
2.03000E-05 5.29253E+10 1.39005E+06
2.04000E-05 5.18951E+10 1.36300E+06
2.05000E-05 5.08899E+10 1.33660E+06
2.06000E-05 4.99090E+10 1.31083E+06
2.07000E-05 4.89515E+10 1.28568E+06
2.08000E-05 4.80169E+10 1.26114E+06
2.09000E-05 4.71045E+10 1.23717E+06
2.10000E-05 4.62136E+10 1.21378E+06
2.11000E-05 4.53438E+10 1.19093E+06
2.12000E-05 4.44942E+10 1.16862E+06
2.13000E-05 4.36645E+10 1.14682E+06
2.14000E-05 4.28541E+10 1.12554E+06
2.15000E-05 4.20623E+10 1.10474E+06
2.16000E-05 4.12888E+10 1.08443E+06
2.17000E-05 4.05330E+10 1.06458E+06
2.18000E-05 3.97943E+10 1.04518E+06
2.19000E-05 3.90725E+10 1.02622E+06
2.20000E-05 3.83669E+10 1.00768E+06
2.21000E-05 3.76772E+10 9.89570E+05
2.22000E-05 3.70029E+10 9.71860E+05
2.23000E-05 3.63436E+10 9.54544E+05
2.24000E-05 3.56989E+10 9.37613E+05
2.25000E-05 3.50685E+10 9.21055E+05
2.26000E-05 3.44519E+10 9.04861E+05
2.27000E-05 3.38488E+10 8.89021E+05
2.28000E-05 3.32589E+10 8.73526E+05
2.29000E-05 3.26818E+10 8.58368E+05
2.30000E-05 3.21171E+10 8.43537E+05
2.31000E-05 3.15645E+10 8.29025E+05
2.32000E-05 3.10238E+10 8.14823E+05
2.33000E-05 3.04946E+10 8.00925E+05
2.34000E-05 2.99767E+10 7.87321E+05
2.35000E-05 2.94697E+10 7.74005E+05
2.36000E-05 2.89734E+10 7.60970E+05
2.37000E-05 2.84875E+10 7.48208E+05
2.38000E-05 2.80117E+10 7.35712E+05
2.39000E-05 2.75458E+10 7.23476E+05
2.40000E-05 2.70896E+10 7.11493E+05
2.41000E-05 2.66428E+10 6.99757E+05
2.42000E-05 2.62051E+10 6.88262E+05
2.43000E-05 2.57764E+10 6.77003E+05
2.44000E-05 2.53564E+10 6.65972E+05
2.45000E-05 2.49450E+10 6.55166E+05
2.46000E-05 2.45418E+10 6.44577E+05
2.47000E-05 2.41468E+10 6.34202E+05
2.48000E-05 2.37597E+10 6.24035E+05
2.49000E-05 2.33803E+10 6.14070E+05
2.50000E-05 2.30084E+10 6.04304E+05
2.51000E-05 2.26440E+10 5.94731E+05
2.52000E-05 2.22867E+10 5.85347E+05
2.53000E-05 2.19364E+10 5.76147E+05
2.54000E-05 2.15930E+10 5.67127E+05
2.55000E-05 2.12562E+10 5.58283E+05
2.56000E-05 2.09261E+10 5.49611E+05
2.57000E-05 2.06023E+10 5.41107E+05
2.58000E-05 2.02847E+10 5.32766E+05
2.59000E-05 1.99732E+10 5.24586E+05
2.60000E-05 1.96677E+10 5.16562E+05
2.61000E-05 1.93680E+10 5.08690E+05
2.62000E-05 1.90740E+10 5.00968E+05
2.63000E-05 1.87856E+10 4.93392E+05
2.64000E-05 1.85026E+10 4.85959E+05
2.65000E-05 1.82248E+10 4.78665E+05
2.66000E-05 1.79523E+10 4.71508E+05
2.67000E-05 1.76849E+10 4.64484E+05
2.68000E-05 1.74224E+10 4.57590E+05
2.69000E-05 1.71648E+10 4.50823E+05
2.70000E-05 1.69119E+10 4.44181E+05
2.71000E-05 1.66637E+10 4.37661E+05
2.72000E-05 1.64199E+10 4.31261E+05
2.73000E-05 1.61807E+10 4.24976E+05
2.74000E-05 1.59458E+10 4.18806E+05
2.75000E-05 1.57151E+10 4.12748E+05
2.76000E-05 1.54886E+10 4.06798E+05
2.77000E-05 1.52661E+10 4.00956E+05
2.78000E-05 1.50476E+10 3.95218E+05
2.79000E-05 1.48331E+10 3.89582E+05
2.80000E-05 1.46223E+10 3.84046E+05
2.81000E-05 1.44152E+10 3.78608E+05
2.82000E-05 1.42119E+10 3.73267E+05
2.83000E-05 1.40120E+10 3.68019E+05
2.84000E-05 1.38157E+10 3.62863E+05
2.85000E-05 1.36228E+10 3.57796E+05
2.86000E-05 1.34333E+10 3.52818E+05
2.87000E-05 1.32471E+10 3.47927E+05
2.88000E-05 1.30640E+10 3.43120E+05
2.89000E-05 1.28842E+10 3.38395E+05
2.90000E-05 1.27074E+10 3.33752E+05
2.91000E-05 1.25336E+10 3.29188E+05
2.92000E-05 1.23628E+10 3.24701E+05
2.93000E-05 1.21949E+10 3.20291E+05
2.94000E-05 1.20298E+10 3.15956E+05
2.95000E-05 1.18675E+10 3.11693E+05
2.96000E-05 1.17079E+10 3.07502E+05
2.97000E-05 1.15511E+10 3.03382E+05
2.98000E-05 1.13968E+10 2.99330E+05
2.99000E-05 1.12451E+10 2.95346E+05
3.00000E-05 1.10959E+10 2.91427E+05
3.01000E-05 1.09492E+10 2.87574E+05
3.02000E-05 1.08049E+10 2.83784E+05
3.03000E-05 1.06629E+10 2.80056E+05
3.04000E-05 1.05233E+10 2.76389E+05
3.05000E-05 1.03860E+10 2.72782E+05
3.06000E-05 1.02509E+10 2.69234E+05
3.07000E-05 1.01180E+10 2.65743E+05
3.08000E-05 9.98722E+09 2.62309E+05
3.09000E-05 9.85856E+09 2.58930E+05
3.10000E-05 9.73197E+09 2.55605E+05
3.11000E-05 9.60740E+09 2.52333E+05
3.12000E-05 9.48482E+09 2.49113E+05
3.13000E-05 9.36418E+09 2.45945E+05
3.14000E-05 9.24546E+09 2.42827E+05
3.15000E-05 9.12862E+09 2.39758E+05
3.16000E-05 9.01361E+09 2.36738E+05
3.17000E-05 8.90042E+09 2.33764E+05
3.18000E-05 8.78899E+09 2.30838E+05
3.19000E-05 8.67930E+09 2.27957E+05
3.20000E-05 8.57131E+09 2.25121E+05
3.21000E-05 8.46500E+09 2.22329E+05
3.22000E-05 8.36034E+09 2.19580E+05
3.23000E-05 8.25728E+09 2.16873E+05
3.24000E-05 8.15581E+09 2.14208E+05
3.25000E-05 8.05590E+09 2.11584E+05
3.26000E-05 7.95750E+09 2.08999E+05
3.27000E-05 7.86061E+09 2.06455E+05
3.28000E-05 7.76519E+09 2.03948E+05
3.29000E-05 7.67121E+09 2.01480E+05
3.30000E-05 7.57864E+09 1.99049E+05
3.31000E-05 7.48747E+09 1.96654E+05
3.32000E-05 7.39767E+09 1.94296E+05
3.33000E-05 7.30921E+09 1.91972E+05
3.34000E-05 7.22207E+09 1.89684E+05
3.35000E-05 7.13622E+09 1.87429E+05
3.36000E-05 7.05164E+09 1.85207E+05
3.37000E-05 6.96831E+09 1.83019E+05
3.38000E-05 6.88621E+09 1.80863E+05
3.39000E-05 6.80532E+09 1.78738E+05
3.40000E-05 6.72561E+09 1.76644E+05
3.41000E-05 6.64706E+09 1.74581E+05
3.42000E-05 6.56966E+09 1.72548E+05
3.43000E-05 6.49338E+09 1.70545E+05
3.44000E-05 6.41820E+09 1.68571E+05
3.45000E-05 6.34411E+09 1.66625E+05
3.46000E-05 6.27109E+09 1.64707E+05
3.47000E-05 6.19911E+09 1.62816E+05
3.48000E-05 6.12816E+09 1.60953E+05
3.49000E-05 6.05823E+09 1.59116E+05
3.50000E-05 5.98929E+09 1.57305E+05
3.51000E-05 5.92132E+09 1.55520E+05
3.52000E-05 5.85432E+09 1.53761E+05
3.53000E-05 5.78827E+09 1.52026E+05
3.54000E-05 5.72314E+09 1.50315E+05
3.55000E-05 5.65892E+09 1.48628E+05
3.56000E-05 5.59561E+09 1.46966E+05
3.57000E-05 5.53318E+09 1.45326E+05
3.58000E-05 5.47161E+09 1.43709E+05
3.59000E-05 5.41090E+09 1.42114E+05
3.60000E-05 5.35103E+09 1.40542E+05
3.61000E-05 5.29198E+09 1.38991E+05
3.62000E-05 5.23375E+09 1.37462E+05
3.63000E-05 5.17632E+09 1.35953E+05
3.64000E-05 5.11967E+09 1.34465E+05
3.65000E-05 5.06379E+09 1.32998E+05
3.66000E-05 5.00868E+09 1.31550E+05
3.67000E-05 4.95431E+09 1.30122E+05
3.68000E-05 4.90068E+09 1.28714E+05
3.69000E-05 4.84777E+09 1.27324E+05
3.70000E-05 4.79557E+09 1.25953E+05
3.71000E-05 4.74408E+09 1.24601E+05
3.72000E-05 4.69327E+09 1.23266E+05
3.73000E-05 4.64314E+09 1.21950E+05
3.74000E-05 4.59368E+09 1.20650E+05
3.75000E-05 4.54488E+09 1.19369E+05
3.76000E-05 4.49672E+09 1.18104E+05
3.77000E-05 4.44920E+09 1.16856E+05
3.78000E-05 4.40230E+09 1.15624E+05
3.79000E-05 4.35603E+09 1.14409E+05
3.80000E-05 4.31035E+09 1.13209E+05
3.81000E-05 4.26528E+09 1.12025E+05
3.82000E-05 4.22079E+09 1.10857E+05
3.83000E-05 4.17688E+09 1.09703E+05
3.84000E-05 4.13354E+09 1.08565E+05
3.85000E-05 4.09076E+09 1.07442E+05
3.86000E-05 4.04854E+09 1.06333E+05
3.87000E-05 4.00685E+09 1.05238E+05
3.88000E-05 3.96571E+09 1.04157E+05
3.89000E-05 3.92508E+09 1.03090E+05
3.90000E-05 3.88498E+09 1.02037E+05
3.91000E-05 3.84539E+09 1.00997E+05
3.92000E-05 3.80630E+09 9.99703E+04
3.93000E-05 3.76771E+09 9.89567E+04
3.94000E-05 3.72960E+09 9.79559E+04
3.95000E-05 3.69198E+09 9.69677E+04
3.96000E-05 3.65482E+09 9.59919E+04
3.97000E-05 3.61814E+09 9.50284E+04
3.98000E-05 3.58191E+09 9.40769E+04
3.99000E-05 3.54614E+09 9.31374E+04
4.00000E-05 3.51081E+09 9.22095E+04
4.01000E-05 3.47592E+09 9.12931E+04
4.02000E-05 3.44146E+09 9.03881E+04
4.03000E-05 3.40743E+09 8.94943E+04
4.04000E-05 3.37382E+09 8.86115E+04
4.05000E-05 3.34062E+09 8.77395E+04
4.06000E-05 3.30783E+09 8.68783E+04
4.07000E-05 3.27544E+09 8.60276E+04
4.08000E-05 3.24345E+09 8.51873E+04
4.09000E-05 3.21184E+09 8.43572E+04
4.10000E-05 3.18062E+09 8.35372E+04
4.11000E-05 3.14978E+09 8.27272E+04
4.12000E-05 3.11931E+09 8.19269E+04
4.13000E-05 3.08921E+09 8.11363E+04
4.14000E-05 3.05947E+09 8.03552E+04
4.15000E-05 3.03009E+09 7.95835E+04
4.16000E-05 3.00106E+09 7.88210E+04
4.17000E-05 2.97237E+09 7.80677E+04
4.18000E-05 2.94403E+09 7.73233E+04
4.19000E-05 2.91602E+09 7.65878E+04
4.20000E-05 2.88835E+09 7.58610E+04
4.21000E-05 2.86101E+09 7.51428E+04
4.22000E-05 2.83398E+09 7.44330E+04
4.23000E-05 2.80728E+09 7.37317E+04
4.24000E-05 2.78089E+09 7.30385E+04
4.25000E-05 2.75481E+09 7.23535E+04
4.26000E-05 2.72903E+09 7.16765E+04
4.27000E-05 2.70356E+09 7.10075E+04
4.28000E-05 2.67838E+09 7.03462E+04
4.29000E-05 2.65349E+09 6.96925E+04
4.30000E-05 2.62890E+09 6.90465E+04
4.31000E-05 2.60458E+09 6.84079E+04
4.32000E-05 2.58055E+09 6.77767E+04
4.33000E-05 2.55679E+09 6.71528E+04
4.34000E-05 2.53331E+09 6.65360E+04
4.35000E-05 2.51010E+09 6.59263E+04
4.36000E-05 2.48715E+09 6.53235E+04
4.37000E-05 2.46446E+09 6.47276E+04
4.38000E-05 2.44203E+09 6.41385E+04
4.39000E-05 2.41985E+09 6.35561E+04
4.40000E-05 2.39793E+09 6.29803E+04
4.41000E-05 2.37625E+09 6.24110E+04
4.42000E-05 2.35482E+09 6.18481E+04
4.43000E-05 2.33363E+09 6.12915E+04
4.44000E-05 2.31268E+09 6.07412E+04
4.45000E-05 2.29196E+09 6.01971E+04
4.46000E-05 2.27147E+09 5.96590E+04
4.47000E-05 2.25122E+09 5.91269E+04
4.48000E-05 2.23118E+09 5.86008E+04
4.49000E-05 2.21137E+09 5.80805E+04
4.50000E-05 2.19178E+09 5.75659E+04
4.51000E-05 2.17241E+09 5.70570E+04
4.52000E-05 2.15325E+09 5.65538E+04
4.53000E-05 2.13430E+09 5.60561E+04
4.54000E-05 2.11555E+09 5.55638E+04
4.55000E-05 2.09702E+09 5.50770E+04
4.56000E-05 2.07868E+09 5.45954E+04
4.57000E-05 2.06055E+09 5.41191E+04
4.58000E-05 2.04261E+09 5.36480E+04
4.59000E-05 2.02487E+09 5.31820E+04
4.60000E-05 2.00732E+09 5.27211E+04
4.61000E-05 1.98996E+09 5.22651E+04
4.62000E-05 1.97278E+09 5.18141E+04
4.63000E-05 1.95580E+09 5.13679E+04
4.64000E-05 1.93899E+09 5.09265E+04
4.65000E-05 1.92236E+09 5.04898E+04
4.66000E-05 1.90592E+09 5.00578E+04
4.67000E-05 1.88964E+09 4.96304E+04
4.68000E-05 1.87354E+09 4.92076E+04
4.69000E-05 1.85762E+09 4.87892E+04
4.70000E-05 1.84186E+09 4.83753E+04
4.71000E-05 1.82626E+09 4.79658E+04
4.72000E-05 1.81084E+09 4.75606E+04
4.73000E-05 1.79557E+09 4.71597E+04
4.74000E-05 1.78047E+09 4.67630E+04
4.75000E-05 1.76552E+09 4.63704E+04
4.76000E-05 1.75073E+09 4.59820E+04
4.77000E-05 1.73610E+09 4.55976E+04
4.78000E-05 1.72161E+09 4.52172E+04
4.79000E-05 1.70728E+09 4.48408E+04
4.80000E-05 1.69310E+09 4.44683E+04
4.81000E-05 1.67906E+09 4.40997E+04
4.82000E-05 1.66517E+09 4.37348E+04
4.83000E-05 1.65142E+09 4.33737E+04
4.84000E-05 1.63782E+09 4.30164E+04
4.85000E-05 1.62435E+09 4.26627E+04
4.86000E-05 1.61102E+09 4.23127E+04
4.87000E-05 1.59783E+09 4.19662E+04
4.88000E-05 1.58478E+09 4.16233E+04
4.89000E-05 1.57185E+09 4.12838E+04
4.90000E-05 1.55906E+09 4.09479E+04
4.91000E-05 1.54640E+09 4.06153E+04
4.92000E-05 1.53386E+09 4.02861E+04
4.93000E-05 1.52146E+09 3.99602E+04
4.94000E-05 1.50917E+09 3.96376E+04
4.95000E-05 1.49702E+09 3.93183E+04
4.96000E-05 1.48498E+09 3.90022E+04
4.97000E-05 1.47306E+09 3.86892E+04
4.98000E-05 1.46127E+09 3.83794E+04
4.99000E-05 1.44959E+09 3.80727E+04
5.00000E-05 1.43803E+09 3.77690E+04
5.01000E-05 1.42658E+09 3.74683E+04
5.02000E-05 1.41525E+09 3.71707E+04
5.03000E-05 1.40403E+09 3.68760E+04
5.04000E-05 1.39292E+09 3.65842E+04
5.05000E-05 1.38192E+09 3.62953E+04
5.06000E-05 1.37102E+09 3.60092E+04
5.07000E-05 1.36024E+09 3.57259E+04
5.08000E-05 1.34956E+09 3.54455E+04
5.09000E-05 1.33899E+09 3.51677E+04
5.10000E-05 1.32852E+09 3.48927E+04
5.11000E-05 1.31815E+09 3.46204E+04
5.12000E-05 1.30788E+09 3.43507E+04
5.13000E-05 1.29771E+09 3.40836E+04
5.14000E-05 1.28764E+09 3.38192E+04
5.15000E-05 1.27767E+09 3.35573E+04
5.16000E-05 1.26779E+09 3.32979E+04
5.17000E-05 1.25801E+09 3.30410E+04
5.18000E-05 1.24833E+09 3.27866E+04
5.19000E-05 1.23873E+09 3.25346E+04
5.20000E-05 1.22923E+09 3.22851E+04
5.21000E-05 1.21982E+09 3.20379E+04
5.22000E-05 1.21050E+09 3.17931E+04
5.23000E-05 1.20127E+09 3.15507E+04
5.24000E-05 1.19213E+09 3.13105E+04
5.25000E-05 1.18307E+09 3.10726E+04
5.26000E-05 1.17410E+09 3.08370E+04
5.27000E-05 1.16521E+09 3.06036E+04
5.28000E-05 1.15641E+09 3.03724E+04
5.29000E-05 1.14769E+09 3.01434E+04
5.30000E-05 1.13905E+09 2.99166E+04
5.31000E-05 1.13050E+09 2.96919E+04
5.32000E-05 1.12202E+09 2.94692E+04
5.33000E-05 1.11362E+09 2.92487E+04
5.34000E-05 1.10531E+09 2.90302E+04
5.35000E-05 1.09706E+09 2.88138E+04
5.36000E-05 1.08890E+09 2.85994E+04
5.37000E-05 1.08081E+09 2.83869E+04
5.38000E-05 1.07280E+09 2.81765E+04
5.39000E-05 1.06486E+09 2.79679E+04
5.40000E-05 1.05699E+09 2.77613E+04
5.41000E-05 1.04920E+09 2.75566E+04
5.42000E-05 1.04148E+09 2.73538E+04
5.43000E-05 1.03383E+09 2.71529E+04
5.44000E-05 1.02625E+09 2.69538E+04
5.45000E-05 1.01874E+09 2.67565E+04
5.46000E-05 1.01129E+09 2.65610E+04
5.47000E-05 1.00392E+09 2.63673E+04
5.48000E-05 9.96610E+08 2.61754E+04
5.49000E-05 9.89368E+08 2.59852E+04
5.50000E-05 9.82192E+08 2.57967E+04
5.51000E-05 9.75082E+08 2.56100E+04
5.52000E-05 9.68035E+08 2.54249E+04
5.53000E-05 9.61052E+08 2.52415E+04
5.54000E-05 9.54132E+08 2.50597E+04
5.55000E-05 9.47273E+08 2.48796E+04
5.56000E-05 9.40477E+08 2.47011E+04
5.57000E-05 9.33741E+08 2.45242E+04
5.58000E-05 9.27066E+08 2.43489E+04
5.59000E-05 9.20450E+08 2.41751E+04
5.60000E-05 9.13893E+08 2.40029E+04
5.61000E-05 9.07394E+08 2.38322E+04
5.62000E-05 9.00953E+08 2.36630E+04
5.63000E-05 8.94569E+08 2.34953E+04
5.64000E-05 8.88241E+08 2.33292E+04
5.65000E-05 8.81969E+08 2.31644E+04
5.66000E-05 8.75753E+08 2.30012E+04
5.67000E-05 8.69591E+08 2.28393E+04
5.68000E-05 8.63483E+08 2.26789E+04
5.69000E-05 8.57429E+08 2.25199E+04
5.70000E-05 8.51428E+08 2.23623E+04
5.71000E-05 8.45479E+08 2.22060E+04
5.72000E-05 8.39582E+08 2.20512E+04
5.73000E-05 8.33737E+08 2.18976E+04
5.74000E-05 8.27942E+08 2.17454E+04
5.75000E-05 8.22197E+08 2.15945E+04
5.76000E-05 8.16502E+08 2.14450E+04
5.77000E-05 8.10857E+08 2.12967E+04
5.78000E-05 8.05260E+08 2.11497E+04
5.79000E-05 7.99711E+08 2.10040E+04
5.80000E-05 7.94210E+08 2.08595E+04
5.81000E-05 7.88756E+08 2.07162E+04
5.82000E-05 7.83349E+08 2.05742E+04
5.83000E-05 7.77988E+08 2.04334E+04
5.84000E-05 7.72673E+08 2.02938E+04
5.85000E-05 7.67404E+08 2.01554E+04
5.86000E-05 7.62179E+08 2.00182E+04
5.87000E-05 7.56998E+08 1.98821E+04
5.88000E-05 7.51862E+08 1.97472E+04
5.89000E-05 7.46769E+08 1.96135E+04
5.90000E-05 7.41719E+08 1.94808E+04
5.91000E-05 7.36711E+08 1.93493E+04
5.92000E-05 7.31746E+08 1.92189E+04
5.93000E-05 7.26823E+08 1.90896E+04
5.94000E-05 7.21941E+08 1.89614E+04
5.95000E-05 7.17100E+08 1.88342E+04
5.96000E-05 7.12299E+08 1.87081E+04
5.97000E-05 7.07538E+08 1.85831E+04
5.98000E-05 7.02818E+08 1.84591E+04
5.99000E-05 6.98136E+08 1.83362E+04
6.00000E-05 6.93493E+08 1.82142E+04
6.01000E-05 6.88889E+08 1.80933E+04
6.02000E-05 6.84323E+08 1.79734E+04
6.03000E-05 6.79795E+08 1.78544E+04
6.04000E-05 6.75304E+08 1.77365E+04
6.05000E-05 6.70851E+08 1.76195E+04
6.06000E-05 6.66433E+08 1.75035E+04
6.07000E-05 6.62053E+08 1.73884E+04
6.08000E-05 6.57708E+08 1.72743E+04
6.09000E-05 6.53399E+08 1.71611E+04
6.10000E-05 6.49124E+08 1.70489E+04
6.11000E-05 6.44885E+08 1.69376E+04
6.12000E-05 6.40681E+08 1.68271E+04
6.13000E-05 6.36510E+08 1.67176E+04
6.14000E-05 6.32374E+08 1.66089E+04
6.15000E-05 6.28271E+08 1.65012E+04
6.16000E-05 6.24201E+08 1.63943E+04
6.17000E-05 6.20164E+08 1.62883E+04
6.18000E-05 6.16160E+08 1.61831E+04
6.19000E-05 6.12188E+08 1.60788E+04
6.20000E-05 6.08248E+08 1.59753E+04
6.21000E-05 6.04339E+08 1.58726E+04
6.22000E-05 6.00462E+08 1.57708E+04
6.23000E-05 5.96616E+08 1.56698E+04
6.24000E-05 5.92801E+08 1.55696E+04
6.25000E-05 5.89016E+08 1.54702E+04
6.26000E-05 5.85262E+08 1.53716E+04
6.27000E-05 5.81537E+08 1.52737E+04
6.28000E-05 5.77842E+08 1.51767E+04
6.29000E-05 5.74176E+08 1.50804E+04
6.30000E-05 5.70539E+08 1.49849E+04
6.31000E-05 5.66931E+08 1.48901E+04
6.32000E-05 5.63351E+08 1.47961E+04
6.33000E-05 5.59799E+08 1.47028E+04
6.34000E-05 5.56276E+08 1.46103E+04
6.35000E-05 5.52780E+08 1.45185E+04
6.36000E-05 5.49312E+08 1.44274E+04
6.37000E-05 5.45870E+08 1.43370E+04
6.38000E-05 5.42456E+08 1.42473E+04
6.39000E-05 5.39068E+08 1.41583E+04
6.40000E-05 5.35707E+08 1.40700E+04
6.41000E-05 5.32372E+08 1.39825E+04
6.42000E-05 5.29063E+08 1.38955E+04
6.43000E-05 5.25779E+08 1.38093E+04
6.44000E-05 5.22521E+08 1.37237E+04
6.45000E-05 5.19288E+08 1.36388E+04
6.46000E-05 5.16080E+08 1.35546E+04
6.47000E-05 5.12897E+08 1.34710E+04
6.48000E-05 5.09738E+08 1.33880E+04
6.49000E-05 5.06604E+08 1.33057E+04
6.50000E-05 5.03494E+08 1.32240E+04
6.51000E-05 5.00407E+08 1.31429E+04
6.52000E-05 4.97344E+08 1.30625E+04
6.53000E-05 4.94305E+08 1.29826E+04
6.54000E-05 4.91288E+08 1.29034E+04
6.55000E-05 4.88295E+08 1.28248E+04
6.56000E-05 4.85324E+08 1.27468E+04
6.57000E-05 4.82376E+08 1.26693E+04
6.58000E-05 4.79450E+08 1.25925E+04
6.59000E-05 4.76547E+08 1.25162E+04
6.60000E-05 4.73665E+08 1.24406E+04
6.61000E-05 4.70805E+08 1.23654E+04
6.62000E-05 4.67967E+08 1.22909E+04
6.63000E-05 4.65150E+08 1.22169E+04
6.64000E-05 4.62354E+08 1.21435E+04
6.65000E-05 4.59580E+08 1.20706E+04
6.66000E-05 4.56826E+08 1.19983E+04
6.67000E-05 4.54092E+08 1.19265E+04
6.68000E-05 4.51379E+08 1.18552E+04
6.69000E-05 4.48686E+08 1.17845E+04
6.70000E-05 4.46014E+08 1.17143E+04
6.71000E-05 4.43361E+08 1.16446E+04
6.72000E-05 4.40728E+08 1.15755E+04
6.73000E-05 4.38114E+08 1.15068E+04
6.74000E-05 4.35520E+08 1.14387E+04
6.75000E-05 4.32944E+08 1.13710E+04
6.76000E-05 4.30388E+08 1.13039E+04
6.77000E-05 4.27851E+08 1.12373E+04
6.78000E-05 4.25332E+08 1.11711E+04
6.79000E-05 4.22832E+08 1.11055E+04
6.80000E-05 4.20351E+08 1.10403E+04
6.81000E-05 4.17887E+08 1.09756E+04
6.82000E-05 4.15441E+08 1.09113E+04
6.83000E-05 4.13014E+08 1.08476E+04
6.84000E-05 4.10604E+08 1.07843E+04
6.85000E-05 4.08211E+08 1.07214E+04
6.86000E-05 4.05836E+08 1.06591E+04
6.87000E-05 4.03478E+08 1.05971E+04
6.88000E-05 4.01138E+08 1.05357E+04
6.89000E-05 3.98814E+08 1.04746E+04
6.90000E-05 3.96507E+08 1.04140E+04
6.91000E-05 3.94217E+08 1.03539E+04
6.92000E-05 3.91943E+08 1.02942E+04
6.93000E-05 3.89686E+08 1.02349E+04
6.94000E-05 3.87444E+08 1.01760E+04
6.95000E-05 3.85219E+08 1.01176E+04
6.96000E-05 3.83010E+08 1.00595E+04
6.97000E-05 3.80817E+08 1.00019E+04
6.98000E-05 3.78639E+08 9.94475E+03
6.99000E-05 3.76477E+08 9.88796E+03
7.00000E-05 3.74330E+08 9.83158E+03
7.01000E-05 3.72199E+08 9.77560E+03
7.02000E-05 3.70083E+08 9.72002E+03
7.03000E-05 3.67982E+08 9.66483E+03
7.04000E-05 3.65895E+08 9.61003E+03
7.05000E-05 3.63824E+08 9.55562E+03
7.06000E-05 3.61767E+08 9.50160E+03
7.07000E-05 3.59724E+08 9.44796E+03
7.08000E-05 3.57696E+08 9.39469E+03
7.09000E-05 3.55682E+08 9.34180E+03
7.10000E-05 3.53683E+08 9.28928E+03
7.11000E-05 3.51697E+08 9.23713E+03
7.12000E-05 3.49726E+08 9.18535E+03
7.13000E-05 3.47768E+08 9.13392E+03
7.14000E-05 3.45823E+08 9.08286E+03
7.15000E-05 3.43893E+08 9.03215E+03
7.16000E-05 3.41976E+08 8.98180E+03
7.17000E-05 3.40072E+08 8.93180E+03
7.18000E-05 3.38181E+08 8.88214E+03
7.19000E-05 3.36304E+08 8.83283E+03
7.20000E-05 3.34439E+08 8.78386E+03
7.21000E-05 3.32588E+08 8.73523E+03
7.22000E-05 3.30749E+08 8.68694E+03
7.23000E-05 3.28923E+08 8.63898E+03
7.24000E-05 3.27109E+08 8.59135E+03
7.25000E-05 3.25308E+08 8.54404E+03
7.26000E-05 3.23520E+08 8.49707E+03
7.27000E-05 3.21743E+08 8.45041E+03
7.28000E-05 3.19979E+08 8.40408E+03
7.29000E-05 3.18227E+08 8.35806E+03
7.30000E-05 3.16487E+08 8.31235E+03
7.31000E-05 3.14759E+08 8.26696E+03
7.32000E-05 3.13042E+08 8.22188E+03
7.33000E-05 3.11337E+08 8.17710E+03
7.34000E-05 3.09644E+08 8.13263E+03
7.35000E-05 3.07963E+08 8.08847E+03
7.36000E-05 3.06292E+08 8.04460E+03
7.37000E-05 3.04633E+08 8.00102E+03
7.38000E-05 3.02986E+08 7.95775E+03
7.39000E-05 3.01349E+08 7.91476E+03
7.40000E-05 2.99723E+08 7.87206E+03
7.41000E-05 2.98109E+08 7.82966E+03
7.42000E-05 2.96505E+08 7.78753E+03
7.43000E-05 2.94912E+08 7.74569E+03
7.44000E-05 2.93329E+08 7.70413E+03
7.45000E-05 2.91758E+08 7.66285E+03
7.46000E-05 2.90196E+08 7.62185E+03
7.47000E-05 2.88646E+08 7.58111E+03
7.48000E-05 2.87105E+08 7.54066E+03
7.49000E-05 2.85575E+08 7.50047E+03
7.50000E-05 2.84055E+08 7.46054E+03
7.51000E-05 2.82545E+08 7.42089E+03
7.52000E-05 2.81045E+08 7.38149E+03
7.53000E-05 2.79555E+08 7.34236E+03
7.54000E-05 2.78075E+08 7.30348E+03
7.55000E-05 2.76605E+08 7.26487E+03
7.56000E-05 2.75144E+08 7.22650E+03
7.57000E-05 2.73693E+08 7.18840E+03
7.58000E-05 2.72252E+08 7.15054E+03
7.59000E-05 2.70820E+08 7.11293E+03
7.60000E-05 2.69397E+08 7.07556E+03
7.61000E-05 2.67984E+08 7.03845E+03
7.62000E-05 2.66580E+08 7.00157E+03
7.63000E-05 2.65185E+08 6.96494E+03
7.64000E-05 2.63799E+08 6.92854E+03
7.65000E-05 2.62423E+08 6.89239E+03
7.66000E-05 2.61055E+08 6.85647E+03
7.67000E-05 2.59696E+08 6.82078E+03
7.68000E-05 2.58346E+08 6.78532E+03
7.69000E-05 2.57005E+08 6.75010E+03
7.70000E-05 2.55673E+08 6.71510E+03
7.71000E-05 2.54349E+08 6.68033E+03
7.72000E-05 2.53034E+08 6.64578E+03
7.73000E-05 2.51727E+08 6.61146E+03
7.74000E-05 2.50428E+08 6.57736E+03
7.75000E-05 2.49138E+08 6.54348E+03
7.76000E-05 2.47857E+08 6.50981E+03
7.77000E-05 2.46583E+08 6.47637E+03
7.78000E-05 2.45318E+08 6.44313E+03
7.79000E-05 2.44060E+08 6.41011E+03
7.80000E-05 2.42811E+08 6.37730E+03
7.81000E-05 2.41570E+08 6.34470E+03
7.82000E-05 2.40337E+08 6.31231E+03
7.83000E-05 2.39111E+08 6.28013E+03
7.84000E-05 2.37894E+08 6.24815E+03
7.85000E-05 2.36684E+08 6.21637E+03
7.86000E-05 2.35482E+08 6.18479E+03
7.87000E-05 2.34287E+08 6.15342E+03
7.88000E-05 2.33100E+08 6.12224E+03
7.89000E-05 2.31921E+08 6.09126E+03
7.90000E-05 2.30749E+08 6.06048E+03
7.91000E-05 2.29584E+08 6.02989E+03
7.92000E-05 2.28427E+08 5.99950E+03
7.93000E-05 2.27277E+08 5.96929E+03
7.94000E-05 2.26134E+08 5.93928E+03
7.95000E-05 2.24998E+08 5.90945E+03
7.96000E-05 2.23870E+08 5.87981E+03
7.97000E-05 2.22748E+08 5.85035E+03
7.98000E-05 2.21634E+08 5.82108E+03
7.99000E-05 2.20526E+08 5.79200E+03
8.00000E-05 2.19426E+08 5.76309E+03
8.01000E-05 2.18332E+08 5.73437E+03
8.02000E-05 2.17245E+08 5.70582E+03
8.03000E-05 2.16165E+08 5.67745E+03
8.04000E-05 2.15091E+08 5.64926E+03
8.05000E-05 2.14025E+08 5.62124E+03
8.06000E-05 2.12964E+08 5.59339E+03
8.07000E-05 2.11911E+08 5.56572E+03
8.08000E-05 2.10864E+08 5.53822E+03
8.09000E-05 2.09823E+08 5.51089E+03
8.10000E-05 2.08789E+08 5.48372E+03
8.11000E-05 2.07761E+08 5.45672E+03
8.12000E-05 2.06739E+08 5.42989E+03
8.13000E-05 2.05724E+08 5.40323E+03
8.14000E-05 2.04715E+08 5.37673E+03
8.15000E-05 2.03712E+08 5.35039E+03
8.16000E-05 2.02715E+08 5.32421E+03
8.17000E-05 2.01725E+08 5.29819E+03
8.18000E-05 2.00740E+08 5.27233E+03
8.19000E-05 1.99761E+08 5.24662E+03
8.20000E-05 1.98789E+08 5.22108E+03
8.21000E-05 1.97822E+08 5.19569E+03
8.22000E-05 1.96861E+08 5.17045E+03
8.23000E-05 1.95906E+08 5.14536E+03
8.24000E-05 1.94957E+08 5.12043E+03
8.25000E-05 1.94013E+08 5.09565E+03
8.26000E-05 1.93075E+08 5.07102E+03
8.27000E-05 1.92143E+08 5.04654E+03
8.28000E-05 1.91217E+08 5.02220E+03
8.29000E-05 1.90296E+08 4.99801E+03
8.30000E-05 1.89380E+08 4.97397E+03
8.31000E-05 1.88470E+08 4.95007E+03
8.32000E-05 1.87566E+08 4.92631E+03
8.33000E-05 1.86667E+08 4.90270E+03
8.34000E-05 1.85773E+08 4.87923E+03
8.35000E-05 1.84885E+08 4.85590E+03
8.36000E-05 1.84002E+08 4.83271E+03
8.37000E-05 1.83124E+08 4.80965E+03
8.38000E-05 1.82252E+08 4.78674E+03
8.39000E-05 1.81384E+08 4.76395E+03
8.40000E-05 1.80522E+08 4.74131E+03
8.41000E-05 1.79665E+08 4.71880E+03
8.42000E-05 1.78813E+08 4.69642E+03
8.43000E-05 1.77966E+08 4.67418E+03
8.44000E-05 1.77124E+08 4.65206E+03
8.45000E-05 1.76287E+08 4.63008E+03
8.46000E-05 1.75455E+08 4.60823E+03
8.47000E-05 1.74628E+08 4.58650E+03
8.48000E-05 1.73806E+08 4.56491E+03
8.49000E-05 1.72988E+08 4.54344E+03
8.50000E-05 1.72176E+08 4.52210E+03
8.51000E-05 1.71368E+08 4.50088E+03
8.52000E-05 1.70565E+08 4.47978E+03
8.53000E-05 1.69766E+08 4.45881E+03
8.54000E-05 1.68972E+08 4.43797E+03
8.55000E-05 1.68183E+08 4.41724E+03
8.56000E-05 1.67399E+08 4.39664E+03
8.57000E-05 1.66619E+08 4.37615E+03
8.58000E-05 1.65843E+08 4.35578E+03
8.59000E-05 1.65072E+08 4.33554E+03
8.60000E-05 1.64306E+08 4.31541E+03
8.61000E-05 1.63544E+08 4.29539E+03
8.62000E-05 1.62786E+08 4.27550E+03
8.63000E-05 1.62033E+08 4.25571E+03
8.64000E-05 1.61284E+08 4.23604E+03
8.65000E-05 1.60540E+08 4.21649E+03
8.66000E-05 1.59800E+08 4.19705E+03
8.67000E-05 1.59064E+08 4.17772E+03
8.68000E-05 1.58332E+08 4.15850E+03
8.69000E-05 1.57604E+08 4.13939E+03
8.70000E-05 1.56881E+08 4.12039E+03
8.71000E-05 1.56162E+08 4.10150E+03
8.72000E-05 1.55447E+08 4.08272E+03
8.73000E-05 1.54736E+08 4.06404E+03
8.74000E-05 1.54029E+08 4.04548E+03
8.75000E-05 1.53326E+08 4.02702E+03
8.76000E-05 1.52627E+08 4.00866E+03
8.77000E-05 1.51932E+08 3.99041E+03
8.78000E-05 1.51241E+08 3.97226E+03
8.79000E-05 1.50554E+08 3.95421E+03
8.80000E-05 1.49871E+08 3.93627E+03
8.81000E-05 1.49191E+08 3.91843E+03
8.82000E-05 1.48516E+08 3.90069E+03
8.83000E-05 1.47844E+08 3.88305E+03
8.84000E-05 1.47176E+08 3.86551E+03
8.85000E-05 1.46512E+08 3.84806E+03
8.86000E-05 1.45852E+08 3.83072E+03
8.87000E-05 1.45195E+08 3.81348E+03
8.88000E-05 1.44542E+08 3.79633E+03
8.89000E-05 1.43893E+08 3.77927E+03
8.90000E-05 1.43248E+08 3.76232E+03
8.91000E-05 1.42606E+08 3.74546E+03
8.92000E-05 1.41967E+08 3.72869E+03
8.93000E-05 1.41332E+08 3.71201E+03
8.94000E-05 1.40701E+08 3.69543E+03
8.95000E-05 1.40073E+08 3.67895E+03
8.96000E-05 1.39449E+08 3.66255E+03
8.97000E-05 1.38828E+08 3.64624E+03
8.98000E-05 1.38211E+08 3.63003E+03
8.99000E-05 1.37597E+08 3.61390E+03
9.00000E-05 1.36986E+08 3.59787E+03
9.01000E-05 1.36379E+08 3.58192E+03
9.02000E-05 1.35775E+08 3.56607E+03
9.03000E-05 1.35175E+08 3.55030E+03
9.04000E-05 1.34578E+08 3.53461E+03
9.05000E-05 1.33984E+08 3.51902E+03
9.06000E-05 1.33393E+08 3.50350E+03
9.07000E-05 1.32806E+08 3.48808E+03
9.08000E-05 1.32222E+08 3.47274E+03
9.09000E-05 1.31641E+08 3.45748E+03
9.10000E-05 1.31063E+08 3.44231E+03
9.11000E-05 1.30489E+08 3.42722E+03
9.12000E-05 1.29918E+08 3.41221E+03
9.13000E-05 1.29349E+08 3.39729E+03
9.14000E-05 1.28784E+08 3.38244E+03
9.15000E-05 1.28222E+08 3.36768E+03
9.16000E-05 1.27663E+08 3.35300E+03
9.17000E-05 1.27107E+08 3.33840E+03
9.18000E-05 1.26554E+08 3.32388E+03
9.19000E-05 1.26004E+08 3.30943E+03
9.20000E-05 1.25457E+08 3.29507E+03
9.21000E-05 1.24913E+08 3.28078E+03
9.22000E-05 1.24372E+08 3.26657E+03
9.23000E-05 1.23834E+08 3.25244E+03
9.24000E-05 1.23299E+08 3.23838E+03
9.25000E-05 1.22767E+08 3.22440E+03
9.26000E-05 1.22237E+08 3.21049E+03
9.27000E-05 1.21711E+08 3.19666E+03
9.28000E-05 1.21187E+08 3.18290E+03
9.29000E-05 1.20666E+08 3.16922E+03
9.30000E-05 1.20148E+08 3.15561E+03
9.31000E-05 1.19632E+08 3.14208E+03
9.32000E-05 1.19120E+08 3.12861E+03
9.33000E-05 1.18610E+08 3.11522E+03
9.34000E-05 1.18103E+08 3.10190E+03
9.35000E-05 1.17598E+08 3.08865E+03
9.36000E-05 1.17097E+08 3.07547E+03
9.37000E-05 1.16597E+08 3.06237E+03
9.38000E-05 1.16101E+08 3.04933E+03
9.39000E-05 1.15607E+08 3.03636E+03
9.40000E-05 1.15116E+08 3.02346E+03
9.41000E-05 1.14628E+08 3.01063E+03
9.42000E-05 1.14142E+08 2.99786E+03
9.43000E-05 1.13658E+08 2.98517E+03
9.44000E-05 1.13177E+08 2.97254E+03
9.45000E-05 1.12699E+08 2.95998E+03
9.46000E-05 1.12223E+08 2.94748E+03
9.47000E-05 1.11750E+08 2.93505E+03
9.48000E-05 1.11279E+08 2.92269E+03
9.49000E-05 1.10811E+08 2.91039E+03
9.50000E-05 1.10345E+08 2.89815E+03
9.51000E-05 1.09882E+08 2.88598E+03
9.52000E-05 1.09421E+08 2.87387E+03
9.53000E-05 1.08962E+08 2.86183E+03
9.54000E-05 1.08506E+08 2.84985E+03
9.55000E-05 1.08052E+08 2.83793E+03
9.56000E-05 1.07601E+08 2.82608E+03
9.57000E-05 1.07152E+08 2.81428E+03
9.58000E-05 1.06705E+08 2.80255E+03
9.59000E-05 1.06261E+08 2.79088E+03
9.60000E-05 1.05819E+08 2.77927E+03
9.61000E-05 1.05379E+08 2.76772E+03
9.62000E-05 1.04941E+08 2.75623E+03
9.63000E-05 1.04506E+08 2.74480E+03
9.64000E-05 1.04073E+08 2.73343E+03
9.65000E-05 1.03643E+08 2.72211E+03
9.66000E-05 1.03214E+08 2.71086E+03
9.67000E-05 1.02788E+08 2.69966E+03
9.68000E-05 1.02364E+08 2.68852E+03
9.69000E-05 1.01942E+08 2.67744E+03
9.70000E-05 1.01522E+08 2.66642E+03
9.71000E-05 1.01104E+08 2.65545E+03
9.72000E-05 1.00689E+08 2.64454E+03
9.73000E-05 1.00276E+08 2.63369E+03
9.74000E-05 9.98646E+07 2.62289E+03
9.75000E-05 9.94555E+07 2.61214E+03
9.76000E-05 9.90485E+07 2.60145E+03
9.77000E-05 9.86436E+07 2.59082E+03
9.78000E-05 9.82408E+07 2.58024E+03
9.79000E-05 9.78400E+07 2.56971E+03
9.80000E-05 9.74413E+07 2.55924E+03
9.81000E-05 9.70446E+07 2.54882E+03
9.82000E-05 9.66499E+07 2.53846E+03
9.83000E-05 9.62572E+07 2.52814E+03
9.84000E-05 9.58665E+07 2.51788E+03
9.85000E-05 9.54778E+07 2.50767E+03
9.86000E-05 9.50911E+07 2.49751E+03
9.87000E-05 9.47063E+07 2.48741E+03
9.88000E-05 9.43234E+07 2.47735E+03
9.89000E-05 9.39425E+07 2.46735E+03
9.90000E-05 9.35635E+07 2.45739E+03
9.91000E-05 9.31864E+07 2.44749E+03
9.92000E-05 9.28113E+07 2.43764E+03
9.93000E-05 9.24380E+07 2.42783E+03
9.94000E-05 9.20665E+07 2.41808E+03
9.95000E-05 9.16970E+07 2.40837E+03
9.96000E-05 9.13293E+07 2.39871E+03
9.97000E-05 9.09634E+07 2.38910E+03
9.98000E-05 9.05994E+07 2.37954E+03
9.99000E-05 9.02371E+07 2.37003E+03
1.00000E-04 8.98767E+07 2.36056E+03
