#  FeatureSize(cm)    Fluence(mum2)   Dose(Gy)
1.00000E-07 5.68412E+19 1.49290E+15
2.00000E-07 3.55243E+18 9.33026E+13
3.00000E-07 7.01687E+17 1.84294E+13
4.00000E-07 2.22009E+17 5.83095E+12
5.00000E-07 9.09314E+16 2.38826E+12
6.00000E-07 4.38502E+16 1.15170E+12
7.00000E-07 2.36683E+16 6.21634E+11
8.00000E-07 1.38734E+16 3.64376E+11
9.00000E-07 8.66072E+15 2.27469E+11
1.00000E-06 5.68207E+15 1.49237E+11
1.10000E-06 3.88078E+15 1.01926E+11
1.20000E-06 2.73998E+15 7.19640E+10
1.30000E-06 1.98921E+15 5.22456E+10
1.40000E-06 1.47885E+15 3.88413E+10
1.50000E-06 1.12216E+15 2.94729E+10
1.60000E-06 8.66808E+14 2.27662E+10
1.70000E-06 6.80126E+14 1.78631E+10
1.80000E-06 5.41101E+14 1.42117E+10
1.90000E-06 4.35849E+14 1.14473E+10
2.00000E-06 3.54988E+14 9.32355E+09
2.10000E-06 2.92038E+14 7.67020E+09
2.20000E-06 2.42442E+14 6.36760E+09
2.30000E-06 2.02941E+14 5.33013E+09
2.40000E-06 1.71167E+14 4.49559E+09
2.50000E-06 1.45374E+14 3.81816E+09
2.60000E-06 1.24261E+14 3.26365E+09
2.70000E-06 1.06846E+14 2.80624E+09
2.80000E-06 9.23766E+13 2.42622E+09
2.90000E-06 8.02758E+13 2.10840E+09
3.00000E-06 7.00930E+13 1.84095E+09
3.10000E-06 6.14745E+13 1.61459E+09
3.20000E-06 5.41408E+13 1.42198E+09
3.30000E-06 4.78687E+13 1.25724E+09
3.40000E-06 4.24790E+13 1.11569E+09
3.50000E-06 3.78269E+13 9.93502E+08
3.60000E-06 3.37944E+13 8.87592E+08
3.70000E-06 3.02852E+13 7.95425E+08
3.80000E-06 2.72199E+13 7.14915E+08
3.90000E-06 2.45327E+13 6.44337E+08
4.00000E-06 2.21690E+13 5.82256E+08
4.10000E-06 2.00832E+13 5.27474E+08
4.20000E-06 1.82370E+13 4.78985E+08
4.30000E-06 1.65982E+13 4.35941E+08
4.40000E-06 1.51393E+13 3.97625E+08
4.50000E-06 1.38372E+13 3.63427E+08
4.60000E-06 1.26721E+13 3.32827E+08
4.70000E-06 1.16271E+13 3.05380E+08
4.80000E-06 1.06876E+13 2.80705E+08
4.90000E-06 9.84113E+12 2.58472E+08
5.00000E-06 9.07678E+12 2.38397E+08
5.10000E-06 8.38521E+12 2.20233E+08
5.20000E-06 7.75825E+12 2.03766E+08
5.30000E-06 7.18880E+12 1.88810E+08
5.40000E-06 6.67064E+12 1.75201E+08
5.50000E-06 6.19832E+12 1.62795E+08
5.60000E-06 5.76707E+12 1.51469E+08
5.70000E-06 5.37268E+12 1.41110E+08
5.80000E-06 5.01142E+12 1.31622E+08
5.90000E-06 4.68001E+12 1.22918E+08
6.00000E-06 4.37555E+12 1.14921E+08
6.10000E-06 4.09545E+12 1.07565E+08
6.20000E-06 3.83739E+12 1.00787E+08
6.30000E-06 3.59934E+12 9.45348E+07
6.40000E-06 3.37947E+12 8.87598E+07
6.50000E-06 3.17612E+12 8.34191E+07
6.60000E-06 2.98784E+12 7.84740E+07
6.70000E-06 2.81331E+12 7.38899E+07
6.80000E-06 2.65133E+12 6.96356E+07
6.90000E-06 2.50083E+12 6.56830E+07
7.00000E-06 2.36087E+12 6.20069E+07
7.10000E-06 2.23056E+12 5.85843E+07
7.20000E-06 2.10911E+12 5.53946E+07
7.30000E-06 1.99581E+12 5.24190E+07
7.40000E-06 1.89002E+12 4.96404E+07
7.50000E-06 1.79115E+12 4.70435E+07
7.60000E-06 1.69865E+12 4.46142E+07
7.70000E-06 1.61205E+12 4.23396E+07
7.80000E-06 1.53090E+12 4.02082E+07
7.90000E-06 1.45478E+12 3.82091E+07
8.00000E-06 1.38334E+12 3.63327E+07
8.10000E-06 1.31623E+12 3.45701E+07
8.20000E-06 1.25314E+12 3.29130E+07
8.30000E-06 1.19378E+12 3.13540E+07
8.40000E-06 1.13790E+12 2.98862E+07
8.50000E-06 1.08524E+12 2.85033E+07
8.60000E-06 1.03560E+12 2.71994E+07
8.70000E-06 9.88760E+11 2.59692E+07
8.80000E-06 9.44539E+11 2.48078E+07
8.90000E-06 9.02761E+11 2.37105E+07
9.00000E-06 8.63268E+11 2.26732E+07
9.10000E-06 8.25910E+11 2.16921E+07
9.20000E-06 7.90550E+11 2.07634E+07
9.30000E-06 7.57062E+11 1.98838E+07
9.40000E-06 7.25328E+11 1.90503E+07
9.50000E-06 6.95239E+11 1.82601E+07
9.60000E-06 6.66693E+11 1.75103E+07
9.70000E-06 6.39597E+11 1.67987E+07
9.80000E-06 6.13864E+11 1.61228E+07
9.90000E-06 5.89411E+11 1.54805E+07
1.00000E-05 5.66163E+11 1.48699E+07
1.01000E-05 5.44050E+11 1.42892E+07
1.02000E-05 5.23005E+11 1.37364E+07
1.03000E-05 5.02968E+11 1.32102E+07
1.04000E-05 4.83881E+11 1.27089E+07
1.05000E-05 4.65690E+11 1.22311E+07
1.06000E-05 4.48346E+11 1.17756E+07
1.07000E-05 4.31802E+11 1.13410E+07
1.08000E-05 4.16013E+11 1.09263E+07
1.09000E-05 4.00939E+11 1.05304E+07
1.10000E-05 3.86542E+11 1.01523E+07
1.11000E-05 3.72784E+11 9.79097E+06
1.12000E-05 3.59633E+11 9.44557E+06
1.13000E-05 3.47057E+11 9.11526E+06
1.14000E-05 3.35026E+11 8.79926E+06
1.15000E-05 3.23511E+11 8.49682E+06
1.16000E-05 3.12486E+11 8.20727E+06
1.17000E-05 3.01927E+11 7.92994E+06
1.18000E-05 2.91810E+11 7.66421E+06
1.19000E-05 2.82112E+11 7.40953E+06
1.20000E-05 2.72815E+11 7.16532E+06
1.21000E-05 2.63897E+11 6.93110E+06
1.22000E-05 2.55340E+11 6.70636E+06
1.23000E-05 2.47127E+11 6.49065E+06
1.24000E-05 2.39241E+11 6.28354E+06
1.25000E-05 2.31668E+11 6.08462E+06
1.26000E-05 2.24391E+11 5.89351E+06
1.27000E-05 2.17398E+11 5.70984E+06
1.28000E-05 2.10675E+11 5.53326E+06
1.29000E-05 2.04210E+11 5.36346E+06
1.30000E-05 1.97991E+11 5.20012E+06
1.31000E-05 1.92006E+11 5.04294E+06
1.32000E-05 1.86246E+11 4.89165E+06
1.33000E-05 1.80700E+11 4.74600E+06
1.34000E-05 1.75359E+11 4.60572E+06
1.35000E-05 1.70214E+11 4.47058E+06
1.36000E-05 1.65256E+11 4.34036E+06
1.37000E-05 1.60477E+11 4.21485E+06
1.38000E-05 1.55870E+11 4.09384E+06
1.39000E-05 1.51427E+11 3.97713E+06
1.40000E-05 1.47140E+11 3.86456E+06
1.41000E-05 1.43005E+11 3.75593E+06
1.42000E-05 1.39013E+11 3.65110E+06
1.43000E-05 1.35160E+11 3.54989E+06
1.44000E-05 1.31439E+11 3.45217E+06
1.45000E-05 1.27845E+11 3.35778E+06
1.46000E-05 1.24373E+11 3.26660E+06
1.47000E-05 1.21019E+11 3.17849E+06
1.48000E-05 1.17776E+11 3.09332E+06
1.49000E-05 1.14641E+11 3.01099E+06
1.50000E-05 1.11610E+11 2.93138E+06
1.51000E-05 1.08679E+11 2.85438E+06
1.52000E-05 1.05842E+11 2.77989E+06
1.53000E-05 1.03098E+11 2.70782E+06
1.54000E-05 1.00442E+11 2.63806E+06
1.55000E-05 9.78712E+10 2.57053E+06
1.56000E-05 9.53819E+10 2.50515E+06
1.57000E-05 9.29712E+10 2.44184E+06
1.58000E-05 9.06361E+10 2.38051E+06
1.59000E-05 8.83738E+10 2.32109E+06
1.60000E-05 8.61816E+10 2.26351E+06
1.61000E-05 8.40569E+10 2.20771E+06
1.62000E-05 8.19973E+10 2.15361E+06
1.63000E-05 8.00003E+10 2.10116E+06
1.64000E-05 7.80637E+10 2.05030E+06
1.65000E-05 7.61853E+10 2.00097E+06
1.66000E-05 7.43631E+10 1.95310E+06
1.67000E-05 7.25949E+10 1.90667E+06
1.68000E-05 7.08790E+10 1.86160E+06
1.69000E-05 6.92134E+10 1.81785E+06
1.70000E-05 6.75965E+10 1.77538E+06
1.71000E-05 6.60264E+10 1.73415E+06
1.72000E-05 6.45017E+10 1.69410E+06
1.73000E-05 6.30207E+10 1.65520E+06
1.74000E-05 6.15819E+10 1.61741E+06
1.75000E-05 6.01839E+10 1.58070E+06
1.76000E-05 5.88253E+10 1.54501E+06
1.77000E-05 5.75048E+10 1.51033E+06
1.78000E-05 5.62212E+10 1.47662E+06
1.79000E-05 5.49731E+10 1.44384E+06
1.80000E-05 5.37595E+10 1.41196E+06
1.81000E-05 5.25791E+10 1.38096E+06
1.82000E-05 5.14309E+10 1.35080E+06
1.83000E-05 5.03139E+10 1.32147E+06
1.84000E-05 4.92270E+10 1.29292E+06
1.85000E-05 4.81693E+10 1.26514E+06
1.86000E-05 4.71399E+10 1.23810E+06
1.87000E-05 4.61377E+10 1.21178E+06
1.88000E-05 4.51621E+10 1.18616E+06
1.89000E-05 4.42120E+10 1.16120E+06
1.90000E-05 4.32868E+10 1.13690E+06
1.91000E-05 4.23857E+10 1.11324E+06
1.92000E-05 4.15078E+10 1.09018E+06
1.93000E-05 4.06526E+10 1.06772E+06
1.94000E-05 3.98193E+10 1.04583E+06
1.95000E-05 3.90071E+10 1.02450E+06
1.96000E-05 3.82156E+10 1.00371E+06
1.97000E-05 3.74440E+10 9.83447E+05
1.98000E-05 3.66918E+10 9.63690E+05
1.99000E-05 3.59584E+10 9.44427E+05
2.00000E-05 3.52432E+10 9.25643E+05
2.01000E-05 3.45457E+10 9.07322E+05
2.02000E-05 3.38653E+10 8.89453E+05
2.03000E-05 3.32016E+10 8.72020E+05
2.04000E-05 3.25540E+10 8.55013E+05
2.05000E-05 3.19222E+10 8.38418E+05
2.06000E-05 3.13055E+10 8.22223E+05
2.07000E-05 3.07037E+10 8.06417E+05
2.08000E-05 3.01163E+10 7.90988E+05
2.09000E-05 2.95429E+10 7.75927E+05
2.10000E-05 2.89830E+10 7.61222E+05
2.11000E-05 2.84363E+10 7.46863E+05
2.12000E-05 2.79024E+10 7.32841E+05
2.13000E-05 2.73810E+10 7.19147E+05
2.14000E-05 2.68717E+10 7.05770E+05
2.15000E-05 2.63742E+10 6.92703E+05
2.16000E-05 2.58881E+10 6.79936E+05
2.17000E-05 2.54132E+10 6.67462E+05
2.18000E-05 2.49491E+10 6.55273E+05
2.19000E-05 2.44955E+10 6.43360E+05
2.20000E-05 2.40522E+10 6.31717E+05
2.21000E-05 2.36188E+10 6.20336E+05
2.22000E-05 2.31952E+10 6.09209E+05
2.23000E-05 2.27810E+10 5.98331E+05
2.24000E-05 2.23760E+10 5.87694E+05
2.25000E-05 2.19800E+10 5.77292E+05
2.26000E-05 2.15927E+10 5.67119E+05
2.27000E-05 2.12138E+10 5.57169E+05
2.28000E-05 2.08433E+10 5.47437E+05
2.29000E-05 2.04807E+10 5.37915E+05
2.30000E-05 2.01261E+10 5.28600E+05
2.31000E-05 1.97790E+10 5.19485E+05
2.32000E-05 1.94394E+10 5.10565E+05
2.33000E-05 1.91071E+10 5.01836E+05
2.34000E-05 1.87818E+10 4.93293E+05
2.35000E-05 1.84634E+10 4.84930E+05
2.36000E-05 1.81517E+10 4.76744E+05
2.37000E-05 1.78465E+10 4.68729E+05
2.38000E-05 1.75478E+10 4.60882E+05
2.39000E-05 1.72552E+10 4.53199E+05
2.40000E-05 1.69687E+10 4.45675E+05
2.41000E-05 1.66882E+10 4.38306E+05
2.42000E-05 1.64134E+10 4.31088E+05
2.43000E-05 1.61442E+10 4.24019E+05
2.44000E-05 1.58805E+10 4.17094E+05
2.45000E-05 1.56222E+10 4.10309E+05
2.46000E-05 1.53691E+10 4.03661E+05
2.47000E-05 1.51211E+10 3.97148E+05
2.48000E-05 1.48781E+10 3.90765E+05
2.49000E-05 1.46400E+10 3.84510E+05
2.50000E-05 1.44065E+10 3.78379E+05
2.51000E-05 1.41777E+10 3.72370E+05
2.52000E-05 1.39535E+10 3.66480E+05
2.53000E-05 1.37336E+10 3.60706E+05
2.54000E-05 1.35181E+10 3.55044E+05
2.55000E-05 1.33067E+10 3.49494E+05
2.56000E-05 1.30995E+10 3.44051E+05
2.57000E-05 1.28963E+10 3.38713E+05
2.58000E-05 1.26970E+10 3.33479E+05
2.59000E-05 1.25015E+10 3.28345E+05
2.60000E-05 1.23098E+10 3.23310E+05
2.61000E-05 1.21217E+10 3.18370E+05
2.62000E-05 1.19372E+10 3.13525E+05
2.63000E-05 1.17562E+10 3.08771E+05
2.64000E-05 1.15787E+10 3.04107E+05
2.65000E-05 1.14044E+10 2.99531E+05
2.66000E-05 1.12334E+10 2.95040E+05
2.67000E-05 1.10656E+10 2.90633E+05
2.68000E-05 1.09010E+10 2.86308E+05
2.69000E-05 1.07393E+10 2.82062E+05
2.70000E-05 1.05807E+10 2.77896E+05
2.71000E-05 1.04249E+10 2.73805E+05
2.72000E-05 1.02721E+10 2.69790E+05
2.73000E-05 1.01220E+10 2.65848E+05
2.74000E-05 9.97462E+09 2.61978E+05
2.75000E-05 9.82992E+09 2.58177E+05
2.76000E-05 9.68784E+09 2.54446E+05
2.77000E-05 9.54832E+09 2.50781E+05
2.78000E-05 9.41129E+09 2.47182E+05
2.79000E-05 9.27671E+09 2.43648E+05
2.80000E-05 9.14452E+09 2.40176E+05
2.81000E-05 9.01468E+09 2.36766E+05
2.82000E-05 8.88713E+09 2.33416E+05
2.83000E-05 8.76183E+09 2.30125E+05
2.84000E-05 8.63872E+09 2.26891E+05
2.85000E-05 8.51777E+09 2.23714E+05
2.86000E-05 8.39893E+09 2.20593E+05
2.87000E-05 8.28214E+09 2.17526E+05
2.88000E-05 8.16738E+09 2.14512E+05
2.89000E-05 8.05460E+09 2.11549E+05
2.90000E-05 7.94375E+09 2.08638E+05
2.91000E-05 7.83480E+09 2.05777E+05
2.92000E-05 7.72771E+09 2.02964E+05
2.93000E-05 7.62245E+09 2.00199E+05
2.94000E-05 7.51896E+09 1.97481E+05
2.95000E-05 7.41723E+09 1.94809E+05
2.96000E-05 7.31721E+09 1.92182E+05
2.97000E-05 7.21886E+09 1.89599E+05
2.98000E-05 7.12217E+09 1.87060E+05
2.99000E-05 7.02708E+09 1.84562E+05
3.00000E-05 6.93357E+09 1.82106E+05
3.01000E-05 6.84161E+09 1.79691E+05
3.02000E-05 6.75117E+09 1.77316E+05
3.03000E-05 6.66222E+09 1.74979E+05
3.04000E-05 6.57472E+09 1.72681E+05
3.05000E-05 6.48866E+09 1.70421E+05
3.06000E-05 6.40399E+09 1.68197E+05
3.07000E-05 6.32070E+09 1.66010E+05
3.08000E-05 6.23876E+09 1.63858E+05
3.09000E-05 6.15815E+09 1.61740E+05
3.10000E-05 6.07882E+09 1.59657E+05
3.11000E-05 6.00077E+09 1.57607E+05
3.12000E-05 5.92397E+09 1.55590E+05
3.13000E-05 5.84839E+09 1.53605E+05
3.14000E-05 5.77401E+09 1.51651E+05
3.15000E-05 5.70080E+09 1.49728E+05
3.16000E-05 5.62876E+09 1.47836E+05
3.17000E-05 5.55784E+09 1.45974E+05
3.18000E-05 5.48804E+09 1.44140E+05
3.19000E-05 5.41933E+09 1.42336E+05
3.20000E-05 5.35169E+09 1.40559E+05
3.21000E-05 5.28509E+09 1.38810E+05
3.22000E-05 5.21954E+09 1.37088E+05
3.23000E-05 5.15499E+09 1.35393E+05
3.24000E-05 5.09143E+09 1.33724E+05
3.25000E-05 5.02885E+09 1.32080E+05
3.26000E-05 4.96723E+09 1.30462E+05
3.27000E-05 4.90655E+09 1.28868E+05
3.28000E-05 4.84679E+09 1.27298E+05
3.29000E-05 4.78794E+09 1.25753E+05
3.30000E-05 4.72998E+09 1.24230E+05
3.31000E-05 4.67288E+09 1.22731E+05
3.32000E-05 4.61665E+09 1.21254E+05
3.33000E-05 4.56126E+09 1.19799E+05
3.34000E-05 4.50670E+09 1.18366E+05
3.35000E-05 4.45295E+09 1.16954E+05
3.36000E-05 4.39999E+09 1.15563E+05
3.37000E-05 4.34782E+09 1.14193E+05
3.38000E-05 4.29642E+09 1.12843E+05
3.39000E-05 4.24578E+09 1.11513E+05
3.40000E-05 4.19588E+09 1.10202E+05
3.41000E-05 4.14671E+09 1.08911E+05
3.42000E-05 4.09826E+09 1.07638E+05
3.43000E-05 4.05051E+09 1.06384E+05
3.44000E-05 4.00345E+09 1.05148E+05
3.45000E-05 3.95708E+09 1.03930E+05
3.46000E-05 3.91137E+09 1.02730E+05
3.47000E-05 3.86632E+09 1.01547E+05
3.48000E-05 3.82191E+09 1.00380E+05
3.49000E-05 3.77814E+09 9.92309E+04
3.50000E-05 3.73500E+09 9.80977E+04
3.51000E-05 3.69247E+09 9.69806E+04
3.52000E-05 3.65054E+09 9.58793E+04
3.53000E-05 3.60920E+09 9.47936E+04
3.54000E-05 3.56845E+09 9.37233E+04
3.55000E-05 3.52827E+09 9.26679E+04
3.56000E-05 3.48865E+09 9.16274E+04
3.57000E-05 3.44958E+09 9.06014E+04
3.58000E-05 3.41106E+09 8.95897E+04
3.59000E-05 3.37308E+09 8.85920E+04
3.60000E-05 3.33562E+09 8.76082E+04
3.61000E-05 3.29868E+09 8.66380E+04
3.62000E-05 3.26225E+09 8.56811E+04
3.63000E-05 3.22632E+09 8.47375E+04
3.64000E-05 3.19088E+09 8.38067E+04
3.65000E-05 3.15593E+09 8.28887E+04
3.66000E-05 3.12145E+09 8.19832E+04
3.67000E-05 3.08744E+09 8.10900E+04
3.68000E-05 3.05390E+09 8.02089E+04
3.69000E-05 3.02080E+09 7.93397E+04
3.70000E-05 2.98816E+09 7.84823E+04
3.71000E-05 2.95595E+09 7.76364E+04
3.72000E-05 2.92418E+09 7.68018E+04
3.73000E-05 2.89283E+09 7.59785E+04
3.74000E-05 2.86189E+09 7.51661E+04
3.75000E-05 2.83137E+09 7.43645E+04
3.76000E-05 2.80126E+09 7.35735E+04
3.77000E-05 2.77154E+09 7.27930E+04
3.78000E-05 2.74222E+09 7.20229E+04
3.79000E-05 2.71328E+09 7.12629E+04
3.80000E-05 2.68473E+09 7.05128E+04
3.81000E-05 2.65654E+09 6.97726E+04
3.82000E-05 2.62873E+09 6.90421E+04
3.83000E-05 2.60128E+09 6.83210E+04
3.84000E-05 2.57418E+09 6.76094E+04
3.85000E-05 2.54744E+09 6.69070E+04
3.86000E-05 2.52104E+09 6.62136E+04
3.87000E-05 2.49498E+09 6.55292E+04
3.88000E-05 2.46926E+09 6.48537E+04
3.89000E-05 2.44387E+09 6.41867E+04
3.90000E-05 2.41880E+09 6.35284E+04
3.91000E-05 2.39405E+09 6.28784E+04
3.92000E-05 2.36962E+09 6.22367E+04
3.93000E-05 2.34550E+09 6.16032E+04
3.94000E-05 2.32168E+09 6.09777E+04
3.95000E-05 2.29817E+09 6.03601E+04
3.96000E-05 2.27495E+09 5.97502E+04
3.97000E-05 2.25202E+09 5.91481E+04
3.98000E-05 2.22938E+09 5.85535E+04
3.99000E-05 2.20703E+09 5.79663E+04
4.00000E-05 2.18495E+09 5.73865E+04
4.01000E-05 2.16315E+09 5.68139E+04
4.02000E-05 2.14162E+09 5.62484E+04
4.03000E-05 2.12035E+09 5.56899E+04
4.04000E-05 2.09935E+09 5.51384E+04
4.05000E-05 2.07861E+09 5.45936E+04
4.06000E-05 2.05812E+09 5.40555E+04
4.07000E-05 2.03789E+09 5.35240E+04
4.08000E-05 2.01790E+09 5.29990E+04
4.09000E-05 1.99816E+09 5.24805E+04
4.10000E-05 1.97865E+09 5.19682E+04
4.11000E-05 1.95939E+09 5.14622E+04
4.12000E-05 1.94035E+09 5.09623E+04
4.13000E-05 1.92155E+09 5.04685E+04
4.14000E-05 1.90298E+09 4.99806E+04
4.15000E-05 1.88462E+09 4.94986E+04
4.16000E-05 1.86649E+09 4.90224E+04
4.17000E-05 1.84858E+09 4.85518E+04
4.18000E-05 1.83088E+09 4.80869E+04
4.19000E-05 1.81339E+09 4.76276E+04
4.20000E-05 1.79610E+09 4.71737E+04
4.21000E-05 1.77903E+09 4.67252E+04
4.22000E-05 1.76215E+09 4.62820E+04
4.23000E-05 1.74548E+09 4.58440E+04
4.24000E-05 1.72900E+09 4.54112E+04
4.25000E-05 1.71271E+09 4.49835E+04
4.26000E-05 1.69662E+09 4.45608E+04
4.27000E-05 1.68071E+09 4.41430E+04
4.28000E-05 1.66499E+09 4.37301E+04
4.29000E-05 1.64946E+09 4.33220E+04
4.30000E-05 1.63410E+09 4.29187E+04
4.31000E-05 1.61892E+09 4.25200E+04
4.32000E-05 1.60392E+09 4.21260E+04
4.33000E-05 1.58909E+09 4.17365E+04
4.34000E-05 1.57443E+09 4.13515E+04
4.35000E-05 1.55994E+09 4.09709E+04
4.36000E-05 1.54561E+09 4.05946E+04
4.37000E-05 1.53145E+09 4.02227E+04
4.38000E-05 1.51745E+09 3.98550E+04
4.39000E-05 1.50361E+09 3.94915E+04
4.40000E-05 1.48993E+09 3.91321E+04
4.41000E-05 1.47640E+09 3.87768E+04
4.42000E-05 1.46302E+09 3.84255E+04
4.43000E-05 1.44980E+09 3.80781E+04
4.44000E-05 1.43672E+09 3.77347E+04
4.45000E-05 1.42379E+09 3.73952E+04
4.46000E-05 1.41101E+09 3.70594E+04
4.47000E-05 1.39837E+09 3.67274E+04
4.48000E-05 1.38587E+09 3.63991E+04
4.49000E-05 1.37351E+09 3.60744E+04
4.50000E-05 1.36128E+09 3.57534E+04
4.51000E-05 1.34920E+09 3.54359E+04
4.52000E-05 1.33724E+09 3.51219E+04
4.53000E-05 1.32542E+09 3.48114E+04
4.54000E-05 1.31373E+09 3.45043E+04
4.55000E-05 1.30216E+09 3.42005E+04
4.56000E-05 1.29072E+09 3.39001E+04
4.57000E-05 1.27941E+09 3.36030E+04
4.58000E-05 1.26822E+09 3.33092E+04
4.59000E-05 1.25716E+09 3.30185E+04
4.60000E-05 1.24621E+09 3.27310E+04
4.61000E-05 1.23538E+09 3.24466E+04
4.62000E-05 1.22467E+09 3.21652E+04
4.63000E-05 1.21407E+09 3.18870E+04
4.64000E-05 1.20359E+09 3.16117E+04
4.65000E-05 1.19322E+09 3.13393E+04
4.66000E-05 1.18297E+09 3.10699E+04
4.67000E-05 1.17282E+09 3.08034E+04
4.68000E-05 1.16278E+09 3.05397E+04
4.69000E-05 1.15285E+09 3.02789E+04
4.70000E-05 1.14302E+09 3.00208E+04
4.71000E-05 1.13330E+09 2.97654E+04
4.72000E-05 1.12368E+09 2.95128E+04
4.73000E-05 1.11416E+09 2.92628E+04
4.74000E-05 1.10474E+09 2.90154E+04
4.75000E-05 1.09542E+09 2.87707E+04
4.76000E-05 1.08620E+09 2.85285E+04
4.77000E-05 1.07708E+09 2.82889E+04
4.78000E-05 1.06805E+09 2.80518E+04
4.79000E-05 1.05912E+09 2.78171E+04
4.80000E-05 1.05028E+09 2.75849E+04
4.81000E-05 1.04153E+09 2.73551E+04
4.82000E-05 1.03287E+09 2.71277E+04
4.83000E-05 1.02430E+09 2.69026E+04
4.84000E-05 1.01582E+09 2.66799E+04
4.85000E-05 1.00743E+09 2.64595E+04
4.86000E-05 9.99118E+08 2.62413E+04
4.87000E-05 9.90897E+08 2.60254E+04
4.88000E-05 9.82760E+08 2.58116E+04
4.89000E-05 9.74706E+08 2.56001E+04
4.90000E-05 9.66734E+08 2.53907E+04
4.91000E-05 9.58843E+08 2.51835E+04
4.92000E-05 9.51033E+08 2.49783E+04
4.93000E-05 9.43301E+08 2.47753E+04
4.94000E-05 9.35648E+08 2.45743E+04
4.95000E-05 9.28073E+08 2.43753E+04
4.96000E-05 9.20573E+08 2.41783E+04
4.97000E-05 9.13149E+08 2.39834E+04
4.98000E-05 9.05800E+08 2.37903E+04
4.99000E-05 8.98524E+08 2.35992E+04
5.00000E-05 8.91321E+08 2.34100E+04
5.01000E-05 8.84190E+08 2.32228E+04
5.02000E-05 8.77130E+08 2.30373E+04
5.03000E-05 8.70140E+08 2.28537E+04
5.04000E-05 8.63219E+08 2.26720E+04
5.05000E-05 8.56367E+08 2.24920E+04
5.06000E-05 8.49583E+08 2.23138E+04
5.07000E-05 8.42866E+08 2.21374E+04
5.08000E-05 8.36214E+08 2.19627E+04
5.09000E-05 8.29628E+08 2.17897E+04
5.10000E-05 8.23107E+08 2.16184E+04
5.11000E-05 8.16650E+08 2.14488E+04
5.12000E-05 8.10255E+08 2.12809E+04
5.13000E-05 8.03923E+08 2.11146E+04
5.14000E-05 7.97652E+08 2.09499E+04
5.15000E-05 7.91443E+08 2.07868E+04
5.16000E-05 7.85293E+08 2.06253E+04
5.17000E-05 7.79203E+08 2.04653E+04
5.18000E-05 7.73172E+08 2.03069E+04
5.19000E-05 7.67199E+08 2.01501E+04
5.20000E-05 7.61284E+08 1.99947E+04
5.21000E-05 7.55425E+08 1.98408E+04
5.22000E-05 7.49622E+08 1.96884E+04
5.23000E-05 7.43875E+08 1.95375E+04
5.24000E-05 7.38183E+08 1.93880E+04
5.25000E-05 7.32544E+08 1.92399E+04
5.26000E-05 7.26960E+08 1.90932E+04
5.27000E-05 7.21428E+08 1.89479E+04
5.28000E-05 7.15949E+08 1.88040E+04
5.29000E-05 7.10522E+08 1.86615E+04
5.30000E-05 7.05146E+08 1.85203E+04
5.31000E-05 6.99821E+08 1.83804E+04
5.32000E-05 6.94545E+08 1.82418E+04
5.33000E-05 6.89319E+08 1.81046E+04
5.34000E-05 6.84142E+08 1.79686E+04
5.35000E-05 6.79014E+08 1.78339E+04
5.36000E-05 6.73933E+08 1.77005E+04
5.37000E-05 6.68900E+08 1.75683E+04
5.38000E-05 6.63914E+08 1.74373E+04
5.39000E-05 6.58973E+08 1.73076E+04
5.40000E-05 6.54079E+08 1.71790E+04
5.41000E-05 6.49230E+08 1.70517E+04
5.42000E-05 6.44425E+08 1.69255E+04
5.43000E-05 6.39665E+08 1.68004E+04
5.44000E-05 6.34949E+08 1.66766E+04
5.45000E-05 6.30276E+08 1.65538E+04
5.46000E-05 6.25645E+08 1.64322E+04
5.47000E-05 6.21057E+08 1.63117E+04
5.48000E-05 6.16511E+08 1.61923E+04
5.49000E-05 6.12007E+08 1.60740E+04
5.50000E-05 6.07543E+08 1.59568E+04
5.51000E-05 6.03120E+08 1.58406E+04
5.52000E-05 5.98737E+08 1.57255E+04
5.53000E-05 5.94393E+08 1.56114E+04
5.54000E-05 5.90089E+08 1.54984E+04
5.55000E-05 5.85824E+08 1.53863E+04
5.56000E-05 5.81597E+08 1.52753E+04
5.57000E-05 5.77408E+08 1.51653E+04
5.58000E-05 5.73256E+08 1.50563E+04
5.59000E-05 5.69142E+08 1.49482E+04
5.60000E-05 5.65065E+08 1.48411E+04
5.61000E-05 5.61023E+08 1.47350E+04
5.62000E-05 5.57018E+08 1.46298E+04
5.63000E-05 5.53049E+08 1.45255E+04
5.64000E-05 5.49114E+08 1.44222E+04
5.65000E-05 5.45215E+08 1.43198E+04
5.66000E-05 5.41350E+08 1.42182E+04
5.67000E-05 5.37519E+08 1.41176E+04
5.68000E-05 5.33722E+08 1.40179E+04
5.69000E-05 5.29958E+08 1.39190E+04
5.70000E-05 5.26227E+08 1.38211E+04
5.71000E-05 5.22529E+08 1.37239E+04
5.72000E-05 5.18863E+08 1.36277E+04
5.73000E-05 5.15230E+08 1.35322E+04
5.74000E-05 5.11628E+08 1.34376E+04
5.75000E-05 5.08057E+08 1.33438E+04
5.76000E-05 5.04517E+08 1.32509E+04
5.77000E-05 5.01008E+08 1.31587E+04
5.78000E-05 4.97530E+08 1.30673E+04
5.79000E-05 4.94081E+08 1.29768E+04
5.80000E-05 4.90663E+08 1.28870E+04
5.81000E-05 4.87273E+08 1.27980E+04
5.82000E-05 4.83913E+08 1.27097E+04
5.83000E-05 4.80582E+08 1.26222E+04
5.84000E-05 4.77279E+08 1.25355E+04
5.85000E-05 4.74005E+08 1.24495E+04
5.86000E-05 4.70758E+08 1.23642E+04
5.87000E-05 4.67539E+08 1.22797E+04
5.88000E-05 4.64348E+08 1.21958E+04
5.89000E-05 4.61184E+08 1.21127E+04
5.90000E-05 4.58046E+08 1.20303E+04
5.91000E-05 4.54935E+08 1.19486E+04
5.92000E-05 4.51851E+08 1.18676E+04
5.93000E-05 4.48792E+08 1.17873E+04
5.94000E-05 4.45759E+08 1.17076E+04
5.95000E-05 4.42752E+08 1.16286E+04
5.96000E-05 4.39770E+08 1.15503E+04
5.97000E-05 4.36813E+08 1.14726E+04
5.98000E-05 4.33881E+08 1.13956E+04
5.99000E-05 4.30973E+08 1.13193E+04
6.00000E-05 4.28089E+08 1.12435E+04
6.01000E-05 4.25230E+08 1.11684E+04
6.02000E-05 4.22394E+08 1.10939E+04
6.03000E-05 4.19582E+08 1.10201E+04
6.04000E-05 4.16793E+08 1.09468E+04
6.05000E-05 4.14027E+08 1.08742E+04
6.06000E-05 4.11284E+08 1.08022E+04
6.07000E-05 4.08564E+08 1.07307E+04
6.08000E-05 4.05866E+08 1.06598E+04
6.09000E-05 4.03190E+08 1.05896E+04
6.10000E-05 4.00537E+08 1.05199E+04
6.11000E-05 3.97905E+08 1.04507E+04
6.12000E-05 3.95294E+08 1.03822E+04
6.13000E-05 3.92705E+08 1.03142E+04
6.14000E-05 3.90137E+08 1.02467E+04
6.15000E-05 3.87590E+08 1.01798E+04
6.16000E-05 3.85063E+08 1.01135E+04
6.17000E-05 3.82557E+08 1.00477E+04
6.18000E-05 3.80072E+08 9.98237E+03
6.19000E-05 3.77606E+08 9.91761E+03
6.20000E-05 3.75160E+08 9.85338E+03
6.21000E-05 3.72734E+08 9.78966E+03
6.22000E-05 3.70328E+08 9.72646E+03
6.23000E-05 3.67941E+08 9.66376E+03
6.24000E-05 3.65573E+08 9.60157E+03
6.25000E-05 3.63224E+08 9.53988E+03
6.26000E-05 3.60894E+08 9.47868E+03
6.27000E-05 3.58582E+08 9.41796E+03
6.28000E-05 3.56289E+08 9.35774E+03
6.29000E-05 3.54014E+08 9.29799E+03
6.30000E-05 3.51758E+08 9.23872E+03
6.31000E-05 3.49519E+08 9.17991E+03
6.32000E-05 3.47298E+08 9.12158E+03
6.33000E-05 3.45094E+08 9.06370E+03
6.34000E-05 3.42908E+08 9.00628E+03
6.35000E-05 3.40739E+08 8.94932E+03
6.36000E-05 3.38587E+08 8.89280E+03
6.37000E-05 3.36452E+08 8.83673E+03
6.38000E-05 3.34334E+08 8.78109E+03
6.39000E-05 3.32232E+08 8.72590E+03
6.40000E-05 3.30147E+08 8.67113E+03
6.41000E-05 3.28078E+08 8.61680E+03
6.42000E-05 3.26026E+08 8.56288E+03
6.43000E-05 3.23989E+08 8.50939E+03
6.44000E-05 3.21968E+08 8.45631E+03
6.45000E-05 3.19963E+08 8.40365E+03
6.46000E-05 3.17973E+08 8.35139E+03
6.47000E-05 3.15999E+08 8.29954E+03
6.48000E-05 3.14040E+08 8.24809E+03
6.49000E-05 3.12096E+08 8.19703E+03
6.50000E-05 3.10167E+08 8.14637E+03
6.51000E-05 3.08253E+08 8.09610E+03
6.52000E-05 3.06354E+08 8.04621E+03
6.53000E-05 3.04469E+08 7.99671E+03
6.54000E-05 3.02599E+08 7.94759E+03
6.55000E-05 3.00743E+08 7.89884E+03
6.56000E-05 2.98901E+08 7.85046E+03
6.57000E-05 2.97073E+08 7.80246E+03
6.58000E-05 2.95259E+08 7.75481E+03
6.59000E-05 2.93459E+08 7.70753E+03
6.60000E-05 2.91672E+08 7.66061E+03
6.61000E-05 2.89900E+08 7.61405E+03
6.62000E-05 2.88140E+08 7.56784E+03
6.63000E-05 2.86394E+08 7.52197E+03
6.64000E-05 2.84661E+08 7.47645E+03
6.65000E-05 2.82941E+08 7.43128E+03
6.66000E-05 2.81234E+08 7.38644E+03
6.67000E-05 2.79539E+08 7.34195E+03
6.68000E-05 2.77858E+08 7.29778E+03
6.69000E-05 2.76189E+08 7.25395E+03
6.70000E-05 2.74532E+08 7.21044E+03
6.71000E-05 2.72888E+08 7.16726E+03
6.72000E-05 2.71256E+08 7.12440E+03
6.73000E-05 2.69637E+08 7.08186E+03
6.74000E-05 2.68029E+08 7.03963E+03
6.75000E-05 2.66433E+08 6.99772E+03
6.76000E-05 2.64849E+08 6.95612E+03
6.77000E-05 2.63277E+08 6.91483E+03
6.78000E-05 2.61717E+08 6.87384E+03
6.79000E-05 2.60168E+08 6.83316E+03
6.80000E-05 2.58630E+08 6.79277E+03
6.81000E-05 2.57104E+08 6.75268E+03
6.82000E-05 2.55588E+08 6.71289E+03
6.83000E-05 2.54084E+08 6.67339E+03
6.84000E-05 2.52591E+08 6.63417E+03
6.85000E-05 2.51109E+08 6.59525E+03
6.86000E-05 2.49638E+08 6.55661E+03
6.87000E-05 2.48178E+08 6.51825E+03
6.88000E-05 2.46728E+08 6.48017E+03
6.89000E-05 2.45288E+08 6.44236E+03
6.90000E-05 2.43859E+08 6.40483E+03
6.91000E-05 2.42441E+08 6.36758E+03
6.92000E-05 2.41033E+08 6.33059E+03
6.93000E-05 2.39635E+08 6.29387E+03
6.94000E-05 2.38247E+08 6.25741E+03
6.95000E-05 2.36869E+08 6.22122E+03
6.96000E-05 2.35501E+08 6.18529E+03
6.97000E-05 2.34142E+08 6.14962E+03
6.98000E-05 2.32794E+08 6.11420E+03
6.99000E-05 2.31455E+08 6.07904E+03
7.00000E-05 2.30126E+08 6.04413E+03
7.01000E-05 2.28806E+08 6.00946E+03
7.02000E-05 2.27496E+08 5.97505E+03
7.03000E-05 2.26195E+08 5.94088E+03
7.04000E-05 2.24903E+08 5.90695E+03
7.05000E-05 2.23621E+08 5.87327E+03
7.06000E-05 2.22347E+08 5.83982E+03
7.07000E-05 2.21083E+08 5.80661E+03
7.08000E-05 2.19827E+08 5.77364E+03
7.09000E-05 2.18581E+08 5.74090E+03
7.10000E-05 2.17343E+08 5.70839E+03
7.11000E-05 2.16114E+08 5.67611E+03
7.12000E-05 2.14893E+08 5.64406E+03
7.13000E-05 2.13682E+08 5.61223E+03
7.14000E-05 2.12478E+08 5.58062E+03
7.15000E-05 2.11283E+08 5.54924E+03
7.16000E-05 2.10097E+08 5.51808E+03
7.17000E-05 2.08919E+08 5.48713E+03
7.18000E-05 2.07749E+08 5.45640E+03
7.19000E-05 2.06587E+08 5.42589E+03
7.20000E-05 2.05433E+08 5.39558E+03
7.21000E-05 2.04287E+08 5.36549E+03
7.22000E-05 2.03149E+08 5.33561E+03
7.23000E-05 2.02020E+08 5.30593E+03
7.24000E-05 2.00897E+08 5.27646E+03
7.25000E-05 1.99783E+08 5.24719E+03
7.26000E-05 1.98676E+08 5.21813E+03
7.27000E-05 1.97577E+08 5.18926E+03
7.28000E-05 1.96486E+08 5.16060E+03
7.29000E-05 1.95402E+08 5.13213E+03
7.30000E-05 1.94326E+08 5.10385E+03
7.31000E-05 1.93256E+08 5.07577E+03
7.32000E-05 1.92195E+08 5.04789E+03
7.33000E-05 1.91140E+08 5.02019E+03
7.34000E-05 1.90093E+08 4.99268E+03
7.35000E-05 1.89053E+08 4.96536E+03
7.36000E-05 1.88020E+08 4.93823E+03
7.37000E-05 1.86993E+08 4.91128E+03
7.38000E-05 1.85974E+08 4.88451E+03
7.39000E-05 1.84962E+08 4.85793E+03
7.40000E-05 1.83957E+08 4.83152E+03
7.41000E-05 1.82958E+08 4.80530E+03
7.42000E-05 1.81966E+08 4.77925E+03
7.43000E-05 1.80981E+08 4.75337E+03
7.44000E-05 1.80003E+08 4.72767E+03
7.45000E-05 1.79031E+08 4.70215E+03
7.46000E-05 1.78066E+08 4.67679E+03
7.47000E-05 1.77107E+08 4.65161E+03
7.48000E-05 1.76154E+08 4.62659E+03
7.49000E-05 1.75208E+08 4.60174E+03
7.50000E-05 1.74268E+08 4.57706E+03
7.51000E-05 1.73335E+08 4.55254E+03
7.52000E-05 1.72408E+08 4.52819E+03
7.53000E-05 1.71487E+08 4.50400E+03
7.54000E-05 1.70572E+08 4.47997E+03
7.55000E-05 1.69663E+08 4.45610E+03
7.56000E-05 1.68760E+08 4.43238E+03
7.57000E-05 1.67863E+08 4.40883E+03
7.58000E-05 1.66972E+08 4.38543E+03
7.59000E-05 1.66087E+08 4.36218E+03
7.60000E-05 1.65208E+08 4.33909E+03
7.61000E-05 1.64334E+08 4.31615E+03
7.62000E-05 1.63467E+08 4.29336E+03
7.63000E-05 1.62605E+08 4.27072E+03
7.64000E-05 1.61748E+08 4.24823E+03
7.65000E-05 1.60898E+08 4.22588E+03
7.66000E-05 1.60052E+08 4.20369E+03
7.67000E-05 1.59213E+08 4.18164E+03
7.68000E-05 1.58379E+08 4.15973E+03
7.69000E-05 1.57550E+08 4.13796E+03
7.70000E-05 1.56727E+08 4.11634E+03
7.71000E-05 1.55909E+08 4.09485E+03
7.72000E-05 1.55096E+08 4.07351E+03
7.73000E-05 1.54289E+08 4.05231E+03
7.74000E-05 1.53487E+08 4.03124E+03
7.75000E-05 1.52690E+08 4.01031E+03
7.76000E-05 1.51898E+08 3.98951E+03
7.77000E-05 1.51111E+08 3.96885E+03
7.78000E-05 1.50329E+08 3.94832E+03
7.79000E-05 1.49553E+08 3.92792E+03
7.80000E-05 1.48781E+08 3.90766E+03
7.81000E-05 1.48015E+08 3.88752E+03
7.82000E-05 1.47253E+08 3.86751E+03
7.83000E-05 1.46496E+08 3.84764E+03
7.84000E-05 1.45744E+08 3.82788E+03
7.85000E-05 1.44997E+08 3.80826E+03
7.86000E-05 1.44254E+08 3.78876E+03
7.87000E-05 1.43517E+08 3.76938E+03
7.88000E-05 1.42784E+08 3.75013E+03
7.89000E-05 1.42055E+08 3.73100E+03
7.90000E-05 1.41332E+08 3.71199E+03
7.91000E-05 1.40612E+08 3.69311E+03
7.92000E-05 1.39898E+08 3.67434E+03
7.93000E-05 1.39188E+08 3.65569E+03
7.94000E-05 1.38482E+08 3.63716E+03
7.95000E-05 1.37781E+08 3.61874E+03
7.96000E-05 1.37084E+08 3.60044E+03
7.97000E-05 1.36392E+08 3.58226E+03
7.98000E-05 1.35704E+08 3.56419E+03
7.99000E-05 1.35020E+08 3.54623E+03
8.00000E-05 1.34341E+08 3.52839E+03
8.01000E-05 1.33666E+08 3.51066E+03
8.02000E-05 1.32995E+08 3.49304E+03
8.03000E-05 1.32328E+08 3.47552E+03
8.04000E-05 1.31666E+08 3.45812E+03
8.05000E-05 1.31007E+08 3.44083E+03
8.06000E-05 1.30353E+08 3.42364E+03
8.07000E-05 1.29703E+08 3.40656E+03
8.08000E-05 1.29056E+08 3.38959E+03
8.09000E-05 1.28414E+08 3.37272E+03
8.10000E-05 1.27776E+08 3.35596E+03
8.11000E-05 1.27142E+08 3.33930E+03
8.12000E-05 1.26511E+08 3.32274E+03
8.13000E-05 1.25885E+08 3.30629E+03
8.14000E-05 1.25262E+08 3.28994E+03
8.15000E-05 1.24643E+08 3.27368E+03
8.16000E-05 1.24028E+08 3.25753E+03
8.17000E-05 1.23417E+08 3.24148E+03
8.18000E-05 1.22810E+08 3.22552E+03
8.19000E-05 1.22206E+08 3.20967E+03
8.20000E-05 1.21606E+08 3.19391E+03
8.21000E-05 1.21009E+08 3.17824E+03
8.22000E-05 1.20417E+08 3.16267E+03
8.23000E-05 1.19827E+08 3.14720E+03
8.24000E-05 1.19242E+08 3.13182E+03
8.25000E-05 1.18660E+08 3.11654E+03
8.26000E-05 1.18081E+08 3.10134E+03
8.27000E-05 1.17506E+08 3.08624E+03
8.28000E-05 1.16935E+08 3.07123E+03
8.29000E-05 1.16367E+08 3.05631E+03
8.30000E-05 1.15802E+08 3.04149E+03
8.31000E-05 1.15241E+08 3.02675E+03
8.32000E-05 1.14683E+08 3.01210E+03
8.33000E-05 1.14129E+08 2.99753E+03
8.34000E-05 1.13578E+08 2.98306E+03
8.35000E-05 1.13030E+08 2.96867E+03
8.36000E-05 1.12486E+08 2.95437E+03
8.37000E-05 1.11944E+08 2.94016E+03
8.38000E-05 1.11406E+08 2.92603E+03
8.39000E-05 1.10872E+08 2.91198E+03
8.40000E-05 1.10340E+08 2.89802E+03
8.41000E-05 1.09812E+08 2.88414E+03
8.42000E-05 1.09286E+08 2.87035E+03
8.43000E-05 1.08764E+08 2.85663E+03
8.44000E-05 1.08245E+08 2.84300E+03
8.45000E-05 1.07729E+08 2.82945E+03
8.46000E-05 1.07216E+08 2.81598E+03
8.47000E-05 1.06707E+08 2.80259E+03
8.48000E-05 1.06200E+08 2.78928E+03
8.49000E-05 1.05696E+08 2.77604E+03
8.50000E-05 1.05195E+08 2.76289E+03
8.51000E-05 1.04697E+08 2.74981E+03
8.52000E-05 1.04202E+08 2.73681E+03
8.53000E-05 1.03710E+08 2.72389E+03
8.54000E-05 1.03221E+08 2.71104E+03
8.55000E-05 1.02735E+08 2.69826E+03
8.56000E-05 1.02251E+08 2.68557E+03
8.57000E-05 1.01770E+08 2.67294E+03
8.58000E-05 1.01293E+08 2.66039E+03
8.59000E-05 1.00818E+08 2.64792E+03
8.60000E-05 1.00345E+08 2.63551E+03
8.61000E-05 9.98758E+07 2.62318E+03
8.62000E-05 9.94091E+07 2.61092E+03
8.63000E-05 9.89450E+07 2.59874E+03
8.64000E-05 9.84836E+07 2.58662E+03
8.65000E-05 9.80250E+07 2.57457E+03
8.66000E-05 9.75689E+07 2.56259E+03
8.67000E-05 9.71155E+07 2.55069E+03
8.68000E-05 9.66648E+07 2.53885E+03
8.69000E-05 9.62166E+07 2.52708E+03
8.70000E-05 9.57710E+07 2.51537E+03
8.71000E-05 9.53280E+07 2.50374E+03
8.72000E-05 9.48876E+07 2.49217E+03
8.73000E-05 9.44496E+07 2.48067E+03
8.74000E-05 9.40142E+07 2.46923E+03
8.75000E-05 9.35813E+07 2.45786E+03
8.76000E-05 9.31509E+07 2.44656E+03
8.77000E-05 9.27229E+07 2.43531E+03
8.78000E-05 9.22974E+07 2.42414E+03
8.79000E-05 9.18743E+07 2.41303E+03
8.80000E-05 9.14536E+07 2.40198E+03
8.81000E-05 9.10353E+07 2.39099E+03
8.82000E-05 9.06194E+07 2.38007E+03
8.83000E-05 9.02058E+07 2.36921E+03
8.84000E-05 8.97946E+07 2.35841E+03
8.85000E-05 8.93858E+07 2.34767E+03
8.86000E-05 8.89792E+07 2.33699E+03
8.87000E-05 8.85750E+07 2.32637E+03
8.88000E-05 8.81730E+07 2.31581E+03
8.89000E-05 8.77733E+07 2.30532E+03
8.90000E-05 8.73758E+07 2.29488E+03
8.91000E-05 8.69806E+07 2.28450E+03
8.92000E-05 8.65877E+07 2.27418E+03
8.93000E-05 8.61969E+07 2.26391E+03
8.94000E-05 8.58083E+07 2.25371E+03
8.95000E-05 8.54219E+07 2.24356E+03
8.96000E-05 8.50377E+07 2.23347E+03
8.97000E-05 8.46556E+07 2.22343E+03
8.98000E-05 8.42756E+07 2.21345E+03
8.99000E-05 8.38978E+07 2.20353E+03
9.00000E-05 8.35221E+07 2.19366E+03
9.01000E-05 8.31485E+07 2.18385E+03
9.02000E-05 8.27769E+07 2.17409E+03
9.03000E-05 8.24074E+07 2.16439E+03
9.04000E-05 8.20400E+07 2.15473E+03
9.05000E-05 8.16746E+07 2.14514E+03
9.06000E-05 8.13112E+07 2.13559E+03
9.07000E-05 8.09499E+07 2.12610E+03
9.08000E-05 8.05905E+07 2.11666E+03
9.09000E-05 8.02331E+07 2.10728E+03
9.10000E-05 7.98777E+07 2.09794E+03
9.11000E-05 7.95243E+07 2.08866E+03
9.12000E-05 7.91728E+07 2.07943E+03
9.13000E-05 7.88232E+07 2.07025E+03
9.14000E-05 7.84756E+07 2.06112E+03
9.15000E-05 7.81298E+07 2.05204E+03
9.16000E-05 7.77860E+07 2.04301E+03
9.17000E-05 7.74440E+07 2.03402E+03
9.18000E-05 7.71039E+07 2.02509E+03
9.19000E-05 7.67657E+07 2.01621E+03
9.20000E-05 7.64293E+07 2.00737E+03
9.21000E-05 7.60947E+07 1.99859E+03
9.22000E-05 7.57620E+07 1.98985E+03
9.23000E-05 7.54311E+07 1.98116E+03
9.24000E-05 7.51019E+07 1.97251E+03
9.25000E-05 7.47746E+07 1.96391E+03
9.26000E-05 7.44490E+07 1.95536E+03
9.27000E-05 7.41252E+07 1.94686E+03
9.28000E-05 7.38032E+07 1.93840E+03
9.29000E-05 7.34829E+07 1.92999E+03
9.30000E-05 7.31643E+07 1.92162E+03
9.31000E-05 7.28474E+07 1.91330E+03
9.32000E-05 7.25323E+07 1.90502E+03
9.33000E-05 7.22188E+07 1.89679E+03
9.34000E-05 7.19070E+07 1.88860E+03
9.35000E-05 7.15969E+07 1.88045E+03
9.36000E-05 7.12885E+07 1.87235E+03
9.37000E-05 7.09817E+07 1.86429E+03
9.38000E-05 7.06766E+07 1.85628E+03
9.39000E-05 7.03730E+07 1.84831E+03
9.40000E-05 7.00711E+07 1.84038E+03
9.41000E-05 6.97709E+07 1.83249E+03
9.42000E-05 6.94722E+07 1.82465E+03
9.43000E-05 6.91751E+07 1.81685E+03
9.44000E-05 6.88796E+07 1.80908E+03
9.45000E-05 6.85856E+07 1.80136E+03
9.46000E-05 6.82933E+07 1.79368E+03
9.47000E-05 6.80024E+07 1.78605E+03
9.48000E-05 6.77131E+07 1.77845E+03
9.49000E-05 6.74254E+07 1.77089E+03
9.50000E-05 6.71391E+07 1.76337E+03
9.51000E-05 6.68544E+07 1.75589E+03
9.52000E-05 6.65712E+07 1.74846E+03
9.53000E-05 6.62895E+07 1.74106E+03
9.54000E-05 6.60092E+07 1.73370E+03
9.55000E-05 6.57304E+07 1.72637E+03
9.56000E-05 6.54531E+07 1.71909E+03
9.57000E-05 6.51773E+07 1.71184E+03
9.58000E-05 6.49029E+07 1.70464E+03
9.59000E-05 6.46299E+07 1.69747E+03
9.60000E-05 6.43583E+07 1.69034E+03
9.61000E-05 6.40882E+07 1.68324E+03
9.62000E-05 6.38195E+07 1.67618E+03
9.63000E-05 6.35522E+07 1.66916E+03
9.64000E-05 6.32863E+07 1.66218E+03
9.65000E-05 6.30217E+07 1.65523E+03
9.66000E-05 6.27586E+07 1.64832E+03
9.67000E-05 6.24968E+07 1.64144E+03
9.68000E-05 6.22363E+07 1.63460E+03
9.69000E-05 6.19772E+07 1.62780E+03
9.70000E-05 6.17195E+07 1.62103E+03
9.71000E-05 6.14631E+07 1.61429E+03
9.72000E-05 6.12080E+07 1.60759E+03
9.73000E-05 6.09542E+07 1.60093E+03
9.74000E-05 6.07017E+07 1.59430E+03
9.75000E-05 6.04506E+07 1.58770E+03
9.76000E-05 6.02007E+07 1.58114E+03
9.77000E-05 5.99521E+07 1.57461E+03
9.78000E-05 5.97048E+07 1.56811E+03
9.79000E-05 5.94588E+07 1.56165E+03
9.80000E-05 5.92140E+07 1.55522E+03
9.81000E-05 5.89705E+07 1.54883E+03
9.82000E-05 5.87282E+07 1.54246E+03
9.83000E-05 5.84871E+07 1.53613E+03
9.84000E-05 5.82473E+07 1.52983E+03
9.85000E-05 5.80087E+07 1.52357E+03
9.86000E-05 5.77714E+07 1.51733E+03
9.87000E-05 5.75352E+07 1.51113E+03
9.88000E-05 5.73002E+07 1.50496E+03
9.89000E-05 5.70665E+07 1.49882E+03
9.90000E-05 5.68339E+07 1.49271E+03
9.91000E-05 5.66025E+07 1.48663E+03
9.92000E-05 5.63722E+07 1.48058E+03
9.93000E-05 5.61431E+07 1.47457E+03
9.94000E-05 5.59152E+07 1.46858E+03
9.95000E-05 5.56885E+07 1.46263E+03
9.96000E-05 5.54628E+07 1.45670E+03
9.97000E-05 5.52384E+07 1.45080E+03
9.98000E-05 5.50150E+07 1.44494E+03
9.99000E-05 5.47928E+07 1.43910E+03
1.00000E-04 5.45717E+07 1.43329E+03
