#  FeatureSize(cm)    Fluence(mum2)   Dose(Gy)
1.00000E-07 1.03964E+20 2.73055E+15
2.00000E-07 6.49774E+18 1.70660E+14
3.00000E-07 1.28350E+18 3.37105E+13
4.00000E-07 4.06109E+17 1.06662E+13
5.00000E-07 1.66342E+17 4.36888E+12
6.00000E-07 8.02190E+16 2.10691E+12
7.00000E-07 4.33002E+16 1.13726E+12
8.00000E-07 2.53818E+16 6.66639E+11
9.00000E-07 1.58457E+16 4.16179E+11
1.00000E-06 1.03964E+16 2.73055E+11
1.10000E-06 7.10087E+15 1.86500E+11
1.20000E-06 5.01369E+15 1.31682E+11
1.30000E-06 3.64006E+15 9.56042E+10
1.40000E-06 2.70626E+15 7.10785E+10
1.50000E-06 2.05361E+15 5.39368E+10
1.60000E-06 1.58636E+15 4.16649E+10
1.70000E-06 1.24476E+15 3.26930E+10
1.80000E-06 9.90358E+14 2.60112E+10
1.90000E-06 7.97752E+14 2.09525E+10
2.00000E-06 6.49774E+14 1.70660E+10
2.10000E-06 5.34571E+14 1.40402E+10
2.20000E-06 4.43804E+14 1.16563E+10
2.30000E-06 3.71510E+14 9.75751E+09
2.40000E-06 3.13356E+14 8.23011E+09
2.50000E-06 2.66147E+14 6.99021E+09
2.60000E-06 2.27504E+14 5.97526E+09
2.70000E-06 1.95626E+14 5.13802E+09
2.80000E-06 1.69142E+14 4.44241E+09
2.90000E-06 1.46991E+14 3.86063E+09
3.00000E-06 1.28350E+14 3.37105E+09
3.10000E-06 1.12573E+14 2.95668E+09
3.20000E-06 9.91476E+13 2.60406E+09
3.30000E-06 8.76651E+13 2.30247E+09
3.40000E-06 7.77977E+13 2.04331E+09
3.50000E-06 6.92804E+13 1.81961E+09
3.60000E-06 6.18974E+13 1.62570E+09
3.70000E-06 5.54722E+13 1.45695E+09
3.80000E-06 4.98595E+13 1.30953E+09
3.90000E-06 4.49391E+13 1.18030E+09
4.00000E-06 4.06109E+13 1.06662E+09
4.10000E-06 3.67914E+13 9.66307E+08
4.20000E-06 3.34107E+13 8.77513E+08
4.30000E-06 3.04094E+13 7.98687E+08
4.40000E-06 2.77378E+13 7.28517E+08
4.50000E-06 2.53532E+13 6.65887E+08
4.60000E-06 2.32194E+13 6.09845E+08
4.70000E-06 2.13055E+13 5.59576E+08
4.80000E-06 1.95847E+13 5.14382E+08
4.90000E-06 1.80342E+13 4.73659E+08
5.00000E-06 1.66342E+13 4.36888E+08
5.10000E-06 1.53674E+13 4.03617E+08
5.20000E-06 1.42190E+13 3.73454E+08
5.30000E-06 1.31759E+13 3.46056E+08
5.40000E-06 1.22266E+13 3.21126E+08
5.50000E-06 1.13614E+13 2.98401E+08
5.60000E-06 1.05713E+13 2.77650E+08
5.70000E-06 9.84879E+12 2.58673E+08
5.80000E-06 9.18693E+12 2.41290E+08
5.90000E-06 8.57974E+12 2.25342E+08
6.00000E-06 8.02190E+12 2.10691E+08
6.10000E-06 7.50867E+12 1.97211E+08
6.20000E-06 7.03583E+12 1.84792E+08
6.30000E-06 6.59964E+12 1.73336E+08
6.40000E-06 6.19673E+12 1.62754E+08
6.50000E-06 5.82410E+12 1.52967E+08
6.60000E-06 5.47907E+12 1.43905E+08
6.70000E-06 5.15921E+12 1.35504E+08
6.80000E-06 4.86236E+12 1.27707E+08
6.90000E-06 4.58655E+12 1.20463E+08
7.00000E-06 4.33002E+12 1.13726E+08
7.10000E-06 4.09118E+12 1.07453E+08
7.20000E-06 3.86859E+12 1.01606E+08
7.30000E-06 3.66093E+12 9.61522E+07
7.40000E-06 3.46701E+12 9.10592E+07
7.50000E-06 3.28577E+12 8.62989E+07
7.60000E-06 3.11622E+12 8.18457E+07
7.70000E-06 2.95746E+12 7.76761E+07
7.80000E-06 2.80869E+12 7.37687E+07
7.90000E-06 2.66916E+12 7.01039E+07
8.00000E-06 2.53818E+12 6.66639E+07
8.10000E-06 2.41514E+12 6.34323E+07
8.20000E-06 2.29947E+12 6.03942E+07
8.30000E-06 2.19063E+12 5.75358E+07
8.40000E-06 2.08817E+12 5.48445E+07
8.50000E-06 1.99162E+12 5.23088E+07
8.60000E-06 1.90059E+12 4.99179E+07
8.70000E-06 1.81470E+12 4.76621E+07
8.80000E-06 1.73361E+12 4.55323E+07
8.90000E-06 1.65700E+12 4.35202E+07
9.00000E-06 1.58457E+12 4.16179E+07
9.10000E-06 1.51606E+12 3.98185E+07
9.20000E-06 1.45121E+12 3.81153E+07
9.30000E-06 1.38979E+12 3.65022E+07
9.40000E-06 1.33159E+12 3.49735E+07
9.50000E-06 1.27640E+12 3.35240E+07
9.60000E-06 1.22405E+12 3.21489E+07
9.70000E-06 1.17434E+12 3.08435E+07
9.80000E-06 1.12714E+12 2.96037E+07
9.90000E-06 1.08228E+12 2.84256E+07
1.00000E-05 1.03964E+12 2.73055E+07
1.01000E-05 9.99072E+11 2.62401E+07
1.02000E-05 9.60465E+11 2.52261E+07
1.03000E-05 9.23705E+11 2.42606E+07
1.04000E-05 8.88687E+11 2.33409E+07
1.05000E-05 8.55313E+11 2.24643E+07
1.06000E-05 8.23491E+11 2.16285E+07
1.07000E-05 7.93135E+11 2.08313E+07
1.08000E-05 7.64165E+11 2.00704E+07
1.09000E-05 7.36506E+11 1.93439E+07
1.10000E-05 7.10087E+11 1.86500E+07
1.11000E-05 6.84842E+11 1.79870E+07
1.12000E-05 6.60709E+11 1.73532E+07
1.13000E-05 6.37630E+11 1.67470E+07
1.14000E-05 6.15549E+11 1.61671E+07
1.15000E-05 5.94417E+11 1.56120E+07
1.16000E-05 5.74183E+11 1.50806E+07
1.17000E-05 5.54803E+11 1.45716E+07
1.18000E-05 5.36234E+11 1.40839E+07
1.19000E-05 5.18435E+11 1.36164E+07
1.20000E-05 5.01369E+11 1.31682E+07
1.21000E-05 4.84999E+11 1.27382E+07
1.22000E-05 4.69292E+11 1.23257E+07
1.23000E-05 4.54215E+11 1.19297E+07
1.24000E-05 4.39740E+11 1.15495E+07
1.25000E-05 4.25836E+11 1.11843E+07
1.26000E-05 4.12477E+11 1.08335E+07
1.27000E-05 3.99639E+11 1.04963E+07
1.28000E-05 3.87295E+11 1.01721E+07
1.29000E-05 3.75425E+11 9.86033E+06
1.30000E-05 3.64006E+11 9.56042E+06
1.31000E-05 3.53018E+11 9.27183E+06
1.32000E-05 3.42442E+11 8.99404E+06
1.33000E-05 3.32258E+11 8.72658E+06
1.34000E-05 3.22451E+11 8.46898E+06
1.35000E-05 3.13002E+11 8.22082E+06
1.36000E-05 3.03897E+11 7.98169E+06
1.37000E-05 2.95121E+11 7.75119E+06
1.38000E-05 2.86659E+11 7.52895E+06
1.39000E-05 2.78499E+11 7.31461E+06
1.40000E-05 2.70626E+11 7.10785E+06
1.41000E-05 2.63030E+11 6.90835E+06
1.42000E-05 2.55699E+11 6.71579E+06
1.43000E-05 2.48621E+11 6.52990E+06
1.44000E-05 2.41787E+11 6.35039E+06
1.45000E-05 2.35185E+11 6.17701E+06
1.46000E-05 2.28808E+11 6.00951E+06
1.47000E-05 2.22645E+11 5.84765E+06
1.48000E-05 2.16688E+11 5.69120E+06
1.49000E-05 2.10929E+11 5.53994E+06
1.50000E-05 2.05361E+11 5.39368E+06
1.51000E-05 1.99974E+11 5.25222E+06
1.52000E-05 1.94764E+11 5.11536E+06
1.53000E-05 1.89722E+11 4.98293E+06
1.54000E-05 1.84841E+11 4.85476E+06
1.55000E-05 1.80117E+11 4.73068E+06
1.56000E-05 1.75543E+11 4.61054E+06
1.57000E-05 1.71113E+11 4.49419E+06
1.58000E-05 1.66822E+11 4.38149E+06
1.59000E-05 1.62665E+11 4.27230E+06
1.60000E-05 1.58636E+11 4.16649E+06
1.61000E-05 1.54732E+11 4.06394E+06
1.62000E-05 1.50946E+11 3.96452E+06
1.63000E-05 1.47276E+11 3.86812E+06
1.64000E-05 1.43717E+11 3.77464E+06
1.65000E-05 1.40264E+11 3.68396E+06
1.66000E-05 1.36915E+11 3.59599E+06
1.67000E-05 1.33665E+11 3.51063E+06
1.68000E-05 1.30510E+11 3.42778E+06
1.69000E-05 1.27449E+11 3.34737E+06
1.70000E-05 1.24476E+11 3.26930E+06
1.71000E-05 1.21590E+11 3.19349E+06
1.72000E-05 1.18787E+11 3.11987E+06
1.73000E-05 1.16064E+11 3.04836E+06
1.74000E-05 1.13419E+11 2.97888E+06
1.75000E-05 1.10849E+11 2.91138E+06
1.76000E-05 1.08351E+11 2.84577E+06
1.77000E-05 1.05923E+11 2.78200E+06
1.78000E-05 1.03562E+11 2.72001E+06
1.79000E-05 1.01268E+11 2.65973E+06
1.80000E-05 9.90358E+10 2.60112E+06
1.81000E-05 9.68653E+10 2.54411E+06
1.82000E-05 9.47538E+10 2.48866E+06
1.83000E-05 9.26996E+10 2.43470E+06
1.84000E-05 9.07008E+10 2.38221E+06
1.85000E-05 8.87555E+10 2.33111E+06
1.86000E-05 8.68621E+10 2.28139E+06
1.87000E-05 8.50190E+10 2.23298E+06
1.88000E-05 8.32244E+10 2.18584E+06
1.89000E-05 8.14770E+10 2.13995E+06
1.90000E-05 7.97752E+10 2.09525E+06
1.91000E-05 7.81176E+10 2.05171E+06
1.92000E-05 7.65028E+10 2.00930E+06
1.93000E-05 7.49295E+10 1.96798E+06
1.94000E-05 7.33965E+10 1.92772E+06
1.95000E-05 7.19025E+10 1.88848E+06
1.96000E-05 7.04463E+10 1.85023E+06
1.97000E-05 6.90267E+10 1.81295E+06
1.98000E-05 6.76428E+10 1.77660E+06
1.99000E-05 6.62934E+10 1.74116E+06
2.00000E-05 6.49774E+10 1.70660E+06
2.01000E-05 6.36939E+10 1.67289E+06
2.02000E-05 6.24420E+10 1.64000E+06
2.03000E-05 6.12207E+10 1.60793E+06
2.04000E-05 6.00291E+10 1.57663E+06
2.05000E-05 5.88663E+10 1.54609E+06
2.06000E-05 5.77316E+10 1.51629E+06
2.07000E-05 5.66241E+10 1.48720E+06
2.08000E-05 5.55430E+10 1.45880E+06
2.09000E-05 5.44875E+10 1.43108E+06
2.10000E-05 5.34571E+10 1.40402E+06
2.11000E-05 5.24508E+10 1.37759E+06
2.12000E-05 5.14682E+10 1.35178E+06
2.13000E-05 5.05084E+10 1.32658E+06
2.14000E-05 4.95709E+10 1.30195E+06
2.15000E-05 4.86551E+10 1.27790E+06
2.16000E-05 4.77603E+10 1.25440E+06
2.17000E-05 4.68860E+10 1.23144E+06
2.18000E-05 4.60316E+10 1.20899E+06
2.19000E-05 4.51966E+10 1.18706E+06
2.20000E-05 4.43804E+10 1.16563E+06
2.21000E-05 4.35826E+10 1.14467E+06
2.22000E-05 4.28026E+10 1.12419E+06
2.23000E-05 4.20400E+10 1.10416E+06
2.24000E-05 4.12943E+10 1.08457E+06
2.25000E-05 4.05651E+10 1.06542E+06
2.26000E-05 3.98519E+10 1.04669E+06
2.27000E-05 3.91542E+10 1.02836E+06
2.28000E-05 3.84718E+10 1.01044E+06
2.29000E-05 3.78042E+10 9.92907E+05
2.30000E-05 3.71510E+10 9.75751E+05
2.31000E-05 3.65119E+10 9.58965E+05
2.32000E-05 3.58864E+10 9.42537E+05
2.33000E-05 3.52743E+10 9.26460E+05
2.34000E-05 3.46752E+10 9.10725E+05
2.35000E-05 3.40887E+10 8.95322E+05
2.36000E-05 3.35146E+10 8.80243E+05
2.37000E-05 3.29525E+10 8.65480E+05
2.38000E-05 3.24022E+10 8.51026E+05
2.39000E-05 3.18633E+10 8.36872E+05
2.40000E-05 3.13356E+10 8.23011E+05
2.41000E-05 3.08187E+10 8.09436E+05
2.42000E-05 3.03124E+10 7.96139E+05
2.43000E-05 2.98165E+10 7.83115E+05
2.44000E-05 2.93307E+10 7.70355E+05
2.45000E-05 2.88548E+10 7.57855E+05
2.46000E-05 2.83885E+10 7.45607E+05
2.47000E-05 2.79315E+10 7.33606E+05
2.48000E-05 2.74837E+10 7.21845E+05
2.49000E-05 2.70449E+10 7.10318E+05
2.50000E-05 2.66147E+10 6.99021E+05
2.51000E-05 2.61931E+10 6.87948E+05
2.52000E-05 2.57798E+10 6.77093E+05
2.53000E-05 2.53747E+10 6.66451E+05
2.54000E-05 2.49774E+10 6.56018E+05
2.55000E-05 2.45879E+10 6.45788E+05
2.56000E-05 2.42060E+10 6.35756E+05
2.57000E-05 2.38314E+10 6.25919E+05
2.58000E-05 2.34641E+10 6.16271E+05
2.59000E-05 2.31038E+10 6.06808E+05
2.60000E-05 2.27504E+10 5.97526E+05
2.61000E-05 2.24037E+10 5.88421E+05
2.62000E-05 2.20636E+10 5.79489E+05
2.63000E-05 2.17300E+10 5.70726E+05
2.64000E-05 2.14026E+10 5.62127E+05
2.65000E-05 2.10814E+10 5.53690E+05
2.66000E-05 2.07661E+10 5.45411E+05
2.67000E-05 2.04568E+10 5.37286E+05
2.68000E-05 2.01532E+10 5.29311E+05
2.69000E-05 1.98552E+10 5.21484E+05
2.70000E-05 1.95626E+10 5.13802E+05
2.71000E-05 1.92755E+10 5.06260E+05
2.72000E-05 1.89936E+10 4.98856E+05
2.73000E-05 1.87168E+10 4.91586E+05
2.74000E-05 1.84451E+10 4.84449E+05
2.75000E-05 1.81782E+10 4.77441E+05
2.76000E-05 1.79162E+10 4.70559E+05
2.77000E-05 1.76589E+10 4.63801E+05
2.78000E-05 1.74062E+10 4.57163E+05
2.79000E-05 1.71580E+10 4.50644E+05
2.80000E-05 1.69142E+10 4.44241E+05
2.81000E-05 1.66747E+10 4.37951E+05
2.82000E-05 1.64394E+10 4.31772E+05
2.83000E-05 1.62083E+10 4.25701E+05
2.84000E-05 1.59812E+10 4.19737E+05
2.85000E-05 1.57581E+10 4.13877E+05
2.86000E-05 1.55388E+10 4.08119E+05
2.87000E-05 1.53234E+10 4.02460E+05
2.88000E-05 1.51117E+10 3.96899E+05
2.89000E-05 1.49036E+10 3.91435E+05
2.90000E-05 1.46991E+10 3.86063E+05
2.91000E-05 1.44981E+10 3.80784E+05
2.92000E-05 1.43005E+10 3.75594E+05
2.93000E-05 1.41063E+10 3.70493E+05
2.94000E-05 1.39153E+10 3.65478E+05
2.95000E-05 1.37276E+10 3.60547E+05
2.96000E-05 1.35430E+10 3.55700E+05
2.97000E-05 1.33615E+10 3.50933E+05
2.98000E-05 1.31831E+10 3.46247E+05
2.99000E-05 1.30076E+10 3.41638E+05
3.00000E-05 1.28350E+10 3.37105E+05
3.01000E-05 1.26653E+10 3.32648E+05
3.02000E-05 1.24984E+10 3.28264E+05
3.03000E-05 1.23342E+10 3.23951E+05
3.04000E-05 1.21727E+10 3.19710E+05
3.05000E-05 1.20139E+10 3.15538E+05
3.06000E-05 1.18576E+10 3.11433E+05
3.07000E-05 1.17039E+10 3.07395E+05
3.08000E-05 1.15526E+10 3.03422E+05
3.09000E-05 1.14038E+10 2.99514E+05
3.10000E-05 1.12573E+10 2.95668E+05
3.11000E-05 1.11132E+10 2.91883E+05
3.12000E-05 1.09714E+10 2.88159E+05
3.13000E-05 1.08319E+10 2.84494E+05
3.14000E-05 1.06946E+10 2.80887E+05
3.15000E-05 1.05594E+10 2.77337E+05
3.16000E-05 1.04264E+10 2.73843E+05
3.17000E-05 1.02954E+10 2.70404E+05
3.18000E-05 1.01666E+10 2.67019E+05
3.19000E-05 1.00397E+10 2.63686E+05
3.20000E-05 9.91476E+09 2.60406E+05
3.21000E-05 9.79179E+09 2.57176E+05
3.22000E-05 9.67072E+09 2.53996E+05
3.23000E-05 9.55151E+09 2.50865E+05
3.24000E-05 9.43414E+09 2.47782E+05
3.25000E-05 9.31856E+09 2.44747E+05
3.26000E-05 9.20475E+09 2.41758E+05
3.27000E-05 9.09267E+09 2.38814E+05
3.28000E-05 8.98229E+09 2.35915E+05
3.29000E-05 8.87358E+09 2.33060E+05
3.30000E-05 8.76651E+09 2.30247E+05
3.31000E-05 8.66105E+09 2.27478E+05
3.32000E-05 8.55717E+09 2.24749E+05
3.33000E-05 8.45484E+09 2.22062E+05
3.34000E-05 8.35404E+09 2.19414E+05
3.35000E-05 8.25473E+09 2.16806E+05
3.36000E-05 8.15690E+09 2.14236E+05
3.37000E-05 8.06051E+09 2.11705E+05
3.38000E-05 7.96555E+09 2.09211E+05
3.39000E-05 7.87197E+09 2.06753E+05
3.40000E-05 7.77977E+09 2.04331E+05
3.41000E-05 7.68891E+09 2.01945E+05
3.42000E-05 7.59938E+09 1.99593E+05
3.43000E-05 7.51114E+09 1.97276E+05
3.44000E-05 7.42418E+09 1.94992E+05
3.45000E-05 7.33848E+09 1.92741E+05
3.46000E-05 7.25401E+09 1.90522E+05
3.47000E-05 7.17075E+09 1.88336E+05
3.48000E-05 7.08868E+09 1.86180E+05
3.49000E-05 7.00778E+09 1.84055E+05
3.50000E-05 6.92804E+09 1.81961E+05
3.51000E-05 6.84942E+09 1.79896E+05
3.52000E-05 6.77192E+09 1.77861E+05
3.53000E-05 6.69551E+09 1.75854E+05
3.54000E-05 6.62017E+09 1.73875E+05
3.55000E-05 6.54589E+09 1.71924E+05
3.56000E-05 6.47265E+09 1.70001E+05
3.57000E-05 6.40043E+09 1.68104E+05
3.58000E-05 6.32922E+09 1.66233E+05
3.59000E-05 6.25899E+09 1.64389E+05
3.60000E-05 6.18974E+09 1.62570E+05
3.61000E-05 6.12144E+09 1.60776E+05
3.62000E-05 6.05408E+09 1.59007E+05
3.63000E-05 5.98764E+09 1.57262E+05
3.64000E-05 5.92211E+09 1.55541E+05
3.65000E-05 5.85748E+09 1.53843E+05
3.66000E-05 5.79373E+09 1.52169E+05
3.67000E-05 5.73084E+09 1.50517E+05
3.68000E-05 5.66880E+09 1.48888E+05
3.69000E-05 5.60760E+09 1.47280E+05
3.70000E-05 5.54722E+09 1.45695E+05
3.71000E-05 5.48765E+09 1.44130E+05
3.72000E-05 5.42888E+09 1.42587E+05
3.73000E-05 5.37090E+09 1.41064E+05
3.74000E-05 5.31369E+09 1.39561E+05
3.75000E-05 5.25723E+09 1.38078E+05
3.76000E-05 5.20153E+09 1.36615E+05
3.77000E-05 5.14656E+09 1.35171E+05
3.78000E-05 5.09231E+09 1.33747E+05
3.79000E-05 5.03878E+09 1.32341E+05
3.80000E-05 4.98595E+09 1.30953E+05
3.81000E-05 4.93381E+09 1.29584E+05
3.82000E-05 4.88235E+09 1.28232E+05
3.83000E-05 4.83156E+09 1.26898E+05
3.84000E-05 4.78143E+09 1.25581E+05
3.85000E-05 4.73194E+09 1.24282E+05
3.86000E-05 4.68310E+09 1.22999E+05
3.87000E-05 4.63488E+09 1.21733E+05
3.88000E-05 4.58728E+09 1.20482E+05
3.89000E-05 4.54029E+09 1.19248E+05
3.90000E-05 4.49391E+09 1.18030E+05
3.91000E-05 4.44811E+09 1.16827E+05
3.92000E-05 4.40289E+09 1.15640E+05
3.93000E-05 4.35825E+09 1.14467E+05
3.94000E-05 4.31417E+09 1.13309E+05
3.95000E-05 4.27065E+09 1.12166E+05
3.96000E-05 4.22767E+09 1.11038E+05
3.97000E-05 4.18524E+09 1.09923E+05
3.98000E-05 4.14333E+09 1.08822E+05
3.99000E-05 4.10195E+09 1.07736E+05
4.00000E-05 4.06109E+09 1.06662E+05
4.01000E-05 4.02073E+09 1.05602E+05
4.02000E-05 3.98087E+09 1.04555E+05
4.03000E-05 3.94151E+09 1.03521E+05
4.04000E-05 3.90263E+09 1.02500E+05
4.05000E-05 3.86422E+09 1.01492E+05
4.06000E-05 3.82629E+09 1.00495E+05
4.07000E-05 3.78883E+09 9.95114E+04
4.08000E-05 3.75182E+09 9.85394E+04
4.09000E-05 3.71526E+09 9.75792E+04
4.10000E-05 3.67914E+09 9.66307E+04
4.11000E-05 3.64347E+09 9.56937E+04
4.12000E-05 3.60822E+09 9.47680E+04
4.13000E-05 3.57340E+09 9.38535E+04
4.14000E-05 3.53900E+09 9.29499E+04
4.15000E-05 3.50502E+09 9.20573E+04
4.16000E-05 3.47143E+09 9.11753E+04
4.17000E-05 3.43826E+09 9.03038E+04
4.18000E-05 3.40547E+09 8.94428E+04
4.19000E-05 3.37308E+09 8.85920E+04
4.20000E-05 3.34107E+09 8.77513E+04
4.21000E-05 3.30944E+09 8.69205E+04
4.22000E-05 3.27818E+09 8.60995E+04
4.23000E-05 3.24729E+09 8.52882E+04
4.24000E-05 3.21676E+09 8.44864E+04
4.25000E-05 3.18659E+09 8.36941E+04
4.26000E-05 3.15678E+09 8.29110E+04
4.27000E-05 3.12731E+09 8.21370E+04
4.28000E-05 3.09818E+09 8.13721E+04
4.29000E-05 3.06940E+09 8.06160E+04
4.30000E-05 3.04094E+09 7.98687E+04
4.31000E-05 3.01282E+09 7.91300E+04
4.32000E-05 2.98502E+09 7.83999E+04
4.33000E-05 2.95754E+09 7.76782E+04
4.34000E-05 2.93038E+09 7.69647E+04
4.35000E-05 2.90352E+09 7.62594E+04
4.36000E-05 2.87698E+09 7.55622E+04
4.37000E-05 2.85073E+09 7.48729E+04
4.38000E-05 2.82479E+09 7.41915E+04
4.39000E-05 2.79914E+09 7.35178E+04
4.40000E-05 2.77378E+09 7.28517E+04
4.41000E-05 2.74870E+09 7.21932E+04
4.42000E-05 2.72391E+09 7.15421E+04
4.43000E-05 2.69940E+09 7.08983E+04
4.44000E-05 2.67516E+09 7.02617E+04
4.45000E-05 2.65120E+09 6.96323E+04
4.46000E-05 2.62750E+09 6.90098E+04
4.47000E-05 2.60407E+09 6.83944E+04
4.48000E-05 2.58089E+09 6.77858E+04
4.49000E-05 2.55798E+09 6.71839E+04
4.50000E-05 2.53532E+09 6.65887E+04
4.51000E-05 2.51291E+09 6.60001E+04
4.52000E-05 2.49074E+09 6.54179E+04
4.53000E-05 2.46882E+09 6.48422E+04
4.54000E-05 2.44714E+09 6.42728E+04
4.55000E-05 2.42570E+09 6.37096E+04
4.56000E-05 2.40449E+09 6.31526E+04
4.57000E-05 2.38351E+09 6.26016E+04
4.58000E-05 2.36276E+09 6.20567E+04
4.59000E-05 2.34224E+09 6.15176E+04
4.60000E-05 2.32194E+09 6.09845E+04
4.61000E-05 2.30186E+09 6.04570E+04
4.62000E-05 2.28199E+09 5.99353E+04
4.63000E-05 2.26234E+09 5.94192E+04
4.64000E-05 2.24290E+09 5.89086E+04
4.65000E-05 2.22367E+09 5.84035E+04
4.66000E-05 2.20464E+09 5.79038E+04
4.67000E-05 2.18582E+09 5.74094E+04
4.68000E-05 2.16720E+09 5.69203E+04
4.69000E-05 2.14878E+09 5.64364E+04
4.70000E-05 2.13055E+09 5.59576E+04
4.71000E-05 2.11251E+09 5.54839E+04
4.72000E-05 2.09466E+09 5.50152E+04
4.73000E-05 2.07701E+09 5.45514E+04
4.74000E-05 2.05953E+09 5.40925E+04
4.75000E-05 2.04225E+09 5.36384E+04
4.76000E-05 2.02514E+09 5.31891E+04
4.77000E-05 2.00821E+09 5.27445E+04
4.78000E-05 1.99146E+09 5.23045E+04
4.79000E-05 1.97488E+09 5.18691E+04
4.80000E-05 1.95847E+09 5.14382E+04
4.81000E-05 1.94224E+09 5.10117E+04
4.82000E-05 1.92617E+09 5.05897E+04
4.83000E-05 1.91027E+09 5.01721E+04
4.84000E-05 1.89453E+09 4.97587E+04
4.85000E-05 1.87895E+09 4.93496E+04
4.86000E-05 1.86353E+09 4.89447E+04
4.87000E-05 1.84827E+09 4.85439E+04
4.88000E-05 1.83317E+09 4.81472E+04
4.89000E-05 1.81822E+09 4.77546E+04
4.90000E-05 1.80342E+09 4.73659E+04
4.91000E-05 1.78878E+09 4.69812E+04
4.92000E-05 1.77428E+09 4.66004E+04
4.93000E-05 1.75993E+09 4.62235E+04
4.94000E-05 1.74572E+09 4.58504E+04
4.95000E-05 1.73166E+09 4.54810E+04
4.96000E-05 1.71773E+09 4.51153E+04
4.97000E-05 1.70395E+09 4.47533E+04
4.98000E-05 1.69030E+09 4.43949E+04
4.99000E-05 1.67680E+09 4.40401E+04
5.00000E-05 1.66342E+09 4.36888E+04
5.01000E-05 1.65018E+09 4.33411E+04
5.02000E-05 1.63707E+09 4.29967E+04
5.03000E-05 1.62409E+09 4.26558E+04
5.04000E-05 1.61124E+09 4.23183E+04
5.05000E-05 1.59852E+09 4.19841E+04
5.06000E-05 1.58592E+09 4.16532E+04
5.07000E-05 1.57344E+09 4.13255E+04
5.08000E-05 1.56109E+09 4.10011E+04
5.09000E-05 1.54886E+09 4.06799E+04
5.10000E-05 1.53674E+09 4.03617E+04
5.11000E-05 1.52475E+09 4.00467E+04
5.12000E-05 1.51287E+09 3.97348E+04
5.13000E-05 1.50111E+09 3.94258E+04
5.14000E-05 1.48946E+09 3.91199E+04
5.15000E-05 1.47793E+09 3.88170E+04
5.16000E-05 1.46650E+09 3.85169E+04
5.17000E-05 1.45519E+09 3.82198E+04
5.18000E-05 1.44399E+09 3.79255E+04
5.19000E-05 1.43289E+09 3.76341E+04
5.20000E-05 1.42190E+09 3.73454E+04
5.21000E-05 1.41101E+09 3.70595E+04
5.22000E-05 1.40023E+09 3.67763E+04
5.23000E-05 1.38955E+09 3.64959E+04
5.24000E-05 1.37898E+09 3.62181E+04
5.25000E-05 1.36850E+09 3.59429E+04
5.26000E-05 1.35812E+09 3.56704E+04
5.27000E-05 1.34784E+09 3.54004E+04
5.28000E-05 1.33766E+09 3.51330E+04
5.29000E-05 1.32758E+09 3.48681E+04
5.30000E-05 1.31759E+09 3.46056E+04
5.31000E-05 1.30769E+09 3.43457E+04
5.32000E-05 1.29788E+09 3.40882E+04
5.33000E-05 1.28817E+09 3.38331E+04
5.34000E-05 1.27855E+09 3.35804E+04
5.35000E-05 1.26902E+09 3.33300E+04
5.36000E-05 1.25957E+09 3.30820E+04
5.37000E-05 1.25022E+09 3.28362E+04
5.38000E-05 1.24095E+09 3.25928E+04
5.39000E-05 1.23176E+09 3.23516E+04
5.40000E-05 1.22266E+09 3.21126E+04
5.41000E-05 1.21365E+09 3.18758E+04
5.42000E-05 1.20472E+09 3.16412E+04
5.43000E-05 1.19587E+09 3.14088E+04
5.44000E-05 1.18710E+09 3.11785E+04
5.45000E-05 1.17841E+09 3.09503E+04
5.46000E-05 1.16980E+09 3.07242E+04
5.47000E-05 1.16127E+09 3.05001E+04
5.48000E-05 1.15282E+09 3.02781E+04
5.49000E-05 1.14444E+09 3.00581E+04
5.50000E-05 1.13614E+09 2.98401E+04
5.51000E-05 1.12791E+09 2.96240E+04
5.52000E-05 1.11976E+09 2.94099E+04
5.53000E-05 1.11169E+09 2.91978E+04
5.54000E-05 1.10368E+09 2.89875E+04
5.55000E-05 1.09575E+09 2.87792E+04
5.56000E-05 1.08789E+09 2.85727E+04
5.57000E-05 1.08009E+09 2.83681E+04
5.58000E-05 1.07237E+09 2.81653E+04
5.59000E-05 1.06472E+09 2.79643E+04
5.60000E-05 1.05713E+09 2.77650E+04
5.61000E-05 1.04962E+09 2.75676E+04
5.62000E-05 1.04217E+09 2.73719E+04
5.63000E-05 1.03478E+09 2.71780E+04
5.64000E-05 1.02746E+09 2.69857E+04
5.65000E-05 1.02021E+09 2.67952E+04
5.66000E-05 1.01302E+09 2.66063E+04
5.67000E-05 1.00589E+09 2.64191E+04
5.68000E-05 9.98824E+08 2.62336E+04
5.69000E-05 9.91821E+08 2.60496E+04
5.70000E-05 9.84879E+08 2.58673E+04
5.71000E-05 9.77998E+08 2.56866E+04
5.72000E-05 9.71177E+08 2.55074E+04
5.73000E-05 9.64415E+08 2.53298E+04
5.74000E-05 9.57712E+08 2.51538E+04
5.75000E-05 9.51067E+08 2.49792E+04
5.76000E-05 9.44479E+08 2.48062E+04
5.77000E-05 9.37949E+08 2.46347E+04
5.78000E-05 9.31474E+08 2.44647E+04
5.79000E-05 9.25056E+08 2.42961E+04
5.80000E-05 9.18693E+08 2.41290E+04
5.81000E-05 9.12384E+08 2.39633E+04
5.82000E-05 9.06130E+08 2.37990E+04
5.83000E-05 8.99929E+08 2.36361E+04
5.84000E-05 8.93781E+08 2.34746E+04
5.85000E-05 8.87685E+08 2.33145E+04
5.86000E-05 8.81641E+08 2.31558E+04
5.87000E-05 8.75649E+08 2.29984E+04
5.88000E-05 8.69707E+08 2.28424E+04
5.89000E-05 8.63816E+08 2.26876E+04
5.90000E-05 8.57974E+08 2.25342E+04
5.91000E-05 8.52182E+08 2.23821E+04
5.92000E-05 8.46439E+08 2.22312E+04
5.93000E-05 8.40744E+08 2.20817E+04
5.94000E-05 8.35096E+08 2.19333E+04
5.95000E-05 8.29496E+08 2.17863E+04
5.96000E-05 8.23943E+08 2.16404E+04
5.97000E-05 8.18437E+08 2.14958E+04
5.98000E-05 8.12976E+08 2.13524E+04
5.99000E-05 8.07560E+08 2.12101E+04
6.00000E-05 8.02190E+08 2.10691E+04
6.01000E-05 7.96864E+08 2.09292E+04
6.02000E-05 7.91583E+08 2.07905E+04
6.03000E-05 7.86345E+08 2.06529E+04
6.04000E-05 7.81150E+08 2.05165E+04
6.05000E-05 7.75998E+08 2.03812E+04
6.06000E-05 7.70889E+08 2.02470E+04
6.07000E-05 7.65821E+08 2.01139E+04
6.08000E-05 7.60796E+08 1.99819E+04
6.09000E-05 7.55811E+08 1.98510E+04
6.10000E-05 7.50867E+08 1.97211E+04
6.11000E-05 7.45963E+08 1.95923E+04
6.12000E-05 7.41100E+08 1.94646E+04
6.13000E-05 7.36276E+08 1.93379E+04
6.14000E-05 7.31491E+08 1.92122E+04
6.15000E-05 7.26745E+08 1.90875E+04
6.16000E-05 7.22037E+08 1.89639E+04
6.17000E-05 7.17367E+08 1.88413E+04
6.18000E-05 7.12736E+08 1.87196E+04
6.19000E-05 7.08141E+08 1.85989E+04
6.20000E-05 7.03583E+08 1.84792E+04
6.21000E-05 6.99062E+08 1.83605E+04
6.22000E-05 6.94578E+08 1.82427E+04
6.23000E-05 6.90129E+08 1.81258E+04
6.24000E-05 6.85715E+08 1.80099E+04
6.25000E-05 6.81337E+08 1.78949E+04
6.26000E-05 6.76994E+08 1.77809E+04
6.27000E-05 6.72686E+08 1.76677E+04
6.28000E-05 6.68411E+08 1.75554E+04
6.29000E-05 6.64171E+08 1.74441E+04
6.30000E-05 6.59964E+08 1.73336E+04
6.31000E-05 6.55790E+08 1.72240E+04
6.32000E-05 6.51649E+08 1.71152E+04
6.33000E-05 6.47541E+08 1.70073E+04
6.34000E-05 6.43466E+08 1.69003E+04
6.35000E-05 6.39422E+08 1.67941E+04
6.36000E-05 6.35410E+08 1.66887E+04
6.37000E-05 6.31429E+08 1.65841E+04
6.38000E-05 6.27480E+08 1.64804E+04
6.39000E-05 6.23561E+08 1.63775E+04
6.40000E-05 6.19673E+08 1.62754E+04
6.41000E-05 6.15815E+08 1.61740E+04
6.42000E-05 6.11987E+08 1.60735E+04
6.43000E-05 6.08189E+08 1.59737E+04
6.44000E-05 6.04420E+08 1.58748E+04
6.45000E-05 6.00680E+08 1.57765E+04
6.46000E-05 5.96970E+08 1.56791E+04
6.47000E-05 5.93287E+08 1.55824E+04
6.48000E-05 5.89634E+08 1.54864E+04
6.49000E-05 5.86008E+08 1.53912E+04
6.50000E-05 5.82410E+08 1.52967E+04
6.51000E-05 5.78840E+08 1.52029E+04
6.52000E-05 5.75297E+08 1.51098E+04
6.53000E-05 5.71781E+08 1.50175E+04
6.54000E-05 5.68292E+08 1.49259E+04
6.55000E-05 5.64829E+08 1.48349E+04
6.56000E-05 5.61393E+08 1.47447E+04
6.57000E-05 5.57983E+08 1.46551E+04
6.58000E-05 5.54599E+08 1.45662E+04
6.59000E-05 5.51240E+08 1.44780E+04
6.60000E-05 5.47907E+08 1.43905E+04
6.61000E-05 5.44599E+08 1.43036E+04
6.62000E-05 5.41315E+08 1.42173E+04
6.63000E-05 5.38057E+08 1.41318E+04
6.64000E-05 5.34823E+08 1.40468E+04
6.65000E-05 5.31613E+08 1.39625E+04
6.66000E-05 5.28427E+08 1.38789E+04
6.67000E-05 5.25266E+08 1.37958E+04
6.68000E-05 5.22127E+08 1.37134E+04
6.69000E-05 5.19013E+08 1.36316E+04
6.70000E-05 5.15921E+08 1.35504E+04
6.71000E-05 5.12852E+08 1.34698E+04
6.72000E-05 5.09806E+08 1.33898E+04
6.73000E-05 5.06783E+08 1.33104E+04
6.74000E-05 5.03782E+08 1.32316E+04
6.75000E-05 5.00803E+08 1.31533E+04
6.76000E-05 4.97847E+08 1.30757E+04
6.77000E-05 4.94912E+08 1.29986E+04
6.78000E-05 4.91998E+08 1.29221E+04
6.79000E-05 4.89106E+08 1.28461E+04
6.80000E-05 4.86236E+08 1.27707E+04
6.81000E-05 4.83386E+08 1.26959E+04
6.82000E-05 4.80557E+08 1.26216E+04
6.83000E-05 4.77749E+08 1.25478E+04
6.84000E-05 4.74961E+08 1.24746E+04
6.85000E-05 4.72194E+08 1.24019E+04
6.86000E-05 4.69446E+08 1.23297E+04
6.87000E-05 4.66719E+08 1.22581E+04
6.88000E-05 4.64011E+08 1.21870E+04
6.89000E-05 4.61323E+08 1.21164E+04
6.90000E-05 4.58655E+08 1.20463E+04
6.91000E-05 4.56006E+08 1.19767E+04
6.92000E-05 4.53375E+08 1.19077E+04
6.93000E-05 4.50764E+08 1.18391E+04
6.94000E-05 4.48172E+08 1.17710E+04
6.95000E-05 4.45598E+08 1.17034E+04
6.96000E-05 4.43042E+08 1.16363E+04
6.97000E-05 4.40505E+08 1.15696E+04
6.98000E-05 4.37986E+08 1.15035E+04
6.99000E-05 4.35485E+08 1.14378E+04
7.00000E-05 4.33002E+08 1.13726E+04
7.01000E-05 4.30537E+08 1.13078E+04
7.02000E-05 4.28089E+08 1.12435E+04
7.03000E-05 4.25658E+08 1.11797E+04
7.04000E-05 4.23245E+08 1.11163E+04
7.05000E-05 4.20849E+08 1.10534E+04
7.06000E-05 4.18469E+08 1.09909E+04
7.07000E-05 4.16107E+08 1.09288E+04
7.08000E-05 4.13761E+08 1.08672E+04
7.09000E-05 4.11431E+08 1.08060E+04
7.10000E-05 4.09118E+08 1.07453E+04
7.11000E-05 4.06822E+08 1.06849E+04
7.12000E-05 4.04541E+08 1.06250E+04
7.13000E-05 4.02276E+08 1.05656E+04
7.14000E-05 4.00027E+08 1.05065E+04
7.15000E-05 3.97794E+08 1.04478E+04
7.16000E-05 3.95576E+08 1.03896E+04
7.17000E-05 3.93374E+08 1.03317E+04
7.18000E-05 3.91187E+08 1.02743E+04
7.19000E-05 3.89015E+08 1.02173E+04
7.20000E-05 3.86859E+08 1.01606E+04
7.21000E-05 3.84717E+08 1.01044E+04
7.22000E-05 3.82590E+08 1.00485E+04
7.23000E-05 3.80478E+08 9.99303E+03
7.24000E-05 3.78380E+08 9.93794E+03
7.25000E-05 3.76297E+08 9.88322E+03
7.26000E-05 3.74228E+08 9.82888E+03
7.27000E-05 3.72173E+08 9.77491E+03
7.28000E-05 3.70132E+08 9.72131E+03
7.29000E-05 3.68105E+08 9.66808E+03
7.30000E-05 3.66093E+08 9.61522E+03
7.31000E-05 3.64093E+08 9.56271E+03
7.32000E-05 3.62108E+08 9.51056E+03
7.33000E-05 3.60136E+08 9.45877E+03
7.34000E-05 3.58177E+08 9.40733E+03
7.35000E-05 3.56232E+08 9.35623E+03
7.36000E-05 3.54300E+08 9.30549E+03
7.37000E-05 3.52381E+08 9.25509E+03
7.38000E-05 3.50475E+08 9.20503E+03
7.39000E-05 3.48582E+08 9.15530E+03
7.40000E-05 3.46701E+08 9.10592E+03
7.41000E-05 3.44834E+08 9.05686E+03
7.42000E-05 3.42978E+08 9.00813E+03
7.43000E-05 3.41136E+08 8.95974E+03
7.44000E-05 3.39305E+08 8.91166E+03
7.45000E-05 3.37487E+08 8.86391E+03
7.46000E-05 3.35681E+08 8.81648E+03
7.47000E-05 3.33887E+08 8.76936E+03
7.48000E-05 3.32105E+08 8.72256E+03
7.49000E-05 3.30335E+08 8.67607E+03
7.50000E-05 3.28577E+08 8.62989E+03
7.51000E-05 3.26830E+08 8.58402E+03
7.52000E-05 3.25095E+08 8.53845E+03
7.53000E-05 3.23372E+08 8.49318E+03
7.54000E-05 3.21660E+08 8.44822E+03
7.55000E-05 3.19959E+08 8.40355E+03
7.56000E-05 3.18270E+08 8.35917E+03
7.57000E-05 3.16591E+08 8.31509E+03
7.58000E-05 3.14924E+08 8.27130E+03
7.59000E-05 3.13267E+08 8.22779E+03
7.60000E-05 3.11622E+08 8.18457E+03
7.61000E-05 3.09987E+08 8.14164E+03
7.62000E-05 3.08363E+08 8.09898E+03
7.63000E-05 3.06750E+08 8.05661E+03
7.64000E-05 3.05147E+08 8.01451E+03
7.65000E-05 3.03554E+08 7.97269E+03
7.66000E-05 3.01972E+08 7.93114E+03
7.67000E-05 3.00401E+08 7.88985E+03
7.68000E-05 2.98839E+08 7.84884E+03
7.69000E-05 2.97288E+08 7.80810E+03
7.70000E-05 2.95746E+08 7.76761E+03
7.71000E-05 2.94215E+08 7.72739E+03
7.72000E-05 2.92694E+08 7.68743E+03
7.73000E-05 2.91182E+08 7.64773E+03
7.74000E-05 2.89680E+08 7.60828E+03
7.75000E-05 2.88188E+08 7.56909E+03
7.76000E-05 2.86705E+08 7.53015E+03
7.77000E-05 2.85232E+08 7.49146E+03
7.78000E-05 2.83768E+08 7.45302E+03
7.79000E-05 2.82314E+08 7.41482E+03
7.80000E-05 2.80869E+08 7.37687E+03
7.81000E-05 2.79433E+08 7.33916E+03
7.82000E-05 2.78007E+08 7.30169E+03
7.83000E-05 2.76589E+08 7.26446E+03
7.84000E-05 2.75181E+08 7.22747E+03
7.85000E-05 2.73781E+08 7.19071E+03
7.86000E-05 2.72391E+08 7.15419E+03
7.87000E-05 2.71009E+08 7.11789E+03
7.88000E-05 2.69636E+08 7.08183E+03
7.89000E-05 2.68271E+08 7.04600E+03
7.90000E-05 2.66916E+08 7.01039E+03
7.91000E-05 2.65568E+08 6.97501E+03
7.92000E-05 2.64230E+08 6.93984E+03
7.93000E-05 2.62899E+08 6.90491E+03
7.94000E-05 2.61577E+08 6.87019E+03
7.95000E-05 2.60264E+08 6.83568E+03
7.96000E-05 2.58958E+08 6.80140E+03
7.97000E-05 2.57661E+08 6.76733E+03
7.98000E-05 2.56372E+08 6.73347E+03
7.99000E-05 2.55091E+08 6.69982E+03
8.00000E-05 2.53818E+08 6.66639E+03
8.01000E-05 2.52553E+08 6.63316E+03
8.02000E-05 2.51296E+08 6.60014E+03
8.03000E-05 2.50046E+08 6.56732E+03
8.04000E-05 2.48804E+08 6.53471E+03
8.05000E-05 2.47570E+08 6.50230E+03
8.06000E-05 2.46344E+08 6.47009E+03
8.07000E-05 2.45125E+08 6.43808E+03
8.08000E-05 2.43914E+08 6.40627E+03
8.09000E-05 2.42710E+08 6.37465E+03
8.10000E-05 2.41514E+08 6.34323E+03
8.11000E-05 2.40325E+08 6.31200E+03
8.12000E-05 2.39143E+08 6.28096E+03
8.13000E-05 2.37969E+08 6.25012E+03
8.14000E-05 2.36802E+08 6.21946E+03
8.15000E-05 2.35642E+08 6.18899E+03
8.16000E-05 2.34489E+08 6.15871E+03
8.17000E-05 2.33343E+08 6.12861E+03
8.18000E-05 2.32204E+08 6.09870E+03
8.19000E-05 2.31072E+08 6.06897E+03
8.20000E-05 2.29947E+08 6.03942E+03
8.21000E-05 2.28828E+08 6.01005E+03
8.22000E-05 2.27717E+08 5.98085E+03
8.23000E-05 2.26612E+08 5.95184E+03
8.24000E-05 2.25514E+08 5.92300E+03
8.25000E-05 2.24423E+08 5.89433E+03
8.26000E-05 2.23338E+08 5.86584E+03
8.27000E-05 2.22259E+08 5.83752E+03
8.28000E-05 2.21188E+08 5.80937E+03
8.29000E-05 2.20122E+08 5.78139E+03
8.30000E-05 2.19063E+08 5.75358E+03
8.31000E-05 2.18011E+08 5.72593E+03
8.32000E-05 2.16965E+08 5.69846E+03
8.33000E-05 2.15925E+08 5.67114E+03
8.34000E-05 2.14891E+08 5.64399E+03
8.35000E-05 2.13863E+08 5.61700E+03
8.36000E-05 2.12842E+08 5.59017E+03
8.37000E-05 2.11827E+08 5.56351E+03
8.38000E-05 2.10817E+08 5.53700E+03
8.39000E-05 2.09814E+08 5.51065E+03
8.40000E-05 2.08817E+08 5.48445E+03
8.41000E-05 2.07825E+08 5.45841E+03
8.42000E-05 2.06840E+08 5.43253E+03
8.43000E-05 2.05860E+08 5.40680E+03
8.44000E-05 2.04886E+08 5.38122E+03
8.45000E-05 2.03918E+08 5.35579E+03
8.46000E-05 2.02956E+08 5.33051E+03
8.47000E-05 2.01999E+08 5.30538E+03
8.48000E-05 2.01048E+08 5.28040E+03
8.49000E-05 2.00102E+08 5.25557E+03
8.50000E-05 1.99162E+08 5.23088E+03
8.51000E-05 1.98228E+08 5.20634E+03
8.52000E-05 1.97299E+08 5.18194E+03
8.53000E-05 1.96375E+08 5.15768E+03
8.54000E-05 1.95457E+08 5.13356E+03
8.55000E-05 1.94544E+08 5.10959E+03
8.56000E-05 1.93637E+08 5.08575E+03
8.57000E-05 1.92734E+08 5.06206E+03
8.58000E-05 1.91837E+08 5.03850E+03
8.59000E-05 1.90946E+08 5.01508E+03
8.60000E-05 1.90059E+08 4.99179E+03
8.61000E-05 1.89178E+08 4.96864E+03
8.62000E-05 1.88301E+08 4.94563E+03
8.63000E-05 1.87430E+08 4.92274E+03
8.64000E-05 1.86564E+08 4.89999E+03
8.65000E-05 1.85703E+08 4.87737E+03
8.66000E-05 1.84846E+08 4.85488E+03
8.67000E-05 1.83995E+08 4.83252E+03
8.68000E-05 1.83149E+08 4.81029E+03
8.69000E-05 1.82307E+08 4.78819E+03
8.70000E-05 1.81470E+08 4.76621E+03
8.71000E-05 1.80638E+08 4.74436E+03
8.72000E-05 1.79811E+08 4.72264E+03
8.73000E-05 1.78989E+08 4.70104E+03
8.74000E-05 1.78171E+08 4.67956E+03
8.75000E-05 1.77358E+08 4.65820E+03
8.76000E-05 1.76549E+08 4.63697E+03
8.77000E-05 1.75745E+08 4.61585E+03
8.78000E-05 1.74946E+08 4.59486E+03
8.79000E-05 1.74151E+08 4.57399E+03
8.80000E-05 1.73361E+08 4.55323E+03
8.81000E-05 1.72575E+08 4.53259E+03
8.82000E-05 1.71794E+08 4.51207E+03
8.83000E-05 1.71017E+08 4.49167E+03
8.84000E-05 1.70245E+08 4.47138E+03
8.85000E-05 1.69476E+08 4.45120E+03
8.86000E-05 1.68713E+08 4.43114E+03
8.87000E-05 1.67953E+08 4.41119E+03
8.88000E-05 1.67198E+08 4.39136E+03
8.89000E-05 1.66447E+08 4.37163E+03
8.90000E-05 1.65700E+08 4.35202E+03
8.91000E-05 1.64957E+08 4.33251E+03
8.92000E-05 1.64219E+08 4.31312E+03
8.93000E-05 1.63484E+08 4.29383E+03
8.94000E-05 1.62754E+08 4.27465E+03
8.95000E-05 1.62028E+08 4.25558E+03
8.96000E-05 1.61306E+08 4.23661E+03
8.97000E-05 1.60588E+08 4.21775E+03
8.98000E-05 1.59874E+08 4.19899E+03
8.99000E-05 1.59164E+08 4.18034E+03
9.00000E-05 1.58457E+08 4.16179E+03
9.01000E-05 1.57755E+08 4.14335E+03
9.02000E-05 1.57057E+08 4.12500E+03
9.03000E-05 1.56362E+08 4.10676E+03
9.04000E-05 1.55671E+08 4.08862E+03
9.05000E-05 1.54984E+08 4.07058E+03
9.06000E-05 1.54301E+08 4.05264E+03
9.07000E-05 1.53622E+08 4.03479E+03
9.08000E-05 1.52946E+08 4.01705E+03
9.09000E-05 1.52274E+08 3.99940E+03
9.10000E-05 1.51606E+08 3.98185E+03
9.11000E-05 1.50942E+08 3.96440E+03
9.12000E-05 1.50281E+08 3.94704E+03
9.13000E-05 1.49623E+08 3.92977E+03
9.14000E-05 1.48970E+08 3.91260E+03
9.15000E-05 1.48319E+08 3.89553E+03
9.16000E-05 1.47673E+08 3.87854E+03
9.17000E-05 1.47030E+08 3.86165E+03
9.18000E-05 1.46390E+08 3.84485E+03
9.19000E-05 1.45754E+08 3.82815E+03
9.20000E-05 1.45121E+08 3.81153E+03
9.21000E-05 1.44492E+08 3.79500E+03
9.22000E-05 1.43866E+08 3.77856E+03
9.23000E-05 1.43244E+08 3.76222E+03
9.24000E-05 1.42625E+08 3.74596E+03
9.25000E-05 1.42009E+08 3.72978E+03
9.26000E-05 1.41396E+08 3.71370E+03
9.27000E-05 1.40787E+08 3.69770E+03
9.28000E-05 1.40181E+08 3.68179E+03
9.29000E-05 1.39579E+08 3.66596E+03
9.30000E-05 1.38979E+08 3.65022E+03
9.31000E-05 1.38383E+08 3.63456E+03
9.32000E-05 1.37790E+08 3.61899E+03
9.33000E-05 1.37201E+08 3.60349E+03
9.34000E-05 1.36614E+08 3.58809E+03
9.35000E-05 1.36030E+08 3.57276E+03
9.36000E-05 1.35450E+08 3.55752E+03
9.37000E-05 1.34873E+08 3.54236E+03
9.38000E-05 1.34298E+08 3.52727E+03
9.39000E-05 1.33727E+08 3.51227E+03
9.40000E-05 1.33159E+08 3.49735E+03
9.41000E-05 1.32594E+08 3.48251E+03
9.42000E-05 1.32032E+08 3.46774E+03
9.43000E-05 1.31473E+08 3.45306E+03
9.44000E-05 1.30916E+08 3.43845E+03
9.45000E-05 1.30363E+08 3.42392E+03
9.46000E-05 1.29813E+08 3.40946E+03
9.47000E-05 1.29265E+08 3.39508E+03
9.48000E-05 1.28721E+08 3.38078E+03
9.49000E-05 1.28179E+08 3.36655E+03
9.50000E-05 1.27640E+08 3.35240E+03
9.51000E-05 1.27104E+08 3.33832E+03
9.52000E-05 1.26571E+08 3.32432E+03
9.53000E-05 1.26041E+08 3.31039E+03
9.54000E-05 1.25513E+08 3.29653E+03
9.55000E-05 1.24988E+08 3.28274E+03
9.56000E-05 1.24466E+08 3.26903E+03
9.57000E-05 1.23947E+08 3.25539E+03
9.58000E-05 1.23430E+08 3.24182E+03
9.59000E-05 1.22916E+08 3.22832E+03
9.60000E-05 1.22405E+08 3.21489E+03
9.61000E-05 1.21896E+08 3.20153E+03
9.62000E-05 1.21390E+08 3.18823E+03
9.63000E-05 1.20886E+08 3.17501E+03
9.64000E-05 1.20386E+08 3.16186E+03
9.65000E-05 1.19887E+08 3.14877E+03
9.66000E-05 1.19392E+08 3.13575E+03
9.67000E-05 1.18899E+08 3.12280E+03
9.68000E-05 1.18408E+08 3.10992E+03
9.69000E-05 1.17920E+08 3.09710E+03
9.70000E-05 1.17434E+08 3.08435E+03
9.71000E-05 1.16951E+08 3.07166E+03
9.72000E-05 1.16471E+08 3.05904E+03
9.73000E-05 1.15993E+08 3.04649E+03
9.74000E-05 1.15517E+08 3.03399E+03
9.75000E-05 1.15044E+08 3.02157E+03
9.76000E-05 1.14573E+08 3.00920E+03
9.77000E-05 1.14105E+08 2.99690E+03
9.78000E-05 1.13639E+08 2.98466E+03
9.79000E-05 1.13175E+08 2.97249E+03
9.80000E-05 1.12714E+08 2.96037E+03
9.81000E-05 1.12255E+08 2.94832E+03
9.82000E-05 1.11799E+08 2.93633E+03
9.83000E-05 1.11344E+08 2.92440E+03
9.84000E-05 1.10892E+08 2.91253E+03
9.85000E-05 1.10443E+08 2.90072E+03
9.86000E-05 1.09995E+08 2.88897E+03
9.87000E-05 1.09550E+08 2.87728E+03
9.88000E-05 1.09107E+08 2.86565E+03
9.89000E-05 1.08667E+08 2.85407E+03
9.90000E-05 1.08228E+08 2.84256E+03
9.91000E-05 1.07792E+08 2.83110E+03
9.92000E-05 1.07358E+08 2.81971E+03
9.93000E-05 1.06926E+08 2.80836E+03
9.94000E-05 1.06497E+08 2.79708E+03
9.95000E-05 1.06069E+08 2.78585E+03
9.96000E-05 1.05644E+08 2.77468E+03
9.97000E-05 1.05221E+08 2.76357E+03
9.98000E-05 1.04800E+08 2.75251E+03
9.99000E-05 1.04381E+08 2.74150E+03
1.00000E-04 1.03964E+08 2.73055E+03
