#  FeatureSize(cm)    Fluence(mum2)   Dose(Gy)
1.00000E-07 2.56939E+21 6.56486E+16
2.00000E-07 1.60587E+20 4.10304E+15
3.00000E-07 3.17209E+19 8.10476E+14
4.00000E-07 1.00367E+19 2.56440E+14
5.00000E-07 4.11103E+18 1.05038E+14
6.00000E-07 1.98256E+18 5.06548E+13
7.00000E-07 1.07013E+18 2.73422E+13
8.00000E-07 6.27293E+17 1.60275E+13
9.00000E-07 3.91616E+17 1.00059E+13
1.00000E-06 2.56939E+17 6.56486E+12
1.10000E-06 1.75493E+17 4.48389E+12
1.20000E-06 1.23910E+17 3.16592E+12
1.30000E-06 8.99616E+16 2.29854E+12
1.40000E-06 6.68834E+16 1.70889E+12
1.50000E-06 5.07535E+16 1.29676E+12
1.60000E-06 3.92058E+16 1.00172E+12
1.70000E-06 3.07634E+16 7.86013E+11
1.80000E-06 2.44760E+16 6.25368E+11
1.90000E-06 1.97159E+16 5.03745E+11
2.00000E-06 1.60587E+16 4.10304E+11
2.10000E-06 1.32115E+16 3.37558E+11
2.20000E-06 1.09683E+16 2.80243E+11
2.30000E-06 9.18162E+15 2.34592E+11
2.40000E-06 7.74436E+15 1.97870E+11
2.50000E-06 6.57765E+15 1.68060E+11
2.60000E-06 5.62260E+15 1.43659E+11
2.70000E-06 4.83477E+15 1.23529E+11
2.80000E-06 4.18021E+15 1.06805E+11
2.90000E-06 3.63278E+15 9.28182E+10
3.00000E-06 3.17209E+15 8.10476E+10
3.10000E-06 2.78217E+15 7.10851E+10
3.20000E-06 2.45036E+15 6.26074E+10
3.30000E-06 2.16658E+15 5.53566E+10
3.40000E-06 1.92272E+15 4.91258E+10
3.50000E-06 1.71222E+15 4.37475E+10
3.60000E-06 1.52975E+15 3.90855E+10
3.70000E-06 1.37096E+15 3.50283E+10
3.80000E-06 1.23224E+15 3.14841E+10
3.90000E-06 1.11064E+15 2.83770E+10
4.00000E-06 1.00367E+15 2.56440E+10
4.10000E-06 9.09275E+14 2.32322E+10
4.20000E-06 8.25721E+14 2.10974E+10
4.30000E-06 7.51548E+14 1.92022E+10
4.40000E-06 6.85520E+14 1.75152E+10
4.50000E-06 6.26586E+14 1.60094E+10
4.60000E-06 5.73851E+14 1.46620E+10
4.70000E-06 5.26549E+14 1.34535E+10
4.80000E-06 4.84023E+14 1.23669E+10
4.90000E-06 4.45704E+14 1.13878E+10
5.00000E-06 4.11103E+14 1.05038E+10
5.10000E-06 3.79796E+14 9.70386E+09
5.20000E-06 3.51413E+14 8.97867E+09
5.30000E-06 3.25632E+14 8.31997E+09
5.40000E-06 3.02173E+14 7.72059E+09
5.50000E-06 2.80789E+14 7.17422E+09
5.60000E-06 2.61263E+14 6.67534E+09
5.70000E-06 2.43406E+14 6.21908E+09
5.80000E-06 2.27049E+14 5.80114E+09
5.90000E-06 2.12042E+14 5.41773E+09
6.00000E-06 1.98256E+14 5.06548E+09
6.10000E-06 1.85572E+14 4.74139E+09
6.20000E-06 1.73886E+14 4.44282E+09
6.30000E-06 1.63105E+14 4.16738E+09
6.40000E-06 1.53148E+14 3.91296E+09
6.50000E-06 1.43939E+14 3.67766E+09
6.60000E-06 1.35411E+14 3.45979E+09
6.70000E-06 1.27506E+14 3.25781E+09
6.80000E-06 1.20170E+14 3.07036E+09
6.90000E-06 1.13353E+14 2.89620E+09
7.00000E-06 1.07013E+14 2.73422E+09
7.10000E-06 1.01111E+14 2.58340E+09
7.20000E-06 9.56094E+13 2.44284E+09
7.30000E-06 9.04772E+13 2.31171E+09
7.40000E-06 8.56848E+13 2.18927E+09
7.50000E-06 8.12055E+13 2.07482E+09
7.60000E-06 7.70152E+13 1.96775E+09
7.70000E-06 7.30916E+13 1.86751E+09
7.80000E-06 6.94148E+13 1.77356E+09
7.90000E-06 6.59663E+13 1.68545E+09
8.00000E-06 6.27293E+13 1.60275E+09
8.10000E-06 5.96885E+13 1.52505E+09
8.20000E-06 5.68297E+13 1.45201E+09
8.30000E-06 5.41400E+13 1.38329E+09
8.40000E-06 5.16076E+13 1.31859E+09
8.50000E-06 4.92215E+13 1.25762E+09
8.60000E-06 4.69718E+13 1.20014E+09
8.70000E-06 4.48491E+13 1.14590E+09
8.80000E-06 4.28450E+13 1.09470E+09
8.90000E-06 4.09516E+13 1.04632E+09
9.00000E-06 3.91616E+13 1.00059E+09
9.10000E-06 3.74684E+13 9.57326E+08
9.20000E-06 3.58657E+13 9.16377E+08
9.30000E-06 3.43478E+13 8.77594E+08
9.40000E-06 3.29093E+13 8.40841E+08
9.50000E-06 3.15454E+13 8.05992E+08
9.60000E-06 3.02514E+13 7.72930E+08
9.70000E-06 2.90231E+13 7.41547E+08
9.80000E-06 2.78565E+13 7.11739E+08
9.90000E-06 2.67479E+13 6.83415E+08
1.00000E-05 2.56939E+13 6.56486E+08
1.01000E-05 2.46914E+13 6.30870E+08
1.02000E-05 2.37372E+13 6.06491E+08
1.03000E-05 2.28287E+13 5.83279E+08
1.04000E-05 2.19633E+13 5.61167E+08
1.05000E-05 2.11385E+13 5.40093E+08
1.06000E-05 2.03520E+13 5.19998E+08
1.07000E-05 1.96018E+13 5.00830E+08
1.08000E-05 1.88858E+13 4.82537E+08
1.09000E-05 1.82022E+13 4.65071E+08
1.10000E-05 1.75493E+13 4.48389E+08
1.11000E-05 1.69254E+13 4.32448E+08
1.12000E-05 1.63290E+13 4.17209E+08
1.13000E-05 1.57586E+13 4.02635E+08
1.14000E-05 1.52129E+13 3.88692E+08
1.15000E-05 1.46906E+13 3.75348E+08
1.16000E-05 1.41905E+13 3.62571E+08
1.17000E-05 1.37116E+13 3.50334E+08
1.18000E-05 1.32526E+13 3.38608E+08
1.19000E-05 1.28128E+13 3.27369E+08
1.20000E-05 1.23910E+13 3.16592E+08
1.21000E-05 1.19864E+13 3.06255E+08
1.22000E-05 1.15982E+13 2.96337E+08
1.23000E-05 1.12256E+13 2.86817E+08
1.24000E-05 1.08679E+13 2.77676E+08
1.25000E-05 1.05242E+13 2.68897E+08
1.26000E-05 1.01941E+13 2.60461E+08
1.27000E-05 9.87679E+12 2.52354E+08
1.28000E-05 9.57174E+12 2.44560E+08
1.29000E-05 9.27837E+12 2.37064E+08
1.30000E-05 8.99616E+12 2.29854E+08
1.31000E-05 8.72460E+12 2.22915E+08
1.32000E-05 8.46321E+12 2.16237E+08
1.33000E-05 8.21153E+12 2.09806E+08
1.34000E-05 7.96914E+12 2.03613E+08
1.35000E-05 7.73563E+12 1.97647E+08
1.36000E-05 7.51061E+12 1.91898E+08
1.37000E-05 7.29371E+12 1.86356E+08
1.38000E-05 7.08458E+12 1.81013E+08
1.39000E-05 6.88290E+12 1.75860E+08
1.40000E-05 6.68834E+12 1.70889E+08
1.41000E-05 6.50061E+12 1.66092E+08
1.42000E-05 6.31942E+12 1.61463E+08
1.43000E-05 6.14450E+12 1.56993E+08
1.44000E-05 5.97559E+12 1.52678E+08
1.45000E-05 5.81244E+12 1.48509E+08
1.46000E-05 5.65483E+12 1.44482E+08
1.47000E-05 5.50252E+12 1.40591E+08
1.48000E-05 5.35530E+12 1.36829E+08
1.49000E-05 5.21297E+12 1.33193E+08
1.50000E-05 5.07535E+12 1.29676E+08
1.51000E-05 4.94223E+12 1.26275E+08
1.52000E-05 4.81345E+12 1.22985E+08
1.53000E-05 4.68883E+12 1.19801E+08
1.54000E-05 4.56823E+12 1.16719E+08
1.55000E-05 4.45147E+12 1.13736E+08
1.56000E-05 4.33843E+12 1.10848E+08
1.57000E-05 4.22894E+12 1.08050E+08
1.58000E-05 4.12290E+12 1.05341E+08
1.59000E-05 4.02015E+12 1.02716E+08
1.60000E-05 3.92058E+12 1.00172E+08
1.61000E-05 3.82408E+12 9.77061E+07
1.62000E-05 3.73053E+12 9.53159E+07
1.63000E-05 3.63982E+12 9.29983E+07
1.64000E-05 3.55186E+12 9.07507E+07
1.65000E-05 3.46653E+12 8.85706E+07
1.66000E-05 3.38375E+12 8.64556E+07
1.67000E-05 3.30343E+12 8.44033E+07
1.68000E-05 3.22547E+12 8.24116E+07
1.69000E-05 3.14981E+12 8.04783E+07
1.70000E-05 3.07634E+12 7.86013E+07
1.71000E-05 3.00501E+12 7.67787E+07
1.72000E-05 2.93573E+12 7.50087E+07
1.73000E-05 2.86844E+12 7.32894E+07
1.74000E-05 2.80307E+12 7.16190E+07
1.75000E-05 2.73954E+12 6.99960E+07
1.76000E-05 2.67781E+12 6.84187E+07
1.77000E-05 2.61781E+12 6.68855E+07
1.78000E-05 2.55947E+12 6.53951E+07
1.79000E-05 2.50276E+12 6.39460E+07
1.80000E-05 2.44760E+12 6.25368E+07
1.81000E-05 2.39396E+12 6.11661E+07
1.82000E-05 2.34177E+12 5.98329E+07
1.83000E-05 2.29101E+12 5.85357E+07
1.84000E-05 2.24161E+12 5.72735E+07
1.85000E-05 2.19353E+12 5.60452E+07
1.86000E-05 2.14674E+12 5.48496E+07
1.87000E-05 2.10118E+12 5.36857E+07
1.88000E-05 2.05683E+12 5.25526E+07
1.89000E-05 2.01365E+12 5.14491E+07
1.90000E-05 1.97159E+12 5.03745E+07
1.91000E-05 1.93062E+12 4.93278E+07
1.92000E-05 1.89071E+12 4.83082E+07
1.93000E-05 1.85183E+12 4.73147E+07
1.94000E-05 1.81394E+12 4.63467E+07
1.95000E-05 1.77702E+12 4.54032E+07
1.96000E-05 1.74103E+12 4.44837E+07
1.97000E-05 1.70595E+12 4.35873E+07
1.98000E-05 1.67174E+12 4.27134E+07
1.99000E-05 1.63839E+12 4.18613E+07
2.00000E-05 1.60587E+12 4.10304E+07
2.01000E-05 1.57415E+12 4.02199E+07
2.02000E-05 1.54321E+12 3.94294E+07
2.03000E-05 1.51303E+12 3.86582E+07
2.04000E-05 1.48358E+12 3.79057E+07
2.05000E-05 1.45484E+12 3.71715E+07
2.06000E-05 1.42680E+12 3.64549E+07
2.07000E-05 1.39942E+12 3.57556E+07
2.08000E-05 1.37271E+12 3.50729E+07
2.09000E-05 1.34662E+12 3.44065E+07
2.10000E-05 1.32115E+12 3.37558E+07
2.11000E-05 1.29629E+12 3.31204E+07
2.12000E-05 1.27200E+12 3.24999E+07
2.13000E-05 1.24828E+12 3.18938E+07
2.14000E-05 1.22511E+12 3.13019E+07
2.15000E-05 1.20248E+12 3.07236E+07
2.16000E-05 1.18036E+12 3.01585E+07
2.17000E-05 1.15876E+12 2.96065E+07
2.18000E-05 1.13764E+12 2.90669E+07
2.19000E-05 1.11700E+12 2.85397E+07
2.20000E-05 1.09683E+12 2.80243E+07
2.21000E-05 1.07711E+12 2.75205E+07
2.22000E-05 1.05784E+12 2.70280E+07
2.23000E-05 1.03899E+12 2.65464E+07
2.24000E-05 1.02056E+12 2.60755E+07
2.25000E-05 1.00254E+12 2.56151E+07
2.26000E-05 9.84911E+11 2.51647E+07
2.27000E-05 9.67670E+11 2.47242E+07
2.28000E-05 9.50805E+11 2.42933E+07
2.29000E-05 9.34305E+11 2.38717E+07
2.30000E-05 9.18162E+11 2.34592E+07
2.31000E-05 9.02366E+11 2.30557E+07
2.32000E-05 8.86908E+11 2.26607E+07
2.33000E-05 8.71780E+11 2.22742E+07
2.34000E-05 8.56973E+11 2.18959E+07
2.35000E-05 8.42479E+11 2.15255E+07
2.36000E-05 8.28290E+11 2.11630E+07
2.37000E-05 8.14399E+11 2.08081E+07
2.38000E-05 8.00798E+11 2.04606E+07
2.39000E-05 7.87479E+11 2.01203E+07
2.40000E-05 7.74436E+11 1.97870E+07
2.41000E-05 7.61662E+11 1.94606E+07
2.42000E-05 7.49151E+11 1.91410E+07
2.43000E-05 7.36895E+11 1.88278E+07
2.44000E-05 7.24889E+11 1.85211E+07
2.45000E-05 7.13126E+11 1.82205E+07
2.46000E-05 7.01601E+11 1.79261E+07
2.47000E-05 6.90308E+11 1.76375E+07
2.48000E-05 6.79241E+11 1.73548E+07
2.49000E-05 6.68395E+11 1.70776E+07
2.50000E-05 6.57765E+11 1.68060E+07
2.51000E-05 6.47345E+11 1.65398E+07
2.52000E-05 6.37131E+11 1.62788E+07
2.53000E-05 6.27117E+11 1.60230E+07
2.54000E-05 6.17299E+11 1.57721E+07
2.55000E-05 6.07673E+11 1.55262E+07
2.56000E-05 5.98234E+11 1.52850E+07
2.57000E-05 5.88977E+11 1.50485E+07
2.58000E-05 5.79898E+11 1.48165E+07
2.59000E-05 5.70994E+11 1.45890E+07
2.60000E-05 5.62260E+11 1.43659E+07
2.61000E-05 5.53692E+11 1.41470E+07
2.62000E-05 5.45287E+11 1.39322E+07
2.63000E-05 5.37041E+11 1.37215E+07
2.64000E-05 5.28950E+11 1.35148E+07
2.65000E-05 5.21011E+11 1.33120E+07
2.66000E-05 5.13221E+11 1.31129E+07
2.67000E-05 5.05575E+11 1.29176E+07
2.68000E-05 4.98071E+11 1.27258E+07
2.69000E-05 4.90706E+11 1.25377E+07
2.70000E-05 4.83477E+11 1.23529E+07
2.71000E-05 4.76380E+11 1.21716E+07
2.72000E-05 4.69413E+11 1.19936E+07
2.73000E-05 4.62573E+11 1.18188E+07
2.74000E-05 4.55857E+11 1.16472E+07
2.75000E-05 4.49262E+11 1.14787E+07
2.76000E-05 4.42786E+11 1.13133E+07
2.77000E-05 4.36427E+11 1.11508E+07
2.78000E-05 4.30181E+11 1.09912E+07
2.79000E-05 4.24047E+11 1.08345E+07
2.80000E-05 4.18021E+11 1.06805E+07
2.81000E-05 4.12103E+11 1.05293E+07
2.82000E-05 4.06288E+11 1.03808E+07
2.83000E-05 4.00576E+11 1.02348E+07
2.84000E-05 3.94964E+11 1.00914E+07
2.85000E-05 3.89450E+11 9.95052E+06
2.86000E-05 3.84031E+11 9.81208E+06
2.87000E-05 3.78707E+11 9.67604E+06
2.88000E-05 3.73474E+11 9.54235E+06
2.89000E-05 3.68332E+11 9.41096E+06
2.90000E-05 3.63278E+11 9.28182E+06
2.91000E-05 3.58310E+11 9.15490E+06
2.92000E-05 3.53427E+11 9.03013E+06
2.93000E-05 3.48626E+11 8.90748E+06
2.94000E-05 3.43907E+11 8.78691E+06
2.95000E-05 3.39268E+11 8.66837E+06
2.96000E-05 3.34706E+11 8.55182E+06
2.97000E-05 3.30221E+11 8.43722E+06
2.98000E-05 3.25811E+11 8.32454E+06
2.99000E-05 3.21474E+11 8.21373E+06
3.00000E-05 3.17209E+11 8.10476E+06
3.01000E-05 3.13015E+11 7.99759E+06
3.02000E-05 3.08889E+11 7.89219E+06
3.03000E-05 3.04832E+11 7.78852E+06
3.04000E-05 3.00840E+11 7.68654E+06
3.05000E-05 2.96914E+11 7.58623E+06
3.06000E-05 2.93052E+11 7.48755E+06
3.07000E-05 2.89253E+11 7.39047E+06
3.08000E-05 2.85514E+11 7.29495E+06
3.09000E-05 2.81836E+11 7.20098E+06
3.10000E-05 2.78217E+11 7.10851E+06
3.11000E-05 2.74656E+11 7.01752E+06
3.12000E-05 2.71152E+11 6.92799E+06
3.13000E-05 2.67703E+11 6.83987E+06
3.14000E-05 2.64309E+11 6.75316E+06
3.15000E-05 2.60969E+11 6.66781E+06
3.16000E-05 2.57681E+11 6.58381E+06
3.17000E-05 2.54445E+11 6.50112E+06
3.18000E-05 2.51259E+11 6.41973E+06
3.19000E-05 2.48123E+11 6.33961E+06
3.20000E-05 2.45036E+11 6.26074E+06
3.21000E-05 2.41997E+11 6.18309E+06
3.22000E-05 2.39005E+11 6.10663E+06
3.23000E-05 2.36059E+11 6.03136E+06
3.24000E-05 2.33158E+11 5.95724E+06
3.25000E-05 2.30302E+11 5.88426E+06
3.26000E-05 2.27489E+11 5.81239E+06
3.27000E-05 2.24719E+11 5.74162E+06
3.28000E-05 2.21991E+11 5.67192E+06
3.29000E-05 2.19304E+11 5.60327E+06
3.30000E-05 2.16658E+11 5.53566E+06
3.31000E-05 2.14052E+11 5.46907E+06
3.32000E-05 2.11484E+11 5.40347E+06
3.33000E-05 2.08955E+11 5.33886E+06
3.34000E-05 2.06464E+11 5.27521E+06
3.35000E-05 2.04010E+11 5.21250E+06
3.36000E-05 2.01592E+11 5.15072E+06
3.37000E-05 1.99210E+11 5.08986E+06
3.38000E-05 1.96863E+11 5.02989E+06
3.39000E-05 1.94550E+11 4.97080E+06
3.40000E-05 1.92272E+11 4.91258E+06
3.41000E-05 1.90026E+11 4.85521E+06
3.42000E-05 1.87813E+11 4.79867E+06
3.43000E-05 1.85633E+11 4.74295E+06
3.44000E-05 1.83483E+11 4.68804E+06
3.45000E-05 1.81365E+11 4.63392E+06
3.46000E-05 1.79278E+11 4.58059E+06
3.47000E-05 1.77220E+11 4.52801E+06
3.48000E-05 1.75192E+11 4.47619E+06
3.49000E-05 1.73192E+11 4.42511E+06
3.50000E-05 1.71222E+11 4.37475E+06
3.51000E-05 1.69279E+11 4.32511E+06
3.52000E-05 1.67363E+11 4.27617E+06
3.53000E-05 1.65475E+11 4.22792E+06
3.54000E-05 1.63613E+11 4.18035E+06
3.55000E-05 1.61777E+11 4.13344E+06
3.56000E-05 1.59967E+11 4.08720E+06
3.57000E-05 1.58182E+11 4.04159E+06
3.58000E-05 1.56422E+11 3.99662E+06
3.59000E-05 1.54687E+11 3.95228E+06
3.60000E-05 1.52975E+11 3.90855E+06
3.61000E-05 1.51287E+11 3.86542E+06
3.62000E-05 1.49622E+11 3.82288E+06
3.63000E-05 1.47980E+11 3.78093E+06
3.64000E-05 1.46361E+11 3.73955E+06
3.65000E-05 1.44764E+11 3.69874E+06
3.66000E-05 1.43188E+11 3.65848E+06
3.67000E-05 1.41634E+11 3.61877E+06
3.68000E-05 1.40100E+11 3.57960E+06
3.69000E-05 1.38588E+11 3.54095E+06
3.70000E-05 1.37096E+11 3.50283E+06
3.71000E-05 1.35624E+11 3.46521E+06
3.72000E-05 1.34171E+11 3.42810E+06
3.73000E-05 1.32738E+11 3.39149E+06
3.74000E-05 1.31324E+11 3.35536E+06
3.75000E-05 1.29929E+11 3.31971E+06
3.76000E-05 1.28552E+11 3.28454E+06
3.77000E-05 1.27194E+11 3.24982E+06
3.78000E-05 1.25853E+11 3.21557E+06
3.79000E-05 1.24530E+11 3.18177E+06
3.80000E-05 1.23224E+11 3.14841E+06
3.81000E-05 1.21936E+11 3.11548E+06
3.82000E-05 1.20664E+11 3.08299E+06
3.83000E-05 1.19409E+11 3.05092E+06
3.84000E-05 1.18170E+11 3.01926E+06
3.85000E-05 1.16947E+11 2.98801E+06
3.86000E-05 1.15739E+11 2.95717E+06
3.87000E-05 1.14548E+11 2.92672E+06
3.88000E-05 1.13371E+11 2.89667E+06
3.89000E-05 1.12210E+11 2.86700E+06
3.90000E-05 1.11064E+11 2.83770E+06
3.91000E-05 1.09932E+11 2.80878E+06
3.92000E-05 1.08814E+11 2.78023E+06
3.93000E-05 1.07711E+11 2.75204E+06
3.94000E-05 1.06622E+11 2.72421E+06
3.95000E-05 1.05546E+11 2.69673E+06
3.96000E-05 1.04484E+11 2.66959E+06
3.97000E-05 1.03435E+11 2.64279E+06
3.98000E-05 1.02400E+11 2.61633E+06
3.99000E-05 1.01377E+11 2.59020E+06
4.00000E-05 1.00367E+11 2.56440E+06
4.01000E-05 9.93695E+10 2.53891E+06
4.02000E-05 9.83844E+10 2.51374E+06
4.03000E-05 9.74115E+10 2.48889E+06
4.04000E-05 9.64507E+10 2.46434E+06
4.05000E-05 9.55016E+10 2.44009E+06
4.06000E-05 9.45641E+10 2.41614E+06
4.07000E-05 9.36382E+10 2.39248E+06
4.08000E-05 9.27235E+10 2.36911E+06
4.09000E-05 9.18200E+10 2.34602E+06
4.10000E-05 9.09275E+10 2.32322E+06
4.11000E-05 9.00458E+10 2.30069E+06
4.12000E-05 8.91747E+10 2.27843E+06
4.13000E-05 8.83142E+10 2.25645E+06
4.14000E-05 8.74640E+10 2.23472E+06
4.15000E-05 8.66240E+10 2.21326E+06
4.16000E-05 8.57941E+10 2.19206E+06
4.17000E-05 8.49741E+10 2.17111E+06
4.18000E-05 8.41638E+10 2.15040E+06
4.19000E-05 8.33632E+10 2.12995E+06
4.20000E-05 8.25721E+10 2.10974E+06
4.21000E-05 8.17904E+10 2.08976E+06
4.22000E-05 8.10179E+10 2.07002E+06
4.23000E-05 8.02545E+10 2.05052E+06
4.24000E-05 7.95000E+10 2.03124E+06
4.25000E-05 7.87544E+10 2.01219E+06
4.26000E-05 7.80175E+10 1.99337E+06
4.27000E-05 7.72893E+10 1.97476E+06
4.28000E-05 7.65695E+10 1.95637E+06
4.29000E-05 7.58580E+10 1.93819E+06
4.30000E-05 7.51548E+10 1.92022E+06
4.31000E-05 7.44597E+10 1.90246E+06
4.32000E-05 7.37727E+10 1.88491E+06
4.33000E-05 7.30935E+10 1.86756E+06
4.34000E-05 7.24222E+10 1.85040E+06
4.35000E-05 7.17585E+10 1.83345E+06
4.36000E-05 7.11025E+10 1.81668E+06
4.37000E-05 7.04539E+10 1.80011E+06
4.38000E-05 6.98127E+10 1.78373E+06
4.39000E-05 6.91787E+10 1.76753E+06
4.40000E-05 6.85520E+10 1.75152E+06
4.41000E-05 6.79323E+10 1.73569E+06
4.42000E-05 6.73196E+10 1.72003E+06
4.43000E-05 6.67138E+10 1.70455E+06
4.44000E-05 6.61148E+10 1.68925E+06
4.45000E-05 6.55225E+10 1.67412E+06
4.46000E-05 6.49368E+10 1.65915E+06
4.47000E-05 6.43577E+10 1.64435E+06
4.48000E-05 6.37850E+10 1.62972E+06
4.49000E-05 6.32187E+10 1.61525E+06
4.50000E-05 6.26586E+10 1.60094E+06
4.51000E-05 6.21047E+10 1.58679E+06
4.52000E-05 6.15569E+10 1.57279E+06
4.53000E-05 6.10152E+10 1.55895E+06
4.54000E-05 6.04794E+10 1.54526E+06
4.55000E-05 5.99494E+10 1.53172E+06
4.56000E-05 5.94253E+10 1.51833E+06
4.57000E-05 5.89069E+10 1.50508E+06
4.58000E-05 5.83941E+10 1.49198E+06
4.59000E-05 5.78868E+10 1.47902E+06
4.60000E-05 5.73851E+10 1.46620E+06
4.61000E-05 5.68888E+10 1.45352E+06
4.62000E-05 5.63979E+10 1.44098E+06
4.63000E-05 5.59122E+10 1.42857E+06
4.64000E-05 5.54318E+10 1.41629E+06
4.65000E-05 5.49565E+10 1.40415E+06
4.66000E-05 5.44863E+10 1.39214E+06
4.67000E-05 5.40211E+10 1.38025E+06
4.68000E-05 5.35608E+10 1.36849E+06
4.69000E-05 5.31055E+10 1.35686E+06
4.70000E-05 5.26549E+10 1.34535E+06
4.71000E-05 5.22092E+10 1.33396E+06
4.72000E-05 5.17681E+10 1.32269E+06
4.73000E-05 5.13317E+10 1.31154E+06
4.74000E-05 5.08999E+10 1.30050E+06
4.75000E-05 5.04727E+10 1.28959E+06
4.76000E-05 5.00499E+10 1.27879E+06
4.77000E-05 4.96315E+10 1.26810E+06
4.78000E-05 4.92174E+10 1.25752E+06
4.79000E-05 4.88077E+10 1.24705E+06
4.80000E-05 4.84023E+10 1.23669E+06
4.81000E-05 4.80010E+10 1.22644E+06
4.82000E-05 4.76039E+10 1.21629E+06
4.83000E-05 4.72109E+10 1.20625E+06
4.84000E-05 4.68219E+10 1.19631E+06
4.85000E-05 4.64369E+10 1.18647E+06
4.86000E-05 4.60559E+10 1.17674E+06
4.87000E-05 4.56788E+10 1.16710E+06
4.88000E-05 4.53055E+10 1.15757E+06
4.89000E-05 4.49361E+10 1.14813E+06
4.90000E-05 4.45704E+10 1.13878E+06
4.91000E-05 4.42084E+10 1.12953E+06
4.92000E-05 4.38501E+10 1.12038E+06
4.93000E-05 4.34954E+10 1.11132E+06
4.94000E-05 4.31442E+10 1.10235E+06
4.95000E-05 4.27967E+10 1.09346E+06
4.96000E-05 4.24526E+10 1.08467E+06
4.97000E-05 4.21119E+10 1.07597E+06
4.98000E-05 4.17747E+10 1.06735E+06
4.99000E-05 4.14408E+10 1.05882E+06
5.00000E-05 4.11103E+10 1.05038E+06
5.01000E-05 4.07831E+10 1.04202E+06
5.02000E-05 4.04591E+10 1.03374E+06
5.03000E-05 4.01383E+10 1.02554E+06
5.04000E-05 3.98207E+10 1.01743E+06
5.05000E-05 3.95062E+10 1.00939E+06
5.06000E-05 3.91948E+10 1.00144E+06
5.07000E-05 3.88865E+10 9.93559E+05
5.08000E-05 3.85812E+10 9.85758E+05
5.09000E-05 3.82789E+10 9.78035E+05
5.10000E-05 3.79796E+10 9.70386E+05
5.11000E-05 3.76831E+10 9.62813E+05
5.12000E-05 3.73896E+10 9.55313E+05
5.13000E-05 3.70989E+10 9.47886E+05
5.14000E-05 3.68110E+10 9.40530E+05
5.15000E-05 3.65260E+10 9.33247E+05
5.16000E-05 3.62436E+10 9.26033E+05
5.17000E-05 3.59640E+10 9.18889E+05
5.18000E-05 3.56871E+10 9.11814E+05
5.19000E-05 3.54129E+10 9.04807E+05
5.20000E-05 3.51413E+10 8.97867E+05
5.21000E-05 3.48722E+10 8.90993E+05
5.22000E-05 3.46058E+10 8.84185E+05
5.23000E-05 3.43419E+10 8.77442E+05
5.24000E-05 3.40805E+10 8.70763E+05
5.25000E-05 3.38215E+10 8.64148E+05
5.26000E-05 3.35651E+10 8.57595E+05
5.27000E-05 3.33110E+10 8.51105E+05
5.28000E-05 3.30594E+10 8.44675E+05
5.29000E-05 3.28101E+10 8.38306E+05
5.30000E-05 3.25632E+10 8.31997E+05
5.31000E-05 3.23186E+10 8.25747E+05
5.32000E-05 3.20763E+10 8.19556E+05
5.33000E-05 3.18362E+10 8.13423E+05
5.34000E-05 3.15984E+10 8.07347E+05
5.35000E-05 3.13628E+10 8.01328E+05
5.36000E-05 3.11295E+10 7.95364E+05
5.37000E-05 3.08982E+10 7.89457E+05
5.38000E-05 3.06691E+10 7.83603E+05
5.39000E-05 3.04422E+10 7.77804E+05
5.40000E-05 3.02173E+10 7.72059E+05
5.41000E-05 2.99945E+10 7.66366E+05
5.42000E-05 2.97737E+10 7.60726E+05
5.43000E-05 2.95550E+10 7.55137E+05
5.44000E-05 2.93383E+10 7.49600E+05
5.45000E-05 2.91236E+10 7.44114E+05
5.46000E-05 2.89108E+10 7.38677E+05
5.47000E-05 2.87000E+10 7.33290E+05
5.48000E-05 2.84910E+10 7.27953E+05
5.49000E-05 2.82840E+10 7.22663E+05
5.50000E-05 2.80789E+10 7.17422E+05
5.51000E-05 2.78756E+10 7.12228E+05
5.52000E-05 2.76742E+10 7.07081E+05
5.53000E-05 2.74745E+10 7.01980E+05
5.54000E-05 2.72767E+10 6.96925E+05
5.55000E-05 2.70806E+10 6.91916E+05
5.56000E-05 2.68863E+10 6.86952E+05
5.57000E-05 2.66938E+10 6.82032E+05
5.58000E-05 2.65029E+10 6.77156E+05
5.59000E-05 2.63138E+10 6.72323E+05
5.60000E-05 2.61263E+10 6.67534E+05
5.61000E-05 2.59406E+10 6.62787E+05
5.62000E-05 2.57564E+10 6.58082E+05
5.63000E-05 2.55739E+10 6.53419E+05
5.64000E-05 2.53930E+10 6.48797E+05
5.65000E-05 2.52137E+10 6.44216E+05
5.66000E-05 2.50360E+10 6.39675E+05
5.67000E-05 2.48598E+10 6.35175E+05
5.68000E-05 2.46852E+10 6.30713E+05
5.69000E-05 2.45122E+10 6.26291E+05
5.70000E-05 2.43406E+10 6.21908E+05
5.71000E-05 2.41705E+10 6.17563E+05
5.72000E-05 2.40019E+10 6.13255E+05
5.73000E-05 2.38348E+10 6.08985E+05
5.74000E-05 2.36692E+10 6.04753E+05
5.75000E-05 2.35049E+10 6.00557E+05
5.76000E-05 2.33421E+10 5.96397E+05
5.77000E-05 2.31807E+10 5.92273E+05
5.78000E-05 2.30207E+10 5.88185E+05
5.79000E-05 2.28621E+10 5.84132E+05
5.80000E-05 2.27049E+10 5.80114E+05
5.81000E-05 2.25489E+10 5.76130E+05
5.82000E-05 2.23944E+10 5.72181E+05
5.83000E-05 2.22411E+10 5.68265E+05
5.84000E-05 2.20892E+10 5.64383E+05
5.85000E-05 2.19385E+10 5.60534E+05
5.86000E-05 2.17891E+10 5.56718E+05
5.87000E-05 2.16410E+10 5.52934E+05
5.88000E-05 2.14942E+10 5.49182E+05
5.89000E-05 2.13486E+10 5.45462E+05
5.90000E-05 2.12042E+10 5.41773E+05
5.91000E-05 2.10611E+10 5.38115E+05
5.92000E-05 2.09191E+10 5.34489E+05
5.93000E-05 2.07784E+10 5.30892E+05
5.94000E-05 2.06388E+10 5.27326E+05
5.95000E-05 2.05004E+10 5.23790E+05
5.96000E-05 2.03632E+10 5.20284E+05
5.97000E-05 2.02271E+10 5.16807E+05
5.98000E-05 2.00921E+10 5.13358E+05
5.99000E-05 1.99583E+10 5.09939E+05
6.00000E-05 1.98256E+10 5.06548E+05
6.01000E-05 1.96939E+10 5.03185E+05
6.02000E-05 1.95634E+10 4.99850E+05
6.03000E-05 1.94340E+10 4.96542E+05
6.04000E-05 1.93056E+10 4.93262E+05
6.05000E-05 1.91783E+10 4.90009E+05
6.06000E-05 1.90520E+10 4.86782E+05
6.07000E-05 1.89267E+10 4.83583E+05
6.08000E-05 1.88025E+10 4.80409E+05
6.09000E-05 1.86793E+10 4.77261E+05
6.10000E-05 1.85572E+10 4.74139E+05
6.11000E-05 1.84360E+10 4.71043E+05
6.12000E-05 1.83158E+10 4.67972E+05
6.13000E-05 1.81965E+10 4.64926E+05
6.14000E-05 1.80783E+10 4.61904E+05
6.15000E-05 1.79610E+10 4.58907E+05
6.16000E-05 1.78446E+10 4.55935E+05
6.17000E-05 1.77292E+10 4.52986E+05
6.18000E-05 1.76148E+10 4.50061E+05
6.19000E-05 1.75012E+10 4.47160E+05
6.20000E-05 1.73886E+10 4.44282E+05
6.21000E-05 1.72768E+10 4.41427E+05
6.22000E-05 1.71660E+10 4.38595E+05
6.23000E-05 1.70560E+10 4.35786E+05
6.24000E-05 1.69470E+10 4.32999E+05
6.25000E-05 1.68388E+10 4.30235E+05
6.26000E-05 1.67314E+10 4.27492E+05
6.27000E-05 1.66250E+10 4.24771E+05
6.28000E-05 1.65193E+10 4.22072E+05
6.29000E-05 1.64145E+10 4.19395E+05
6.30000E-05 1.63105E+10 4.16738E+05
6.31000E-05 1.62074E+10 4.14103E+05
6.32000E-05 1.61051E+10 4.11488E+05
6.33000E-05 1.60035E+10 4.08894E+05
6.34000E-05 1.59028E+10 4.06320E+05
6.35000E-05 1.58029E+10 4.03767E+05
6.36000E-05 1.57037E+10 4.01233E+05
6.37000E-05 1.56053E+10 3.98720E+05
6.38000E-05 1.55077E+10 3.96226E+05
6.39000E-05 1.54109E+10 3.93751E+05
6.40000E-05 1.53148E+10 3.91296E+05
6.41000E-05 1.52194E+10 3.88860E+05
6.42000E-05 1.51248E+10 3.86443E+05
6.43000E-05 1.50310E+10 3.84044E+05
6.44000E-05 1.49378E+10 3.81665E+05
6.45000E-05 1.48454E+10 3.79303E+05
6.46000E-05 1.47537E+10 3.76960E+05
6.47000E-05 1.46627E+10 3.74635E+05
6.48000E-05 1.45724E+10 3.72328E+05
6.49000E-05 1.44828E+10 3.70038E+05
6.50000E-05 1.43939E+10 3.67766E+05
6.51000E-05 1.43056E+10 3.65512E+05
6.52000E-05 1.42181E+10 3.63275E+05
6.53000E-05 1.41312E+10 3.61054E+05
6.54000E-05 1.40449E+10 3.58851E+05
6.55000E-05 1.39594E+10 3.56665E+05
6.56000E-05 1.38744E+10 3.54495E+05
6.57000E-05 1.37902E+10 3.52342E+05
6.58000E-05 1.37065E+10 3.50205E+05
6.59000E-05 1.36235E+10 3.48084E+05
6.60000E-05 1.35411E+10 3.45979E+05
6.61000E-05 1.34594E+10 3.43890E+05
6.62000E-05 1.33782E+10 3.41817E+05
6.63000E-05 1.32977E+10 3.39759E+05
6.64000E-05 1.32178E+10 3.37717E+05
6.65000E-05 1.31384E+10 3.35690E+05
6.66000E-05 1.30597E+10 3.33679E+05
6.67000E-05 1.29816E+10 3.31682E+05
6.68000E-05 1.29040E+10 3.29700E+05
6.69000E-05 1.28270E+10 3.27734E+05
6.70000E-05 1.27506E+10 3.25781E+05
6.71000E-05 1.26748E+10 3.23844E+05
6.72000E-05 1.25995E+10 3.21920E+05
6.73000E-05 1.25248E+10 3.20011E+05
6.74000E-05 1.24506E+10 3.18116E+05
6.75000E-05 1.23770E+10 3.16235E+05
6.76000E-05 1.23039E+10 3.14368E+05
6.77000E-05 1.22314E+10 3.12515E+05
6.78000E-05 1.21594E+10 3.10675E+05
6.79000E-05 1.20879E+10 3.08849E+05
6.80000E-05 1.20170E+10 3.07036E+05
6.81000E-05 1.19465E+10 3.05237E+05
6.82000E-05 1.18766E+10 3.03450E+05
6.83000E-05 1.18072E+10 3.01677E+05
6.84000E-05 1.17383E+10 2.99917E+05
6.85000E-05 1.16699E+10 2.98169E+05
6.86000E-05 1.16020E+10 2.96435E+05
6.87000E-05 1.15346E+10 2.94712E+05
6.88000E-05 1.14677E+10 2.93003E+05
6.89000E-05 1.14013E+10 2.91305E+05
6.90000E-05 1.13353E+10 2.89620E+05
6.91000E-05 1.12699E+10 2.87947E+05
6.92000E-05 1.12049E+10 2.86287E+05
6.93000E-05 1.11403E+10 2.84638E+05
6.94000E-05 1.10762E+10 2.83001E+05
6.95000E-05 1.10126E+10 2.81375E+05
6.96000E-05 1.09495E+10 2.79762E+05
6.97000E-05 1.08868E+10 2.78160E+05
6.98000E-05 1.08245E+10 2.76569E+05
6.99000E-05 1.07627E+10 2.74990E+05
7.00000E-05 1.07013E+10 2.73422E+05
7.01000E-05 1.06404E+10 2.71865E+05
7.02000E-05 1.05799E+10 2.70319E+05
7.03000E-05 1.05198E+10 2.68784E+05
7.04000E-05 1.04602E+10 2.67260E+05
7.05000E-05 1.04010E+10 2.65747E+05
7.06000E-05 1.03422E+10 2.64245E+05
7.07000E-05 1.02838E+10 2.62753E+05
7.08000E-05 1.02258E+10 2.61272E+05
7.09000E-05 1.01682E+10 2.59801E+05
7.10000E-05 1.01111E+10 2.58340E+05
7.11000E-05 1.00543E+10 2.56890E+05
7.12000E-05 9.99794E+09 2.55450E+05
7.13000E-05 9.94197E+09 2.54020E+05
7.14000E-05 9.88639E+09 2.52600E+05
7.15000E-05 9.83120E+09 2.51189E+05
7.16000E-05 9.77639E+09 2.49789E+05
7.17000E-05 9.72196E+09 2.48398E+05
7.18000E-05 9.66792E+09 2.47017E+05
7.19000E-05 9.61424E+09 2.45646E+05
7.20000E-05 9.56094E+09 2.44284E+05
7.21000E-05 9.50801E+09 2.42932E+05
7.22000E-05 9.45544E+09 2.41589E+05
7.23000E-05 9.40324E+09 2.40255E+05
7.24000E-05 9.35139E+09 2.38930E+05
7.25000E-05 9.29991E+09 2.37615E+05
7.26000E-05 9.24877E+09 2.36308E+05
7.27000E-05 9.19799E+09 2.35011E+05
7.28000E-05 9.14756E+09 2.33722E+05
7.29000E-05 9.09747E+09 2.32442E+05
7.30000E-05 9.04772E+09 2.31171E+05
7.31000E-05 8.99831E+09 2.29909E+05
7.32000E-05 8.94924E+09 2.28655E+05
7.33000E-05 8.90051E+09 2.27410E+05
7.34000E-05 8.85210E+09 2.26173E+05
7.35000E-05 8.80403E+09 2.24945E+05
7.36000E-05 8.75627E+09 2.23725E+05
7.37000E-05 8.70885E+09 2.22513E+05
7.38000E-05 8.66174E+09 2.21309E+05
7.39000E-05 8.61495E+09 2.20114E+05
7.40000E-05 8.56848E+09 2.18927E+05
7.41000E-05 8.52232E+09 2.17747E+05
7.42000E-05 8.47647E+09 2.16576E+05
7.43000E-05 8.43093E+09 2.15412E+05
7.44000E-05 8.38569E+09 2.14256E+05
7.45000E-05 8.34076E+09 2.13108E+05
7.46000E-05 8.29613E+09 2.11968E+05
7.47000E-05 8.25179E+09 2.10835E+05
7.48000E-05 8.20775E+09 2.09710E+05
7.49000E-05 8.16401E+09 2.08592E+05
7.50000E-05 8.12055E+09 2.07482E+05
7.51000E-05 8.07739E+09 2.06379E+05
7.52000E-05 8.03451E+09 2.05283E+05
7.53000E-05 7.99191E+09 2.04195E+05
7.54000E-05 7.94960E+09 2.03114E+05
7.55000E-05 7.90757E+09 2.02040E+05
7.56000E-05 7.86581E+09 2.00973E+05
7.57000E-05 7.82433E+09 1.99913E+05
7.58000E-05 7.78312E+09 1.98861E+05
7.59000E-05 7.74218E+09 1.97815E+05
7.60000E-05 7.70152E+09 1.96775E+05
7.61000E-05 7.66112E+09 1.95743E+05
7.62000E-05 7.62098E+09 1.94718E+05
7.63000E-05 7.58110E+09 1.93699E+05
7.64000E-05 7.54149E+09 1.92687E+05
7.65000E-05 7.50214E+09 1.91681E+05
7.66000E-05 7.46304E+09 1.90682E+05
7.67000E-05 7.42419E+09 1.89690E+05
7.68000E-05 7.38560E+09 1.88704E+05
7.69000E-05 7.34726E+09 1.87724E+05
7.70000E-05 7.30916E+09 1.86751E+05
7.71000E-05 7.27132E+09 1.85784E+05
7.72000E-05 7.23372E+09 1.84823E+05
7.73000E-05 7.19636E+09 1.83869E+05
7.74000E-05 7.15924E+09 1.82920E+05
7.75000E-05 7.12236E+09 1.81978E+05
7.76000E-05 7.08572E+09 1.81042E+05
7.77000E-05 7.04931E+09 1.80111E+05
7.78000E-05 7.01314E+09 1.79187E+05
7.79000E-05 6.97719E+09 1.78269E+05
7.80000E-05 6.94148E+09 1.77356E+05
7.81000E-05 6.90600E+09 1.76450E+05
7.82000E-05 6.87074E+09 1.75549E+05
7.83000E-05 6.83571E+09 1.74654E+05
7.84000E-05 6.80090E+09 1.73765E+05
7.85000E-05 6.76631E+09 1.72881E+05
7.86000E-05 6.73194E+09 1.72003E+05
7.87000E-05 6.69779E+09 1.71130E+05
7.88000E-05 6.66386E+09 1.70263E+05
7.89000E-05 6.63014E+09 1.69402E+05
7.90000E-05 6.59663E+09 1.68545E+05
7.91000E-05 6.56334E+09 1.67695E+05
7.92000E-05 6.53025E+09 1.66849E+05
7.93000E-05 6.49737E+09 1.66009E+05
7.94000E-05 6.46470E+09 1.65175E+05
7.95000E-05 6.43224E+09 1.64345E+05
7.96000E-05 6.39998E+09 1.63521E+05
7.97000E-05 6.36792E+09 1.62702E+05
7.98000E-05 6.33606E+09 1.61888E+05
7.99000E-05 6.30440E+09 1.61079E+05
8.00000E-05 6.27293E+09 1.60275E+05
8.01000E-05 6.24167E+09 1.59476E+05
8.02000E-05 6.21059E+09 1.58682E+05
8.03000E-05 6.17972E+09 1.57893E+05
8.04000E-05 6.14903E+09 1.57109E+05
8.05000E-05 6.11853E+09 1.56330E+05
8.06000E-05 6.08822E+09 1.55555E+05
8.07000E-05 6.05810E+09 1.54786E+05
8.08000E-05 6.02817E+09 1.54021E+05
8.09000E-05 5.99842E+09 1.53261E+05
8.10000E-05 5.96885E+09 1.52505E+05
8.11000E-05 5.93946E+09 1.51755E+05
8.12000E-05 5.91026E+09 1.51008E+05
8.13000E-05 5.88123E+09 1.50267E+05
8.14000E-05 5.85239E+09 1.49530E+05
8.15000E-05 5.82372E+09 1.48797E+05
8.16000E-05 5.79522E+09 1.48069E+05
8.17000E-05 5.76690E+09 1.47346E+05
8.18000E-05 5.73875E+09 1.46626E+05
8.19000E-05 5.71077E+09 1.45912E+05
8.20000E-05 5.68297E+09 1.45201E+05
8.21000E-05 5.65533E+09 1.44495E+05
8.22000E-05 5.62786E+09 1.43793E+05
8.23000E-05 5.60056E+09 1.43096E+05
8.24000E-05 5.57342E+09 1.42402E+05
8.25000E-05 5.54645E+09 1.41713E+05
8.26000E-05 5.51964E+09 1.41028E+05
8.27000E-05 5.49299E+09 1.40347E+05
8.28000E-05 5.46650E+09 1.39670E+05
8.29000E-05 5.44017E+09 1.38998E+05
8.30000E-05 5.41400E+09 1.38329E+05
8.31000E-05 5.38799E+09 1.37664E+05
8.32000E-05 5.36213E+09 1.37004E+05
8.33000E-05 5.33643E+09 1.36347E+05
8.34000E-05 5.31088E+09 1.35694E+05
8.35000E-05 5.28548E+09 1.35045E+05
8.36000E-05 5.26024E+09 1.34400E+05
8.37000E-05 5.23515E+09 1.33759E+05
8.38000E-05 5.21020E+09 1.33122E+05
8.39000E-05 5.18541E+09 1.32488E+05
8.40000E-05 5.16076E+09 1.31859E+05
8.41000E-05 5.13626E+09 1.31232E+05
8.42000E-05 5.11190E+09 1.30610E+05
8.43000E-05 5.08769E+09 1.29992E+05
8.44000E-05 5.06362E+09 1.29377E+05
8.45000E-05 5.03969E+09 1.28765E+05
8.46000E-05 5.01590E+09 1.28157E+05
8.47000E-05 4.99226E+09 1.27553E+05
8.48000E-05 4.96875E+09 1.26953E+05
8.49000E-05 4.94538E+09 1.26356E+05
8.50000E-05 4.92215E+09 1.25762E+05
8.51000E-05 4.89906E+09 1.25172E+05
8.52000E-05 4.87610E+09 1.24585E+05
8.53000E-05 4.85327E+09 1.24002E+05
8.54000E-05 4.83058E+09 1.23422E+05
8.55000E-05 4.80802E+09 1.22846E+05
8.56000E-05 4.78559E+09 1.22273E+05
8.57000E-05 4.76329E+09 1.21703E+05
8.58000E-05 4.74113E+09 1.21137E+05
8.59000E-05 4.71909E+09 1.20574E+05
8.60000E-05 4.69718E+09 1.20014E+05
8.61000E-05 4.67539E+09 1.19457E+05
8.62000E-05 4.65373E+09 1.18904E+05
8.63000E-05 4.63220E+09 1.18354E+05
8.64000E-05 4.61079E+09 1.17807E+05
8.65000E-05 4.58951E+09 1.17263E+05
8.66000E-05 4.56835E+09 1.16722E+05
8.67000E-05 4.54731E+09 1.16185E+05
8.68000E-05 4.52639E+09 1.15650E+05
8.69000E-05 4.50559E+09 1.15119E+05
8.70000E-05 4.48491E+09 1.14590E+05
8.71000E-05 4.46435E+09 1.14065E+05
8.72000E-05 4.44390E+09 1.13543E+05
8.73000E-05 4.42358E+09 1.13023E+05
8.74000E-05 4.40337E+09 1.12507E+05
8.75000E-05 4.38327E+09 1.11994E+05
8.76000E-05 4.36329E+09 1.11483E+05
8.77000E-05 4.34342E+09 1.10975E+05
8.78000E-05 4.32367E+09 1.10471E+05
8.79000E-05 4.30403E+09 1.09969E+05
8.80000E-05 4.28450E+09 1.09470E+05
8.81000E-05 4.26508E+09 1.08974E+05
8.82000E-05 4.24577E+09 1.08480E+05
8.83000E-05 4.22657E+09 1.07990E+05
8.84000E-05 4.20748E+09 1.07502E+05
8.85000E-05 4.18849E+09 1.07017E+05
8.86000E-05 4.16961E+09 1.06535E+05
8.87000E-05 4.15084E+09 1.06055E+05
8.88000E-05 4.13218E+09 1.05578E+05
8.89000E-05 4.11361E+09 1.05104E+05
8.90000E-05 4.09516E+09 1.04632E+05
8.91000E-05 4.07680E+09 1.04163E+05
8.92000E-05 4.05855E+09 1.03697E+05
8.93000E-05 4.04040E+09 1.03233E+05
8.94000E-05 4.02236E+09 1.02772E+05
8.95000E-05 4.00441E+09 1.02314E+05
8.96000E-05 3.98656E+09 1.01858E+05
8.97000E-05 3.96882E+09 1.01404E+05
8.98000E-05 3.95117E+09 1.00953E+05
8.99000E-05 3.93362E+09 1.00505E+05
9.00000E-05 3.91616E+09 1.00059E+05
9.01000E-05 3.89880E+09 9.96153E+04
9.02000E-05 3.88154E+09 9.91743E+04
9.03000E-05 3.86438E+09 9.87357E+04
9.04000E-05 3.84731E+09 9.82996E+04
9.05000E-05 3.83033E+09 9.78658E+04
9.06000E-05 3.81345E+09 9.74345E+04
9.07000E-05 3.79666E+09 9.70055E+04
9.08000E-05 3.77996E+09 9.65788E+04
9.09000E-05 3.76335E+09 9.61545E+04
9.10000E-05 3.74684E+09 9.57326E+04
9.11000E-05 3.73041E+09 9.53129E+04
9.12000E-05 3.71408E+09 9.48956E+04
9.13000E-05 3.69783E+09 9.44805E+04
9.14000E-05 3.68168E+09 9.40677E+04
9.15000E-05 3.66561E+09 9.36572E+04
9.16000E-05 3.64963E+09 9.32488E+04
9.17000E-05 3.63374E+09 9.28428E+04
9.18000E-05 3.61793E+09 9.24389E+04
9.19000E-05 3.60221E+09 9.20372E+04
9.20000E-05 3.58657E+09 9.16377E+04
9.21000E-05 3.57102E+09 9.12403E+04
9.22000E-05 3.55555E+09 9.08451E+04
9.23000E-05 3.54017E+09 9.04521E+04
9.24000E-05 3.52487E+09 9.00611E+04
9.25000E-05 3.50965E+09 8.96723E+04
9.26000E-05 3.49451E+09 8.92856E+04
9.27000E-05 3.47946E+09 8.89010E+04
9.28000E-05 3.46449E+09 8.85184E+04
9.29000E-05 3.44959E+09 8.81379E+04
9.30000E-05 3.43478E+09 8.77594E+04
9.31000E-05 3.42005E+09 8.73829E+04
9.32000E-05 3.40539E+09 8.70085E+04
9.33000E-05 3.39081E+09 8.66361E+04
9.34000E-05 3.37632E+09 8.62656E+04
9.35000E-05 3.36190E+09 8.58972E+04
9.36000E-05 3.34755E+09 8.55307E+04
9.37000E-05 3.33328E+09 8.51661E+04
9.38000E-05 3.31909E+09 8.48035E+04
9.39000E-05 3.30498E+09 8.44429E+04
9.40000E-05 3.29093E+09 8.40841E+04
9.41000E-05 3.27697E+09 8.37273E+04
9.42000E-05 3.26307E+09 8.33723E+04
9.43000E-05 3.24926E+09 8.30192E+04
9.44000E-05 3.23551E+09 8.26680E+04
9.45000E-05 3.22184E+09 8.23186E+04
9.46000E-05 3.20823E+09 8.19711E+04
9.47000E-05 3.19470E+09 8.16254E+04
9.48000E-05 3.18125E+09 8.12816E+04
9.49000E-05 3.16786E+09 8.09395E+04
9.50000E-05 3.15454E+09 8.05992E+04
9.51000E-05 3.14129E+09 8.02608E+04
9.52000E-05 3.12812E+09 7.99241E+04
9.53000E-05 3.11501E+09 7.95891E+04
9.54000E-05 3.10197E+09 7.92559E+04
9.55000E-05 3.08899E+09 7.89245E+04
9.56000E-05 3.07609E+09 7.85948E+04
9.57000E-05 3.06325E+09 7.82668E+04
9.58000E-05 3.05048E+09 7.79405E+04
9.59000E-05 3.03778E+09 7.76159E+04
9.60000E-05 3.02514E+09 7.72930E+04
9.61000E-05 3.01257E+09 7.69718E+04
9.62000E-05 3.00006E+09 7.66523E+04
9.63000E-05 2.98762E+09 7.63344E+04
9.64000E-05 2.97524E+09 7.60181E+04
9.65000E-05 2.96293E+09 7.57035E+04
9.66000E-05 2.95068E+09 7.53905E+04
9.67000E-05 2.93849E+09 7.50792E+04
9.68000E-05 2.92637E+09 7.47694E+04
9.69000E-05 2.91431E+09 7.44612E+04
9.70000E-05 2.90231E+09 7.41547E+04
9.71000E-05 2.89037E+09 7.38496E+04
9.72000E-05 2.87850E+09 7.35462E+04
9.73000E-05 2.86668E+09 7.32443E+04
9.74000E-05 2.85493E+09 7.29440E+04
9.75000E-05 2.84323E+09 7.26452E+04
9.76000E-05 2.83160E+09 7.23479E+04
9.77000E-05 2.82002E+09 7.20522E+04
9.78000E-05 2.80851E+09 7.17579E+04
9.79000E-05 2.79705E+09 7.14652E+04
9.80000E-05 2.78565E+09 7.11739E+04
9.81000E-05 2.77431E+09 7.08842E+04
9.82000E-05 2.76302E+09 7.05959E+04
9.83000E-05 2.75180E+09 7.03091E+04
9.84000E-05 2.74063E+09 7.00237E+04
9.85000E-05 2.72952E+09 6.97398E+04
9.86000E-05 2.71846E+09 6.94573E+04
9.87000E-05 2.70746E+09 6.91762E+04
9.88000E-05 2.69652E+09 6.88966E+04
9.89000E-05 2.68563E+09 6.86183E+04
9.90000E-05 2.67479E+09 6.83415E+04
9.91000E-05 2.66401E+09 6.80661E+04
9.92000E-05 2.65329E+09 6.77920E+04
9.93000E-05 2.64261E+09 6.75194E+04
9.94000E-05 2.63200E+09 6.72481E+04
9.95000E-05 2.62143E+09 6.69781E+04
9.96000E-05 2.61092E+09 6.67095E+04
9.97000E-05 2.60046E+09 6.64423E+04
9.98000E-05 2.59005E+09 6.61764E+04
9.99000E-05 2.57970E+09 6.59118E+04
1.00000E-04 2.56939E+09 6.56486E+04
