#  FeatureSize(cm)    Fluence(mum2)   Dose(Gy)
1.00000E-07 7.97059E+20 2.03650E+16
2.00000E-07 4.98119E+19 1.27270E+15
3.00000E-07 9.83853E+18 2.51377E+14
4.00000E-07 3.11271E+18 7.95303E+13
5.00000E-07 1.27485E+18 3.25728E+13
6.00000E-07 6.14750E+17 1.57070E+13
7.00000E-07 3.31798E+17 8.47751E+12
8.00000E-07 1.94477E+17 4.96893E+12
9.00000E-07 1.21401E+17 3.10181E+12
1.00000E-06 7.96441E+16 2.03492E+12
1.10000E-06 5.43933E+16 1.38976E+12
1.20000E-06 3.84020E+16 9.81180E+11
1.30000E-06 2.78784E+16 7.12299E+11
1.40000E-06 2.07249E+16 5.29525E+11
1.50000E-06 1.57254E+16 4.01787E+11
1.60000E-06 1.21464E+16 3.10344E+11
1.70000E-06 9.53007E+15 2.43495E+11
1.80000E-06 7.58166E+15 1.93713E+11
1.90000E-06 6.10664E+15 1.56026E+11
2.00000E-06 4.97347E+15 1.27073E+11
2.10000E-06 4.09133E+15 1.04534E+11
2.20000E-06 3.39636E+15 8.67777E+10
2.30000E-06 2.84286E+15 7.26357E+10
2.40000E-06 2.39764E+15 6.12603E+10
2.50000E-06 2.03625E+15 5.20267E+10
2.60000E-06 1.74045E+15 4.44688E+10
2.70000E-06 1.49645E+15 3.82346E+10
2.80000E-06 1.29374E+15 3.30554E+10
2.90000E-06 1.12422E+15 2.87240E+10
3.00000E-06 9.81566E+14 2.50792E+10
3.10000E-06 8.60836E+14 2.19945E+10
3.20000E-06 7.58106E+14 1.93698E+10
3.30000E-06 6.70249E+14 1.71250E+10
3.40000E-06 5.94756E+14 1.51962E+10
3.50000E-06 5.29596E+14 1.35313E+10
3.60000E-06 4.73118E+14 1.20883E+10
3.70000E-06 4.23970E+14 1.08325E+10
3.80000E-06 3.81040E+14 9.73565E+09
3.90000E-06 3.43407E+14 8.77412E+09
4.00000E-06 3.10306E+14 7.92838E+09
4.10000E-06 2.81097E+14 7.18210E+09
4.20000E-06 2.55245E+14 6.52157E+09
4.30000E-06 2.32297E+14 5.93523E+09
4.40000E-06 2.11870E+14 5.41332E+09
4.50000E-06 1.93639E+14 4.94751E+09
4.60000E-06 1.77326E+14 4.53073E+09
4.70000E-06 1.62695E+14 4.15691E+09
4.80000E-06 1.49542E+14 3.82084E+09
4.90000E-06 1.37692E+14 3.51805E+09
5.00000E-06 1.26991E+14 3.24466E+09
5.10000E-06 1.17310E+14 2.99730E+09
5.20000E-06 1.08534E+14 2.77307E+09
5.30000E-06 1.00563E+14 2.56941E+09
5.40000E-06 9.33102E+13 2.38410E+09
5.50000E-06 8.66993E+13 2.21519E+09
5.60000E-06 8.06634E+13 2.06097E+09
5.70000E-06 7.51436E+13 1.91994E+09
5.80000E-06 7.00877E+13 1.79076E+09
5.90000E-06 6.54498E+13 1.67226E+09
6.00000E-06 6.11890E+13 1.56339E+09
6.10000E-06 5.72693E+13 1.46324E+09
6.20000E-06 5.36583E+13 1.37098E+09
6.30000E-06 5.03273E+13 1.28587E+09
6.40000E-06 4.72507E+13 1.20727E+09
6.50000E-06 4.44055E+13 1.13457E+09
6.60000E-06 4.17712E+13 1.06726E+09
6.70000E-06 3.93293E+13 1.00487E+09
6.80000E-06 3.70631E+13 9.46972E+08
6.90000E-06 3.49578E+13 8.93179E+08
7.00000E-06 3.29997E+13 8.43151E+08
7.10000E-06 3.11768E+13 7.96574E+08
7.20000E-06 2.94780E+13 7.53168E+08
7.30000E-06 2.78932E+13 7.12678E+08
7.40000E-06 2.64135E+13 6.74870E+08
7.50000E-06 2.50305E+13 6.39535E+08
7.60000E-06 2.37368E+13 6.06481E+08
7.70000E-06 2.25256E+13 5.75534E+08
7.80000E-06 2.13906E+13 5.46535E+08
7.90000E-06 2.03262E+13 5.19338E+08
8.00000E-06 1.93271E+13 4.93811E+08
8.10000E-06 1.83886E+13 4.69833E+08
8.20000E-06 1.75064E+13 4.47291E+08
8.30000E-06 1.66764E+13 4.26084E+08
8.40000E-06 1.58949E+13 4.06119E+08
8.50000E-06 1.51587E+13 3.87309E+08
8.60000E-06 1.44646E+13 3.69574E+08
8.70000E-06 1.38097E+13 3.52842E+08
8.80000E-06 1.31915E+13 3.37046E+08
8.90000E-06 1.26075E+13 3.22123E+08
9.00000E-06 1.20553E+13 3.08017E+08
9.10000E-06 1.15331E+13 2.94674E+08
9.20000E-06 1.10388E+13 2.82045E+08
9.30000E-06 1.05707E+13 2.70084E+08
9.40000E-06 1.01272E+13 2.58751E+08
9.50000E-06 9.70659E+12 2.48006E+08
9.60000E-06 9.30762E+12 2.37812E+08
9.70000E-06 8.92892E+12 2.28136E+08
9.80000E-06 8.56927E+12 2.18947E+08
9.90000E-06 8.22753E+12 2.10215E+08
1.00000E-05 7.90265E+12 2.01914E+08
1.01000E-05 7.59363E+12 1.94019E+08
1.02000E-05 7.29956E+12 1.86505E+08
1.03000E-05 7.01957E+12 1.79352E+08
1.04000E-05 6.75287E+12 1.72537E+08
1.05000E-05 6.49871E+12 1.66043E+08
1.06000E-05 6.25638E+12 1.59852E+08
1.07000E-05 6.02523E+12 1.53946E+08
1.08000E-05 5.80465E+12 1.48310E+08
1.09000E-05 5.59406E+12 1.42930E+08
1.10000E-05 5.39293E+12 1.37791E+08
1.11000E-05 5.20075E+12 1.32880E+08
1.12000E-05 5.01704E+12 1.28187E+08
1.13000E-05 4.84137E+12 1.23698E+08
1.14000E-05 4.67332E+12 1.19404E+08
1.15000E-05 4.51248E+12 1.15295E+08
1.16000E-05 4.35850E+12 1.11361E+08
1.17000E-05 4.21102E+12 1.07593E+08
1.18000E-05 4.06973E+12 1.03982E+08
1.19000E-05 3.93430E+12 1.00522E+08
1.20000E-05 3.80446E+12 9.72048E+07
1.21000E-05 3.67992E+12 9.40228E+07
1.22000E-05 3.56043E+12 9.09699E+07
1.23000E-05 3.44575E+12 8.80398E+07
1.24000E-05 3.33565E+12 8.52265E+07
1.25000E-05 3.22990E+12 8.25246E+07
1.26000E-05 3.12830E+12 7.99289E+07
1.27000E-05 3.03067E+12 7.74343E+07
1.28000E-05 2.93681E+12 7.50361E+07
1.29000E-05 2.84655E+12 7.27300E+07
1.30000E-05 2.75973E+12 7.05117E+07
1.31000E-05 2.67619E+12 6.83773E+07
1.32000E-05 2.59578E+12 6.63229E+07
1.33000E-05 2.51837E+12 6.43450E+07
1.34000E-05 2.44382E+12 6.24402E+07
1.35000E-05 2.37201E+12 6.06053E+07
1.36000E-05 2.30281E+12 5.88372E+07
1.37000E-05 2.23611E+12 5.71331E+07
1.38000E-05 2.17181E+12 5.54901E+07
1.39000E-05 2.10980E+12 5.39057E+07
1.40000E-05 2.04998E+12 5.23774E+07
1.41000E-05 1.99227E+12 5.09029E+07
1.42000E-05 1.93657E+12 4.94797E+07
1.43000E-05 1.88280E+12 4.81059E+07
1.44000E-05 1.83088E+12 4.67794E+07
1.45000E-05 1.78074E+12 4.54983E+07
1.46000E-05 1.73230E+12 4.42607E+07
1.47000E-05 1.68549E+12 4.30648E+07
1.48000E-05 1.64026E+12 4.19089E+07
1.49000E-05 1.59653E+12 4.07916E+07
1.50000E-05 1.55424E+12 3.97112E+07
1.51000E-05 1.51334E+12 3.86663E+07
1.52000E-05 1.47378E+12 3.76554E+07
1.53000E-05 1.43550E+12 3.66774E+07
1.54000E-05 1.39846E+12 3.57309E+07
1.55000E-05 1.36260E+12 3.48146E+07
1.56000E-05 1.32788E+12 3.39275E+07
1.57000E-05 1.29425E+12 3.30685E+07
1.58000E-05 1.26169E+12 3.22364E+07
1.59000E-05 1.23014E+12 3.14303E+07
1.60000E-05 1.19957E+12 3.06492E+07
1.61000E-05 1.16994E+12 2.98922E+07
1.62000E-05 1.14122E+12 2.91584E+07
1.63000E-05 1.11337E+12 2.84469E+07
1.64000E-05 1.08637E+12 2.77570E+07
1.65000E-05 1.06018E+12 2.70878E+07
1.66000E-05 1.03477E+12 2.64386E+07
1.67000E-05 1.01012E+12 2.58088E+07
1.68000E-05 9.86197E+11 2.51976E+07
1.69000E-05 9.62977E+11 2.46043E+07
1.70000E-05 9.40436E+11 2.40283E+07
1.71000E-05 9.18549E+11 2.34691E+07
1.72000E-05 8.97295E+11 2.29261E+07
1.73000E-05 8.76651E+11 2.23986E+07
1.74000E-05 8.56596E+11 2.18862E+07
1.75000E-05 8.37111E+11 2.13884E+07
1.76000E-05 8.18176E+11 2.09046E+07
1.77000E-05 7.99772E+11 2.04344E+07
1.78000E-05 7.81882E+11 1.99773E+07
1.79000E-05 7.64489E+11 1.95329E+07
1.80000E-05 7.47576E+11 1.91007E+07
1.81000E-05 7.31127E+11 1.86805E+07
1.82000E-05 7.15128E+11 1.82717E+07
1.83000E-05 6.99563E+11 1.78740E+07
1.84000E-05 6.84419E+11 1.74871E+07
1.85000E-05 6.69682E+11 1.71105E+07
1.86000E-05 6.55338E+11 1.67440E+07
1.87000E-05 6.41376E+11 1.63873E+07
1.88000E-05 6.27784E+11 1.60400E+07
1.89000E-05 6.14549E+11 1.57019E+07
1.90000E-05 6.01660E+11 1.53725E+07
1.91000E-05 5.89107E+11 1.50518E+07
1.92000E-05 5.76879E+11 1.47394E+07
1.93000E-05 5.64966E+11 1.44350E+07
1.94000E-05 5.53358E+11 1.41384E+07
1.95000E-05 5.42047E+11 1.38494E+07
1.96000E-05 5.31023E+11 1.35677E+07
1.97000E-05 5.20277E+11 1.32932E+07
1.98000E-05 5.09801E+11 1.30255E+07
1.99000E-05 4.99587E+11 1.27646E+07
2.00000E-05 4.89627E+11 1.25101E+07
2.01000E-05 4.79913E+11 1.22619E+07
2.02000E-05 4.70439E+11 1.20198E+07
2.03000E-05 4.61197E+11 1.17837E+07
2.04000E-05 4.52181E+11 1.15533E+07
2.05000E-05 4.43383E+11 1.13285E+07
2.06000E-05 4.34798E+11 1.11092E+07
2.07000E-05 4.26420E+11 1.08951E+07
2.08000E-05 4.18242E+11 1.06862E+07
2.09000E-05 4.10258E+11 1.04822E+07
2.10000E-05 4.02464E+11 1.02831E+07
2.11000E-05 3.94854E+11 1.00886E+07
2.12000E-05 3.87423E+11 9.89873E+06
2.13000E-05 3.80165E+11 9.71330E+06
2.14000E-05 3.73076E+11 9.53217E+06
2.15000E-05 3.66151E+11 9.35524E+06
2.16000E-05 3.59386E+11 9.18239E+06
2.17000E-05 3.52776E+11 9.01351E+06
2.18000E-05 3.46317E+11 8.84848E+06
2.19000E-05 3.40005E+11 8.68720E+06
2.20000E-05 3.33836E+11 8.52958E+06
2.21000E-05 3.27806E+11 8.37551E+06
2.22000E-05 3.21911E+11 8.22489E+06
2.23000E-05 3.16148E+11 8.07764E+06
2.24000E-05 3.10513E+11 7.93366E+06
2.25000E-05 3.05002E+11 7.79288E+06
2.26000E-05 2.99613E+11 7.65519E+06
2.27000E-05 2.94343E+11 7.52052E+06
2.28000E-05 2.89187E+11 7.38880E+06
2.29000E-05 2.84144E+11 7.25995E+06
2.30000E-05 2.79210E+11 7.13388E+06
2.31000E-05 2.74382E+11 7.01053E+06
2.32000E-05 2.69659E+11 6.88984E+06
2.33000E-05 2.65036E+11 6.77172E+06
2.34000E-05 2.60511E+11 6.65612E+06
2.35000E-05 2.56083E+11 6.54297E+06
2.36000E-05 2.51748E+11 6.43221E+06
2.37000E-05 2.47504E+11 6.32378E+06
2.38000E-05 2.43349E+11 6.21762E+06
2.39000E-05 2.39281E+11 6.11367E+06
2.40000E-05 2.35297E+11 6.01188E+06
2.41000E-05 2.31395E+11 5.91220E+06
2.42000E-05 2.27574E+11 5.81457E+06
2.43000E-05 2.23831E+11 5.71894E+06
2.44000E-05 2.20165E+11 5.62527E+06
2.45000E-05 2.16574E+11 5.53350E+06
2.46000E-05 2.13055E+11 5.44360E+06
2.47000E-05 2.09607E+11 5.35550E+06
2.48000E-05 2.06228E+11 5.26918E+06
2.49000E-05 2.02918E+11 5.18459E+06
2.50000E-05 1.99673E+11 5.10168E+06
2.51000E-05 1.96492E+11 5.02043E+06
2.52000E-05 1.93375E+11 4.94077E+06
2.53000E-05 1.90319E+11 4.86269E+06
2.54000E-05 1.87323E+11 4.78615E+06
2.55000E-05 1.84386E+11 4.71109E+06
2.56000E-05 1.81505E+11 4.63751E+06
2.57000E-05 1.78681E+11 4.56534E+06
2.58000E-05 1.75912E+11 4.49458E+06
2.59000E-05 1.73195E+11 4.42518E+06
2.60000E-05 1.70531E+11 4.35710E+06
2.61000E-05 1.67918E+11 4.29033E+06
2.62000E-05 1.65354E+11 4.22483E+06
2.63000E-05 1.62839E+11 4.16058E+06
2.64000E-05 1.60372E+11 4.09753E+06
2.65000E-05 1.57951E+11 4.03568E+06
2.66000E-05 1.55575E+11 3.97498E+06
2.67000E-05 1.53244E+11 3.91542E+06
2.68000E-05 1.50956E+11 3.85697E+06
2.69000E-05 1.48711E+11 3.79960E+06
2.70000E-05 1.46507E+11 3.74329E+06
2.71000E-05 1.44344E+11 3.68802E+06
2.72000E-05 1.42220E+11 3.63376E+06
2.73000E-05 1.40136E+11 3.58050E+06
2.74000E-05 1.38089E+11 3.52820E+06
2.75000E-05 1.36079E+11 3.47685E+06
2.76000E-05 1.34106E+11 3.42644E+06
2.77000E-05 1.32168E+11 3.37693E+06
2.78000E-05 1.30265E+11 3.32831E+06
2.79000E-05 1.28396E+11 3.28056E+06
2.80000E-05 1.26561E+11 3.23366E+06
2.81000E-05 1.24758E+11 3.18759E+06
2.82000E-05 1.22987E+11 3.14234E+06
2.83000E-05 1.21247E+11 3.09788E+06
2.84000E-05 1.19538E+11 3.05421E+06
2.85000E-05 1.17858E+11 3.01131E+06
2.86000E-05 1.16208E+11 2.96915E+06
2.87000E-05 1.14587E+11 2.92772E+06
2.88000E-05 1.12994E+11 2.88702E+06
2.89000E-05 1.11428E+11 2.84701E+06
2.90000E-05 1.09889E+11 2.80770E+06
2.91000E-05 1.08377E+11 2.76906E+06
2.92000E-05 1.06891E+11 2.73108E+06
2.93000E-05 1.05430E+11 2.69375E+06
2.94000E-05 1.03993E+11 2.65705E+06
2.95000E-05 1.02581E+11 2.62097E+06
2.96000E-05 1.01193E+11 2.58551E+06
2.97000E-05 9.98283E+10 2.55063E+06
2.98000E-05 9.84863E+10 2.51635E+06
2.99000E-05 9.71668E+10 2.48263E+06
3.00000E-05 9.58692E+10 2.44948E+06
3.01000E-05 9.45932E+10 2.41688E+06
3.02000E-05 9.33383E+10 2.38481E+06
3.03000E-05 9.21040E+10 2.35328E+06
3.04000E-05 9.08901E+10 2.32226E+06
3.05000E-05 8.96960E+10 2.29175E+06
3.06000E-05 8.85214E+10 2.26174E+06
3.07000E-05 8.73659E+10 2.23222E+06
3.08000E-05 8.62292E+10 2.20317E+06
3.09000E-05 8.51108E+10 2.17460E+06
3.10000E-05 8.40105E+10 2.14649E+06
3.11000E-05 8.29278E+10 2.11882E+06
3.12000E-05 8.18625E+10 2.09161E+06
3.13000E-05 8.08142E+10 2.06482E+06
3.14000E-05 7.97826E+10 2.03846E+06
3.15000E-05 7.87673E+10 2.01252E+06
3.16000E-05 7.77681E+10 1.98699E+06
3.17000E-05 7.67846E+10 1.96186E+06
3.18000E-05 7.58166E+10 1.93713E+06
3.19000E-05 7.48638E+10 1.91279E+06
3.20000E-05 7.39258E+10 1.88882E+06
3.21000E-05 7.30024E+10 1.86523E+06
3.22000E-05 7.20934E+10 1.84200E+06
3.23000E-05 7.11985E+10 1.81914E+06
3.24000E-05 7.03173E+10 1.79662E+06
3.25000E-05 6.94497E+10 1.77446E+06
3.26000E-05 6.85954E+10 1.75263E+06
3.27000E-05 6.77541E+10 1.73113E+06
3.28000E-05 6.69257E+10 1.70997E+06
3.29000E-05 6.61099E+10 1.68912E+06
3.30000E-05 6.53064E+10 1.66859E+06
3.31000E-05 6.45150E+10 1.64837E+06
3.32000E-05 6.37356E+10 1.62846E+06
3.33000E-05 6.29679E+10 1.60884E+06
3.34000E-05 6.22116E+10 1.58952E+06
3.35000E-05 6.14667E+10 1.57049E+06
3.36000E-05 6.07328E+10 1.55174E+06
3.37000E-05 6.00098E+10 1.53326E+06
3.38000E-05 5.92975E+10 1.51507E+06
3.39000E-05 5.85957E+10 1.49713E+06
3.40000E-05 5.79043E+10 1.47947E+06
3.41000E-05 5.72230E+10 1.46206E+06
3.42000E-05 5.65516E+10 1.44491E+06
3.43000E-05 5.58900E+10 1.42800E+06
3.44000E-05 5.52381E+10 1.41135E+06
3.45000E-05 5.45956E+10 1.39493E+06
3.46000E-05 5.39623E+10 1.37875E+06
3.47000E-05 5.33383E+10 1.36280E+06
3.48000E-05 5.27231E+10 1.34709E+06
3.49000E-05 5.21168E+10 1.33160E+06
3.50000E-05 5.15192E+10 1.31633E+06
3.51000E-05 5.09300E+10 1.30127E+06
3.52000E-05 5.03493E+10 1.28644E+06
3.53000E-05 4.97768E+10 1.27181E+06
3.54000E-05 4.92123E+10 1.25739E+06
3.55000E-05 4.86558E+10 1.24317E+06
3.56000E-05 4.81072E+10 1.22915E+06
3.57000E-05 4.75662E+10 1.21533E+06
3.58000E-05 4.70328E+10 1.20170E+06
3.59000E-05 4.65068E+10 1.18826E+06
3.60000E-05 4.59881E+10 1.17501E+06
3.61000E-05 4.54766E+10 1.16194E+06
3.62000E-05 4.49722E+10 1.14905E+06
3.63000E-05 4.44747E+10 1.13634E+06
3.64000E-05 4.39841E+10 1.12380E+06
3.65000E-05 4.35002E+10 1.11144E+06
3.66000E-05 4.30229E+10 1.09924E+06
3.67000E-05 4.25521E+10 1.08722E+06
3.68000E-05 4.20877E+10 1.07535E+06
3.69000E-05 4.16296E+10 1.06365E+06
3.70000E-05 4.11777E+10 1.05210E+06
3.71000E-05 4.07319E+10 1.04071E+06
3.72000E-05 4.02921E+10 1.02947E+06
3.73000E-05 3.98583E+10 1.01839E+06
3.74000E-05 3.94302E+10 1.00745E+06
3.75000E-05 3.90078E+10 9.96658E+05
3.76000E-05 3.85910E+10 9.86009E+05
3.77000E-05 3.81798E+10 9.75502E+05
3.78000E-05 3.77740E+10 9.65135E+05
3.79000E-05 3.73736E+10 9.54904E+05
3.80000E-05 3.69785E+10 9.44808E+05
3.81000E-05 3.65885E+10 9.34844E+05
3.82000E-05 3.62036E+10 9.25011E+05
3.83000E-05 3.58238E+10 9.15307E+05
3.84000E-05 3.54490E+10 9.05729E+05
3.85000E-05 3.50790E+10 8.96276E+05
3.86000E-05 3.47138E+10 8.86945E+05
3.87000E-05 3.43533E+10 8.77735E+05
3.88000E-05 3.39975E+10 8.68644E+05
3.89000E-05 3.36463E+10 8.59669E+05
3.90000E-05 3.32995E+10 8.50810E+05
3.91000E-05 3.29572E+10 8.42065E+05
3.92000E-05 3.26193E+10 8.33431E+05
3.93000E-05 3.22857E+10 8.24907E+05
3.94000E-05 3.19563E+10 8.16491E+05
3.95000E-05 3.16311E+10 8.08182E+05
3.96000E-05 3.13100E+10 7.99978E+05
3.97000E-05 3.09930E+10 7.91878E+05
3.98000E-05 3.06799E+10 7.83879E+05
3.99000E-05 3.03708E+10 7.75981E+05
4.00000E-05 3.00656E+10 7.68182E+05
4.01000E-05 2.97641E+10 7.60480E+05
4.02000E-05 2.94664E+10 7.52874E+05
4.03000E-05 2.91725E+10 7.45363E+05
4.04000E-05 2.88821E+10 7.37945E+05
4.05000E-05 2.85954E+10 7.30618E+05
4.06000E-05 2.83122E+10 7.23382E+05
4.07000E-05 2.80324E+10 7.16235E+05
4.08000E-05 2.77561E+10 7.09175E+05
4.09000E-05 2.74832E+10 7.02202E+05
4.10000E-05 2.72136E+10 6.95315E+05
4.11000E-05 2.69473E+10 6.88511E+05
4.12000E-05 2.66843E+10 6.81790E+05
4.13000E-05 2.64244E+10 6.75150E+05
4.14000E-05 2.61677E+10 6.68591E+05
4.15000E-05 2.59141E+10 6.62111E+05
4.16000E-05 2.56635E+10 6.55709E+05
4.17000E-05 2.54160E+10 6.49383E+05
4.18000E-05 2.51714E+10 6.43134E+05
4.19000E-05 2.49297E+10 6.36959E+05
4.20000E-05 2.46909E+10 6.30858E+05
4.21000E-05 2.44550E+10 6.24830E+05
4.22000E-05 2.42218E+10 6.18873E+05
4.23000E-05 2.39914E+10 6.12987E+05
4.24000E-05 2.37638E+10 6.07170E+05
4.25000E-05 2.35388E+10 6.01422E+05
4.26000E-05 2.33165E+10 5.95741E+05
4.27000E-05 2.30968E+10 5.90128E+05
4.28000E-05 2.28796E+10 5.84579E+05
4.29000E-05 2.26650E+10 5.79096E+05
4.30000E-05 2.24529E+10 5.73677E+05
4.31000E-05 2.22433E+10 5.68320E+05
4.32000E-05 2.20360E+10 5.63026E+05
4.33000E-05 2.18312E+10 5.57793E+05
4.34000E-05 2.16288E+10 5.52620E+05
4.35000E-05 2.14287E+10 5.47507E+05
4.36000E-05 2.12308E+10 5.42453E+05
4.37000E-05 2.10353E+10 5.37457E+05
4.38000E-05 2.08420E+10 5.32517E+05
4.39000E-05 2.06509E+10 5.27635E+05
4.40000E-05 2.04620E+10 5.22808E+05
4.41000E-05 2.02752E+10 5.18035E+05
4.42000E-05 2.00905E+10 5.13317E+05
4.43000E-05 1.99079E+10 5.08652E+05
4.44000E-05 1.97274E+10 5.04040E+05
4.45000E-05 1.95490E+10 4.99480E+05
4.46000E-05 1.93725E+10 4.94971E+05
4.47000E-05 1.91980E+10 4.90513E+05
4.48000E-05 1.90254E+10 4.86104E+05
4.49000E-05 1.88548E+10 4.81745E+05
4.50000E-05 1.86861E+10 4.77434E+05
4.51000E-05 1.85193E+10 4.73172E+05
4.52000E-05 1.83543E+10 4.68956E+05
4.53000E-05 1.81911E+10 4.64787E+05
4.54000E-05 1.80298E+10 4.60665E+05
4.55000E-05 1.78702E+10 4.56587E+05
4.56000E-05 1.77124E+10 4.52555E+05
4.57000E-05 1.75563E+10 4.48566E+05
4.58000E-05 1.74019E+10 4.44622E+05
4.59000E-05 1.72492E+10 4.40720E+05
4.60000E-05 1.70981E+10 4.36861E+05
4.61000E-05 1.69487E+10 4.33044E+05
4.62000E-05 1.68010E+10 4.29268E+05
4.63000E-05 1.66548E+10 4.25534E+05
4.64000E-05 1.65102E+10 4.21839E+05
4.65000E-05 1.63672E+10 4.18185E+05
4.66000E-05 1.62257E+10 4.14570E+05
4.67000E-05 1.60857E+10 4.10993E+05
4.68000E-05 1.59472E+10 4.07455E+05
4.69000E-05 1.58102E+10 4.03955E+05
4.70000E-05 1.56747E+10 4.00492E+05
4.71000E-05 1.55406E+10 3.97066E+05
4.72000E-05 1.54079E+10 3.93676E+05
4.73000E-05 1.52767E+10 3.90323E+05
4.74000E-05 1.51468E+10 3.87004E+05
4.75000E-05 1.50183E+10 3.83721E+05
4.76000E-05 1.48912E+10 3.80473E+05
4.77000E-05 1.47654E+10 3.77258E+05
4.78000E-05 1.46409E+10 3.74078E+05
4.79000E-05 1.45177E+10 3.70930E+05
4.80000E-05 1.43958E+10 3.67816E+05
4.81000E-05 1.42752E+10 3.64734E+05
4.82000E-05 1.41558E+10 3.61684E+05
4.83000E-05 1.40377E+10 3.58666E+05
4.84000E-05 1.39208E+10 3.55679E+05
4.85000E-05 1.38051E+10 3.52723E+05
4.86000E-05 1.36906E+10 3.49797E+05
4.87000E-05 1.35772E+10 3.46902E+05
4.88000E-05 1.34651E+10 3.44036E+05
4.89000E-05 1.33541E+10 3.41200E+05
4.90000E-05 1.32442E+10 3.38393E+05
4.91000E-05 1.31355E+10 3.35614E+05
4.92000E-05 1.30278E+10 3.32864E+05
4.93000E-05 1.29213E+10 3.30142E+05
4.94000E-05 1.28158E+10 3.27447E+05
4.95000E-05 1.27114E+10 3.24780E+05
4.96000E-05 1.26081E+10 3.22140E+05
4.97000E-05 1.25058E+10 3.19526E+05
4.98000E-05 1.24045E+10 3.16939E+05
4.99000E-05 1.23043E+10 3.14378E+05
5.00000E-05 1.22051E+10 3.11842E+05
5.01000E-05 1.21068E+10 3.09332E+05
5.02000E-05 1.20096E+10 3.06847E+05
5.03000E-05 1.19133E+10 3.04387E+05
5.04000E-05 1.18179E+10 3.01951E+05
5.05000E-05 1.17235E+10 2.99539E+05
5.06000E-05 1.16301E+10 2.97152E+05
5.07000E-05 1.15376E+10 2.94788E+05
5.08000E-05 1.14460E+10 2.92447E+05
5.09000E-05 1.13553E+10 2.90129E+05
5.10000E-05 1.12654E+10 2.87835E+05
5.11000E-05 1.11765E+10 2.85563E+05
5.12000E-05 1.10885E+10 2.83313E+05
5.13000E-05 1.10013E+10 2.81085E+05
5.14000E-05 1.09149E+10 2.78878E+05
5.15000E-05 1.08294E+10 2.76694E+05
5.16000E-05 1.07447E+10 2.74530E+05
5.17000E-05 1.06609E+10 2.72388E+05
5.18000E-05 1.05778E+10 2.70266E+05
5.19000E-05 1.04956E+10 2.68165E+05
5.20000E-05 1.04142E+10 2.66084E+05
5.21000E-05 1.03335E+10 2.64024E+05
5.22000E-05 1.02536E+10 2.61983E+05
5.23000E-05 1.01745E+10 2.59961E+05
5.24000E-05 1.00962E+10 2.57959E+05
5.25000E-05 1.00186E+10 2.55976E+05
5.26000E-05 9.94169E+09 2.54012E+05
5.27000E-05 9.86555E+09 2.52067E+05
5.28000E-05 9.79014E+09 2.50140E+05
5.29000E-05 9.71545E+09 2.48232E+05
5.30000E-05 9.64146E+09 2.46342E+05
5.31000E-05 9.56818E+09 2.44469E+05
5.32000E-05 9.49558E+09 2.42614E+05
5.33000E-05 9.42367E+09 2.40777E+05
5.34000E-05 9.35243E+09 2.38957E+05
5.35000E-05 9.28187E+09 2.37154E+05
5.36000E-05 9.21196E+09 2.35368E+05
5.37000E-05 9.14271E+09 2.33598E+05
5.38000E-05 9.07410E+09 2.31845E+05
5.39000E-05 9.00614E+09 2.30109E+05
5.40000E-05 8.93880E+09 2.28388E+05
5.41000E-05 8.87210E+09 2.26684E+05
5.42000E-05 8.80600E+09 2.24995E+05
5.43000E-05 8.74052E+09 2.23322E+05
5.44000E-05 8.67565E+09 2.21665E+05
5.45000E-05 8.61137E+09 2.20022E+05
5.46000E-05 8.54769E+09 2.18395E+05
5.47000E-05 8.48459E+09 2.16783E+05
5.48000E-05 8.42206E+09 2.15186E+05
5.49000E-05 8.36011E+09 2.13603E+05
5.50000E-05 8.29873E+09 2.12034E+05
5.51000E-05 8.23790E+09 2.10480E+05
5.52000E-05 8.17763E+09 2.08940E+05
5.53000E-05 8.11790E+09 2.07414E+05
5.54000E-05 8.05872E+09 2.05902E+05
5.55000E-05 8.00007E+09 2.04404E+05
5.56000E-05 7.94196E+09 2.02919E+05
5.57000E-05 7.88436E+09 2.01447E+05
5.58000E-05 7.82729E+09 1.99989E+05
5.59000E-05 7.77073E+09 1.98544E+05
5.60000E-05 7.71467E+09 1.97112E+05
5.61000E-05 7.65912E+09 1.95692E+05
5.62000E-05 7.60406E+09 1.94286E+05
5.63000E-05 7.54950E+09 1.92891E+05
5.64000E-05 7.49542E+09 1.91510E+05
5.65000E-05 7.44182E+09 1.90140E+05
5.66000E-05 7.38870E+09 1.88783E+05
5.67000E-05 7.33605E+09 1.87438E+05
5.68000E-05 7.28386E+09 1.86104E+05
5.69000E-05 7.23214E+09 1.84783E+05
5.70000E-05 7.18087E+09 1.83473E+05
5.71000E-05 7.13005E+09 1.82174E+05
5.72000E-05 7.07968E+09 1.80888E+05
5.73000E-05 7.02975E+09 1.79612E+05
5.74000E-05 6.98026E+09 1.78347E+05
5.75000E-05 6.93120E+09 1.77094E+05
5.76000E-05 6.88257E+09 1.75851E+05
5.77000E-05 6.83436E+09 1.74620E+05
5.78000E-05 6.78657E+09 1.73398E+05
5.79000E-05 6.73920E+09 1.72188E+05
5.80000E-05 6.69224E+09 1.70988E+05
5.81000E-05 6.64568E+09 1.69799E+05
5.82000E-05 6.59952E+09 1.68619E+05
5.83000E-05 6.55377E+09 1.67450E+05
5.84000E-05 6.50840E+09 1.66291E+05
5.85000E-05 6.46343E+09 1.65142E+05
5.86000E-05 6.41884E+09 1.64003E+05
5.87000E-05 6.37463E+09 1.62873E+05
5.88000E-05 6.33081E+09 1.61754E+05
5.89000E-05 6.28735E+09 1.60643E+05
5.90000E-05 6.24427E+09 1.59542E+05
5.91000E-05 6.20155E+09 1.58451E+05
5.92000E-05 6.15919E+09 1.57369E+05
5.93000E-05 6.11720E+09 1.56296E+05
5.94000E-05 6.07556E+09 1.55232E+05
5.95000E-05 6.03427E+09 1.54177E+05
5.96000E-05 5.99333E+09 1.53131E+05
5.97000E-05 5.95273E+09 1.52094E+05
5.98000E-05 5.91248E+09 1.51065E+05
5.99000E-05 5.87256E+09 1.50045E+05
6.00000E-05 5.83298E+09 1.49034E+05
6.01000E-05 5.79373E+09 1.48031E+05
6.02000E-05 5.75481E+09 1.47037E+05
6.03000E-05 5.71621E+09 1.46050E+05
6.04000E-05 5.67793E+09 1.45072E+05
6.05000E-05 5.63997E+09 1.44103E+05
6.06000E-05 5.60233E+09 1.43141E+05
6.07000E-05 5.56499E+09 1.42187E+05
6.08000E-05 5.52797E+09 1.41241E+05
6.09000E-05 5.49125E+09 1.40303E+05
6.10000E-05 5.45484E+09 1.39372E+05
6.11000E-05 5.41872E+09 1.38450E+05
6.12000E-05 5.38290E+09 1.37534E+05
6.13000E-05 5.34738E+09 1.36627E+05
6.14000E-05 5.31214E+09 1.35726E+05
6.15000E-05 5.27720E+09 1.34834E+05
6.16000E-05 5.24254E+09 1.33948E+05
6.17000E-05 5.20816E+09 1.33070E+05
6.18000E-05 5.17406E+09 1.32198E+05
6.19000E-05 5.14024E+09 1.31334E+05
6.20000E-05 5.10669E+09 1.30477E+05
6.21000E-05 5.07342E+09 1.29627E+05
6.22000E-05 5.04041E+09 1.28784E+05
6.23000E-05 5.00767E+09 1.27947E+05
6.24000E-05 4.97519E+09 1.27117E+05
6.25000E-05 4.94298E+09 1.26294E+05
6.26000E-05 4.91102E+09 1.25478E+05
6.27000E-05 4.87932E+09 1.24668E+05
6.28000E-05 4.84788E+09 1.23864E+05
6.29000E-05 4.81668E+09 1.23067E+05
6.30000E-05 4.78574E+09 1.22277E+05
6.31000E-05 4.75504E+09 1.21492E+05
6.32000E-05 4.72459E+09 1.20714E+05
6.33000E-05 4.69437E+09 1.19942E+05
6.34000E-05 4.66440E+09 1.19177E+05
6.35000E-05 4.63467E+09 1.18417E+05
6.36000E-05 4.60517E+09 1.17663E+05
6.37000E-05 4.57590E+09 1.16915E+05
6.38000E-05 4.54687E+09 1.16173E+05
6.39000E-05 4.51806E+09 1.15437E+05
6.40000E-05 4.48948E+09 1.14707E+05
6.41000E-05 4.46112E+09 1.13983E+05
6.42000E-05 4.43299E+09 1.13264E+05
6.43000E-05 4.40507E+09 1.12551E+05
6.44000E-05 4.37738E+09 1.11843E+05
6.45000E-05 4.34990E+09 1.11141E+05
6.46000E-05 4.32263E+09 1.10444E+05
6.47000E-05 4.29558E+09 1.09753E+05
6.48000E-05 4.26873E+09 1.09067E+05
6.49000E-05 4.24210E+09 1.08387E+05
6.50000E-05 4.21567E+09 1.07711E+05
6.51000E-05 4.18944E+09 1.07041E+05
6.52000E-05 4.16342E+09 1.06376E+05
6.53000E-05 4.13760E+09 1.05717E+05
6.54000E-05 4.11197E+09 1.05062E+05
6.55000E-05 4.08655E+09 1.04412E+05
6.56000E-05 4.06132E+09 1.03768E+05
6.57000E-05 4.03628E+09 1.03128E+05
6.58000E-05 4.01143E+09 1.02493E+05
6.59000E-05 3.98677E+09 1.01863E+05
6.60000E-05 3.96231E+09 1.01238E+05
6.61000E-05 3.93802E+09 1.00617E+05
6.62000E-05 3.91392E+09 1.00002E+05
6.63000E-05 3.89001E+09 9.93906E+04
6.64000E-05 3.86628E+09 9.87842E+04
6.65000E-05 3.84272E+09 9.81824E+04
6.66000E-05 3.81934E+09 9.75851E+04
6.67000E-05 3.79614E+09 9.69924E+04
6.68000E-05 3.77312E+09 9.64041E+04
6.69000E-05 3.75027E+09 9.58202E+04
6.70000E-05 3.72759E+09 9.52407E+04
6.71000E-05 3.70508E+09 9.46656E+04
6.72000E-05 3.68274E+09 9.40947E+04
6.73000E-05 3.66056E+09 9.35282E+04
6.74000E-05 3.63855E+09 9.29659E+04
6.75000E-05 3.61671E+09 9.24077E+04
6.76000E-05 3.59503E+09 9.18538E+04
6.77000E-05 3.57351E+09 9.13039E+04
6.78000E-05 3.55215E+09 9.07581E+04
6.79000E-05 3.53094E+09 9.02164E+04
6.80000E-05 3.50990E+09 8.96787E+04
6.81000E-05 3.48901E+09 8.91449E+04
6.82000E-05 3.46827E+09 8.86151E+04
6.83000E-05 3.44769E+09 8.80893E+04
6.84000E-05 3.42726E+09 8.75672E+04
6.85000E-05 3.40698E+09 8.70490E+04
6.86000E-05 3.38685E+09 8.65347E+04
6.87000E-05 3.36686E+09 8.60240E+04
6.88000E-05 3.34702E+09 8.55172E+04
6.89000E-05 3.32733E+09 8.50140E+04
6.90000E-05 3.30778E+09 8.45145E+04
6.91000E-05 3.28837E+09 8.40186E+04
6.92000E-05 3.26911E+09 8.35264E+04
6.93000E-05 3.24998E+09 8.30377E+04
6.94000E-05 3.23099E+09 8.25526E+04
6.95000E-05 3.21214E+09 8.20710E+04
6.96000E-05 3.19343E+09 8.15928E+04
6.97000E-05 3.17485E+09 8.11182E+04
6.98000E-05 3.15641E+09 8.06469E+04
6.99000E-05 3.13810E+09 8.01791E+04
7.00000E-05 3.11992E+09 7.97146E+04
7.01000E-05 3.10187E+09 7.92534E+04
7.02000E-05 3.08395E+09 7.87956E+04
7.03000E-05 3.06616E+09 7.83410E+04
7.04000E-05 3.04849E+09 7.78897E+04
7.05000E-05 3.03096E+09 7.74416E+04
7.06000E-05 3.01354E+09 7.69967E+04
7.07000E-05 2.99626E+09 7.65550E+04
7.08000E-05 2.97909E+09 7.61164E+04
7.09000E-05 2.96205E+09 7.56810E+04
7.10000E-05 2.94513E+09 7.52486E+04
7.11000E-05 2.92832E+09 7.48193E+04
7.12000E-05 2.91164E+09 7.43930E+04
7.13000E-05 2.89507E+09 7.39698E+04
7.14000E-05 2.87862E+09 7.35495E+04
7.15000E-05 2.86229E+09 7.31322E+04
7.16000E-05 2.84607E+09 7.27178E+04
7.17000E-05 2.82997E+09 7.23064E+04
7.18000E-05 2.81398E+09 7.18978E+04
7.19000E-05 2.79810E+09 7.14921E+04
7.20000E-05 2.78233E+09 7.10892E+04
7.21000E-05 2.76667E+09 7.06891E+04
7.22000E-05 2.75112E+09 7.02919E+04
7.23000E-05 2.73568E+09 6.98974E+04
7.24000E-05 2.72035E+09 6.95056E+04
7.25000E-05 2.70513E+09 6.91166E+04
7.26000E-05 2.69001E+09 6.87302E+04
7.27000E-05 2.67499E+09 6.83466E+04
7.28000E-05 2.66008E+09 6.79656E+04
7.29000E-05 2.64527E+09 6.75872E+04
7.30000E-05 2.63056E+09 6.72115E+04
7.31000E-05 2.61596E+09 6.68383E+04
7.32000E-05 2.60145E+09 6.64677E+04
7.33000E-05 2.58705E+09 6.60997E+04
7.34000E-05 2.57274E+09 6.57341E+04
7.35000E-05 2.55853E+09 6.53711E+04
7.36000E-05 2.54442E+09 6.50106E+04
7.37000E-05 2.53041E+09 6.46525E+04
7.38000E-05 2.51649E+09 6.42969E+04
7.39000E-05 2.50267E+09 6.39437E+04
7.40000E-05 2.48894E+09 6.35929E+04
7.41000E-05 2.47530E+09 6.32445E+04
7.42000E-05 2.46176E+09 6.28985E+04
7.43000E-05 2.44831E+09 6.25548E+04
7.44000E-05 2.43495E+09 6.22134E+04
7.45000E-05 2.42168E+09 6.18744E+04
7.46000E-05 2.40850E+09 6.15376E+04
7.47000E-05 2.39540E+09 6.12031E+04
7.48000E-05 2.38240E+09 6.08709E+04
7.49000E-05 2.36949E+09 6.05409E+04
7.50000E-05 2.35666E+09 6.02131E+04
7.51000E-05 2.34391E+09 5.98875E+04
7.52000E-05 2.33126E+09 5.95641E+04
7.53000E-05 2.31868E+09 5.92429E+04
7.54000E-05 2.30620E+09 5.89238E+04
7.55000E-05 2.29379E+09 5.86069E+04
7.56000E-05 2.28147E+09 5.82920E+04
7.57000E-05 2.26923E+09 5.79793E+04
7.58000E-05 2.25707E+09 5.76686E+04
7.59000E-05 2.24499E+09 5.73600E+04
7.60000E-05 2.23299E+09 5.70535E+04
7.61000E-05 2.22107E+09 5.67489E+04
7.62000E-05 2.20923E+09 5.64464E+04
7.63000E-05 2.19747E+09 5.61459E+04
7.64000E-05 2.18579E+09 5.58474E+04
7.65000E-05 2.17418E+09 5.55508E+04
7.66000E-05 2.16265E+09 5.52562E+04
7.67000E-05 2.15120E+09 5.49635E+04
7.68000E-05 2.13982E+09 5.46728E+04
7.69000E-05 2.12851E+09 5.43840E+04
7.70000E-05 2.11728E+09 5.40970E+04
7.71000E-05 2.10612E+09 5.38119E+04
7.72000E-05 2.09504E+09 5.35287E+04
7.73000E-05 2.08403E+09 5.32473E+04
7.74000E-05 2.07309E+09 5.29678E+04
7.75000E-05 2.06222E+09 5.26901E+04
7.76000E-05 2.05142E+09 5.24142E+04
7.77000E-05 2.04069E+09 5.21401E+04
7.78000E-05 2.03003E+09 5.18677E+04
7.79000E-05 2.01944E+09 5.15972E+04
7.80000E-05 2.00892E+09 5.13283E+04
7.81000E-05 1.99847E+09 5.10612E+04
7.82000E-05 1.98808E+09 5.07959E+04
7.83000E-05 1.97776E+09 5.05322E+04
7.84000E-05 1.96751E+09 5.02702E+04
7.85000E-05 1.95732E+09 5.00100E+04
7.86000E-05 1.94720E+09 4.97513E+04
7.87000E-05 1.93714E+09 4.94944E+04
7.88000E-05 1.92715E+09 4.92391E+04
7.89000E-05 1.91722E+09 4.89854E+04
7.90000E-05 1.90735E+09 4.87333E+04
7.91000E-05 1.89755E+09 4.84829E+04
7.92000E-05 1.88781E+09 4.82340E+04
7.93000E-05 1.87813E+09 4.79868E+04
7.94000E-05 1.86852E+09 4.77411E+04
7.95000E-05 1.85896E+09 4.74969E+04
7.96000E-05 1.84947E+09 4.72543E+04
7.97000E-05 1.84003E+09 4.70133E+04
7.98000E-05 1.83066E+09 4.67737E+04
7.99000E-05 1.82134E+09 4.65357E+04
8.00000E-05 1.81208E+09 4.62992E+04
8.01000E-05 1.80289E+09 4.60641E+04
8.02000E-05 1.79374E+09 4.58306E+04
8.03000E-05 1.78466E+09 4.55985E+04
8.04000E-05 1.77563E+09 4.53679E+04
8.05000E-05 1.76666E+09 4.51387E+04
8.06000E-05 1.75775E+09 4.49109E+04
8.07000E-05 1.74889E+09 4.46846E+04
8.08000E-05 1.74009E+09 4.44597E+04
8.09000E-05 1.73134E+09 4.42362E+04
8.10000E-05 1.72265E+09 4.40141E+04
8.11000E-05 1.71401E+09 4.37933E+04
8.12000E-05 1.70542E+09 4.35740E+04
8.13000E-05 1.69689E+09 4.33560E+04
8.14000E-05 1.68841E+09 4.31393E+04
8.15000E-05 1.67998E+09 4.29240E+04
8.16000E-05 1.67161E+09 4.27100E+04
8.17000E-05 1.66329E+09 4.24973E+04
8.18000E-05 1.65501E+09 4.22860E+04
8.19000E-05 1.64679E+09 4.20760E+04
8.20000E-05 1.63862E+09 4.18672E+04
8.21000E-05 1.63050E+09 4.16597E+04
8.22000E-05 1.62243E+09 4.14535E+04
8.23000E-05 1.61441E+09 4.12486E+04
8.24000E-05 1.60644E+09 4.10449E+04
8.25000E-05 1.59852E+09 4.08425E+04
8.26000E-05 1.59064E+09 4.06413E+04
8.27000E-05 1.58282E+09 4.04414E+04
8.28000E-05 1.57504E+09 4.02426E+04
8.29000E-05 1.56731E+09 4.00451E+04
8.30000E-05 1.55962E+09 3.98487E+04
8.31000E-05 1.55199E+09 3.96536E+04
8.32000E-05 1.54440E+09 3.94596E+04
8.33000E-05 1.53685E+09 3.92669E+04
8.34000E-05 1.52935E+09 3.90752E+04
8.35000E-05 1.52190E+09 3.88848E+04
8.36000E-05 1.51449E+09 3.86955E+04
8.37000E-05 1.50712E+09 3.85073E+04
8.38000E-05 1.49980E+09 3.83203E+04
8.39000E-05 1.49253E+09 3.81344E+04
8.40000E-05 1.48529E+09 3.79496E+04
8.41000E-05 1.47810E+09 3.77659E+04
8.42000E-05 1.47096E+09 3.75833E+04
8.43000E-05 1.46386E+09 3.74018E+04
8.44000E-05 1.45679E+09 3.72214E+04
8.45000E-05 1.44978E+09 3.70421E+04
8.46000E-05 1.44280E+09 3.68639E+04
8.47000E-05 1.43586E+09 3.66867E+04
8.48000E-05 1.42897E+09 3.65105E+04
8.49000E-05 1.42212E+09 3.63354E+04
8.50000E-05 1.41531E+09 3.61614E+04
8.51000E-05 1.40853E+09 3.59884E+04
8.52000E-05 1.40180E+09 3.58164E+04
8.53000E-05 1.39511E+09 3.56454E+04
8.54000E-05 1.38846E+09 3.54755E+04
8.55000E-05 1.38185E+09 3.53065E+04
8.56000E-05 1.37527E+09 3.51385E+04
8.57000E-05 1.36874E+09 3.49716E+04
8.58000E-05 1.36224E+09 3.48056E+04
8.59000E-05 1.35578E+09 3.46406E+04
8.60000E-05 1.34936E+09 3.44765E+04
8.61000E-05 1.34298E+09 3.43134E+04
8.62000E-05 1.33663E+09 3.41513E+04
8.63000E-05 1.33033E+09 3.39901E+04
8.64000E-05 1.32406E+09 3.38299E+04
8.65000E-05 1.31782E+09 3.36706E+04
8.66000E-05 1.31162E+09 3.35122E+04
8.67000E-05 1.30546E+09 3.33548E+04
8.68000E-05 1.29933E+09 3.31983E+04
8.69000E-05 1.29324E+09 3.30426E+04
8.70000E-05 1.28719E+09 3.28879E+04
8.71000E-05 1.28117E+09 3.27341E+04
8.72000E-05 1.27518E+09 3.25812E+04
8.73000E-05 1.26923E+09 3.24291E+04
8.74000E-05 1.26331E+09 3.22780E+04
8.75000E-05 1.25743E+09 3.21277E+04
8.76000E-05 1.25158E+09 3.19782E+04
8.77000E-05 1.24577E+09 3.18297E+04
8.78000E-05 1.23999E+09 3.16820E+04
8.79000E-05 1.23424E+09 3.15351E+04
8.80000E-05 1.22852E+09 3.13891E+04
8.81000E-05 1.22284E+09 3.12439E+04
8.82000E-05 1.21719E+09 3.10995E+04
8.83000E-05 1.21157E+09 3.09560E+04
8.84000E-05 1.20599E+09 3.08133E+04
8.85000E-05 1.20044E+09 3.06714E+04
8.86000E-05 1.19491E+09 3.05303E+04
8.87000E-05 1.18942E+09 3.03900E+04
8.88000E-05 1.18396E+09 3.02506E+04
8.89000E-05 1.17854E+09 3.01119E+04
8.90000E-05 1.17314E+09 2.99740E+04
8.91000E-05 1.16777E+09 2.98369E+04
8.92000E-05 1.16244E+09 2.97005E+04
8.93000E-05 1.15713E+09 2.95649E+04
8.94000E-05 1.15185E+09 2.94301E+04
8.95000E-05 1.14661E+09 2.92961E+04
8.96000E-05 1.14139E+09 2.91628E+04
8.97000E-05 1.13620E+09 2.90303E+04
8.98000E-05 1.13105E+09 2.88985E+04
8.99000E-05 1.12592E+09 2.87674E+04
9.00000E-05 1.12082E+09 2.86371E+04
9.01000E-05 1.11574E+09 2.85075E+04
9.02000E-05 1.11070E+09 2.83787E+04
9.03000E-05 1.10569E+09 2.82505E+04
9.04000E-05 1.10070E+09 2.81231E+04
9.05000E-05 1.09574E+09 2.79964E+04
9.06000E-05 1.09081E+09 2.78704E+04
9.07000E-05 1.08590E+09 2.77451E+04
9.08000E-05 1.08103E+09 2.76205E+04
9.09000E-05 1.07618E+09 2.74966E+04
9.10000E-05 1.07136E+09 2.73734E+04
9.11000E-05 1.06656E+09 2.72508E+04
9.12000E-05 1.06179E+09 2.71290E+04
9.13000E-05 1.05705E+09 2.70078E+04
9.14000E-05 1.05233E+09 2.68873E+04
9.15000E-05 1.04764E+09 2.67674E+04
9.16000E-05 1.04297E+09 2.66482E+04
9.17000E-05 1.03834E+09 2.65297E+04
9.18000E-05 1.03372E+09 2.64118E+04
9.19000E-05 1.02913E+09 2.62946E+04
9.20000E-05 1.02457E+09 2.61780E+04
9.21000E-05 1.02003E+09 2.60621E+04
9.22000E-05 1.01552E+09 2.59468E+04
9.23000E-05 1.01103E+09 2.58321E+04
9.24000E-05 1.00657E+09 2.57180E+04
9.25000E-05 1.00213E+09 2.56046E+04
9.26000E-05 9.97713E+08 2.54918E+04
9.27000E-05 9.93322E+08 2.53796E+04
9.28000E-05 9.88955E+08 2.52680E+04
9.29000E-05 9.84611E+08 2.51570E+04
9.30000E-05 9.80292E+08 2.50467E+04
9.31000E-05 9.75995E+08 2.49369E+04
9.32000E-05 9.71722E+08 2.48277E+04
9.33000E-05 9.67472E+08 2.47191E+04
9.34000E-05 9.63246E+08 2.46111E+04
9.35000E-05 9.59042E+08 2.45037E+04
9.36000E-05 9.54860E+08 2.43969E+04
9.37000E-05 9.50701E+08 2.42906E+04
9.38000E-05 9.46565E+08 2.41850E+04
9.39000E-05 9.42451E+08 2.40798E+04
9.40000E-05 9.38359E+08 2.39753E+04
9.41000E-05 9.34289E+08 2.38713E+04
9.42000E-05 9.30241E+08 2.37679E+04
9.43000E-05 9.26215E+08 2.36650E+04
9.44000E-05 9.22210E+08 2.35627E+04
9.45000E-05 9.18227E+08 2.34609E+04
9.46000E-05 9.14264E+08 2.33597E+04
9.47000E-05 9.10323E+08 2.32590E+04
9.48000E-05 9.06404E+08 2.31588E+04
9.49000E-05 9.02505E+08 2.30592E+04
9.50000E-05 8.98626E+08 2.29601E+04
9.51000E-05 8.94769E+08 2.28615E+04
9.52000E-05 8.90931E+08 2.27635E+04
9.53000E-05 8.87115E+08 2.26660E+04
9.54000E-05 8.83318E+08 2.25690E+04
9.55000E-05 8.79542E+08 2.24725E+04
9.56000E-05 8.75785E+08 2.23765E+04
9.57000E-05 8.72049E+08 2.22810E+04
9.58000E-05 8.68332E+08 2.21861E+04
9.59000E-05 8.64634E+08 2.20916E+04
9.60000E-05 8.60957E+08 2.19976E+04
9.61000E-05 8.57298E+08 2.19042E+04
9.62000E-05 8.53659E+08 2.18112E+04
9.63000E-05 8.50039E+08 2.17187E+04
9.64000E-05 8.46438E+08 2.16267E+04
9.65000E-05 8.42855E+08 2.15351E+04
9.66000E-05 8.39292E+08 2.14441E+04
9.67000E-05 8.35747E+08 2.13535E+04
9.68000E-05 8.32221E+08 2.12634E+04
9.69000E-05 8.28713E+08 2.11738E+04
9.70000E-05 8.25223E+08 2.10846E+04
9.71000E-05 8.21752E+08 2.09959E+04
9.72000E-05 8.18299E+08 2.09077E+04
9.73000E-05 8.14863E+08 2.08199E+04
9.74000E-05 8.11446E+08 2.07326E+04
9.75000E-05 8.08046E+08 2.06458E+04
9.76000E-05 8.04664E+08 2.05593E+04
9.77000E-05 8.01299E+08 2.04734E+04
9.78000E-05 7.97952E+08 2.03878E+04
9.79000E-05 7.94622E+08 2.03028E+04
9.80000E-05 7.91309E+08 2.02181E+04
9.81000E-05 7.88013E+08 2.01339E+04
9.82000E-05 7.84734E+08 2.00501E+04
9.83000E-05 7.81473E+08 1.99668E+04
9.84000E-05 7.78227E+08 1.98839E+04
9.85000E-05 7.74999E+08 1.98014E+04
9.86000E-05 7.71787E+08 1.97193E+04
9.87000E-05 7.68592E+08 1.96377E+04
9.88000E-05 7.65413E+08 1.95565E+04
9.89000E-05 7.62250E+08 1.94757E+04
9.90000E-05 7.59104E+08 1.93953E+04
9.91000E-05 7.55973E+08 1.93153E+04
9.92000E-05 7.52859E+08 1.92357E+04
9.93000E-05 7.49760E+08 1.91565E+04
9.94000E-05 7.46677E+08 1.90778E+04
9.95000E-05 7.43610E+08 1.89994E+04
9.96000E-05 7.40558E+08 1.89214E+04
9.97000E-05 7.37522E+08 1.88439E+04
9.98000E-05 7.34501E+08 1.87667E+04
9.99000E-05 7.31496E+08 1.86899E+04
1.00000E-04 7.28506E+08 1.86135E+04
