#  FeatureSize(cm)    Fluence(mum2)   Dose(Gy)
1.00000E-07 1.05813E+21 2.70356E+16
2.00000E-07 6.61277E+19 1.68958E+15
3.00000E-07 1.30611E+19 3.33715E+14
4.00000E-07 4.13227E+18 1.05580E+14
5.00000E-07 1.69243E+18 4.32420E+13
6.00000E-07 8.16110E+17 2.08518E+13
7.00000E-07 4.40478E+17 1.12543E+13
8.00000E-07 2.58178E+17 6.59650E+12
9.00000E-07 1.61165E+17 4.11781E+12
1.00000E-06 1.05731E+17 2.70146E+12
1.10000E-06 7.22098E+16 1.84498E+12
1.20000E-06 5.09805E+16 1.30256E+12
1.30000E-06 3.70100E+16 9.45613E+11
1.40000E-06 2.75133E+16 7.02970E+11
1.50000E-06 2.08762E+16 5.33392E+11
1.60000E-06 1.61250E+16 4.11997E+11
1.70000E-06 1.26516E+16 3.23252E+11
1.80000E-06 1.00650E+16 2.57164E+11
1.90000E-06 8.10686E+15 2.07132E+11
2.00000E-06 6.60252E+15 1.68696E+11
2.10000E-06 5.43144E+15 1.38775E+11
2.20000E-06 4.50883E+15 1.15202E+11
2.30000E-06 3.77404E+15 9.64275E+10
2.40000E-06 3.18299E+15 8.13261E+10
2.50000E-06 2.70323E+15 6.90681E+10
2.60000E-06 2.31053E+15 5.90346E+10
2.70000E-06 1.98661E+15 5.07583E+10
2.80000E-06 1.71750E+15 4.38826E+10
2.90000E-06 1.49245E+15 3.81325E+10
3.00000E-06 1.30308E+15 3.32939E+10
3.10000E-06 1.14280E+15 2.91988E+10
3.20000E-06 1.00642E+15 2.57143E+10
3.30000E-06 8.89789E+14 2.27343E+10
3.40000E-06 7.89568E+14 2.01736E+10
3.50000E-06 7.03065E+14 1.79635E+10
3.60000E-06 6.28088E+14 1.60478E+10
3.70000E-06 5.62841E+14 1.43807E+10
3.80000E-06 5.05849E+14 1.29246E+10
3.90000E-06 4.55889E+14 1.16481E+10
4.00000E-06 4.11946E+14 1.05253E+10
4.10000E-06 3.73170E+14 9.53459E+09
4.20000E-06 3.38850E+14 8.65770E+09
4.30000E-06 3.08385E+14 7.87932E+09
4.40000E-06 2.81267E+14 7.18644E+09
4.50000E-06 2.57065E+14 6.56806E+09
4.60000E-06 2.35409E+14 6.01476E+09
4.70000E-06 2.15986E+14 5.51850E+09
4.80000E-06 1.98525E+14 5.07236E+09
4.90000E-06 1.82792E+14 4.67039E+09
5.00000E-06 1.68587E+14 4.30744E+09
5.10000E-06 1.55735E+14 3.97907E+09
5.20000E-06 1.44084E+14 3.68138E+09
5.30000E-06 1.33502E+14 3.41101E+09
5.40000E-06 1.23874E+14 3.16500E+09
5.50000E-06 1.15098E+14 2.94077E+09
5.60000E-06 1.07085E+14 2.73604E+09
5.70000E-06 9.97568E+13 2.54881E+09
5.80000E-06 9.30449E+13 2.37732E+09
5.90000E-06 8.68878E+13 2.22000E+09
6.00000E-06 8.12314E+13 2.07548E+09
6.10000E-06 7.60278E+13 1.94253E+09
6.20000E-06 7.12340E+13 1.82004E+09
6.30000E-06 6.68120E+13 1.70706E+09
6.40000E-06 6.27276E+13 1.60271E+09
6.50000E-06 5.89505E+13 1.50620E+09
6.60000E-06 5.54534E+13 1.41685E+09
6.70000E-06 5.22116E+13 1.33402E+09
6.80000E-06 4.92031E+13 1.25715E+09
6.90000E-06 4.64082E+13 1.18574E+09
7.00000E-06 4.38088E+13 1.11932E+09
7.10000E-06 4.13887E+13 1.05749E+09
7.20000E-06 3.91334E+13 9.99868E+08
7.30000E-06 3.70296E+13 9.46114E+08
7.40000E-06 3.50652E+13 8.95923E+08
7.50000E-06 3.32292E+13 8.49014E+08
7.60000E-06 3.15118E+13 8.05133E+08
7.70000E-06 2.99038E+13 7.64050E+08
7.80000E-06 2.83971E+13 7.25552E+08
7.90000E-06 2.69840E+13 6.89447E+08
8.00000E-06 2.56577E+13 6.55559E+08
8.10000E-06 2.44118E+13 6.23726E+08
8.20000E-06 2.32405E+13 5.93801E+08
8.30000E-06 2.21387E+13 5.65648E+08
8.40000E-06 2.11013E+13 5.39143E+08
8.50000E-06 2.01239E+13 5.14171E+08
8.60000E-06 1.92025E+13 4.90628E+08
8.70000E-06 1.83331E+13 4.68415E+08
8.80000E-06 1.75124E+13 4.47445E+08
8.90000E-06 1.67370E+13 4.27634E+08
9.00000E-06 1.60041E+13 4.08907E+08
9.10000E-06 1.53108E+13 3.91194E+08
9.20000E-06 1.46546E+13 3.74428E+08
9.30000E-06 1.40332E+13 3.58550E+08
9.40000E-06 1.34443E+13 3.43505E+08
9.50000E-06 1.28860E+13 3.29240E+08
9.60000E-06 1.23563E+13 3.15707E+08
9.70000E-06 1.18536E+13 3.02862E+08
9.80000E-06 1.13761E+13 2.90663E+08
9.90000E-06 1.09225E+13 2.79071E+08
1.00000E-05 1.04912E+13 2.68051E+08
1.01000E-05 1.00809E+13 2.57570E+08
1.02000E-05 9.69052E+12 2.47595E+08
1.03000E-05 9.31883E+12 2.38098E+08
1.04000E-05 8.96477E+12 2.29052E+08
1.05000E-05 8.62735E+12 2.20431E+08
1.06000E-05 8.30565E+12 2.12211E+08
1.07000E-05 7.99879E+12 2.04371E+08
1.08000E-05 7.70596E+12 1.96889E+08
1.09000E-05 7.42639E+12 1.89746E+08
1.10000E-05 7.15938E+12 1.82924E+08
1.11000E-05 6.90425E+12 1.76405E+08
1.12000E-05 6.66037E+12 1.70174E+08
1.13000E-05 6.42716E+12 1.64215E+08
1.14000E-05 6.20406E+12 1.58515E+08
1.15000E-05 5.99054E+12 1.53060E+08
1.16000E-05 5.78612E+12 1.47837E+08
1.17000E-05 5.59034E+12 1.42834E+08
1.18000E-05 5.40276E+12 1.38042E+08
1.19000E-05 5.22298E+12 1.33448E+08
1.20000E-05 5.05061E+12 1.29044E+08
1.21000E-05 4.88528E+12 1.24820E+08
1.22000E-05 4.72665E+12 1.20767E+08
1.23000E-05 4.57441E+12 1.16877E+08
1.24000E-05 4.42823E+12 1.13142E+08
1.25000E-05 4.28785E+12 1.09556E+08
1.26000E-05 4.15298E+12 1.06110E+08
1.27000E-05 4.02336E+12 1.02798E+08
1.28000E-05 3.89876E+12 9.96141E+07
1.29000E-05 3.77894E+12 9.65527E+07
1.30000E-05 3.66368E+12 9.36078E+07
1.31000E-05 3.55277E+12 9.07742E+07
1.32000E-05 3.44603E+12 8.80469E+07
1.33000E-05 3.34326E+12 8.54211E+07
1.34000E-05 3.24429E+12 8.28924E+07
1.35000E-05 3.14895E+12 8.04565E+07
1.36000E-05 3.05709E+12 7.81093E+07
1.37000E-05 2.96854E+12 7.58470E+07
1.38000E-05 2.88318E+12 7.36659E+07
1.39000E-05 2.80086E+12 7.15625E+07
1.40000E-05 2.72145E+12 6.95336E+07
1.41000E-05 2.64483E+12 6.75760E+07
1.42000E-05 2.57089E+12 6.56868E+07
1.43000E-05 2.49951E+12 6.38630E+07
1.44000E-05 2.43059E+12 6.21020E+07
1.45000E-05 2.36402E+12 6.04012E+07
1.46000E-05 2.29971E+12 5.87582E+07
1.47000E-05 2.23758E+12 5.71706E+07
1.48000E-05 2.17752E+12 5.56362E+07
1.49000E-05 2.11947E+12 5.41528E+07
1.50000E-05 2.06333E+12 5.27185E+07
1.51000E-05 2.00904E+12 5.13314E+07
1.52000E-05 1.95652E+12 4.99894E+07
1.53000E-05 1.90570E+12 4.86910E+07
1.54000E-05 1.85652E+12 4.74345E+07
1.55000E-05 1.80891E+12 4.62181E+07
1.56000E-05 1.76282E+12 4.50404E+07
1.57000E-05 1.71818E+12 4.39000E+07
1.58000E-05 1.67495E+12 4.27954E+07
1.59000E-05 1.63307E+12 4.17252E+07
1.60000E-05 1.59248E+12 4.06883E+07
1.61000E-05 1.55315E+12 3.96833E+07
1.62000E-05 1.51502E+12 3.87091E+07
1.63000E-05 1.47806E+12 3.77646E+07
1.64000E-05 1.44221E+12 3.68487E+07
1.65000E-05 1.40744E+12 3.59604E+07
1.66000E-05 1.37371E+12 3.50986E+07
1.67000E-05 1.34098E+12 3.42624E+07
1.68000E-05 1.30922E+12 3.34510E+07
1.69000E-05 1.27840E+12 3.26634E+07
1.70000E-05 1.24847E+12 3.18988E+07
1.71000E-05 1.21942E+12 3.11564E+07
1.72000E-05 1.19120E+12 3.04355E+07
1.73000E-05 1.16380E+12 2.97353E+07
1.74000E-05 1.13717E+12 2.90550E+07
1.75000E-05 1.11131E+12 2.83941E+07
1.76000E-05 1.08617E+12 2.77518E+07
1.77000E-05 1.06174E+12 2.71276E+07
1.78000E-05 1.03799E+12 2.65208E+07
1.79000E-05 1.01490E+12 2.59308E+07
1.80000E-05 9.92444E+11 2.53572E+07
1.81000E-05 9.70608E+11 2.47992E+07
1.82000E-05 9.49368E+11 2.42566E+07
1.83000E-05 9.28705E+11 2.37286E+07
1.84000E-05 9.08600E+11 2.32149E+07
1.85000E-05 8.89035E+11 2.27151E+07
1.86000E-05 8.69994E+11 2.22285E+07
1.87000E-05 8.51459E+11 2.17550E+07
1.88000E-05 8.33414E+11 2.12939E+07
1.89000E-05 8.15843E+11 2.08450E+07
1.90000E-05 7.98733E+11 2.04078E+07
1.91000E-05 7.82068E+11 1.99820E+07
1.92000E-05 7.65835E+11 1.95672E+07
1.93000E-05 7.50020E+11 1.91632E+07
1.94000E-05 7.34610E+11 1.87695E+07
1.95000E-05 7.19594E+11 1.83858E+07
1.96000E-05 7.04959E+11 1.80119E+07
1.97000E-05 6.90693E+11 1.76474E+07
1.98000E-05 6.76786E+11 1.72920E+07
1.99000E-05 6.63226E+11 1.69456E+07
2.00000E-05 6.50004E+11 1.66077E+07
2.01000E-05 6.37109E+11 1.62783E+07
2.02000E-05 6.24531E+11 1.59569E+07
2.03000E-05 6.12262E+11 1.56434E+07
2.04000E-05 6.00292E+11 1.53376E+07
2.05000E-05 5.88613E+11 1.50392E+07
2.06000E-05 5.77216E+11 1.47480E+07
2.07000E-05 5.66093E+11 1.44638E+07
2.08000E-05 5.55236E+11 1.41864E+07
2.09000E-05 5.44638E+11 1.39156E+07
2.10000E-05 5.34291E+11 1.36513E+07
2.11000E-05 5.24188E+11 1.33931E+07
2.12000E-05 5.14323E+11 1.31411E+07
2.13000E-05 5.04687E+11 1.28949E+07
2.14000E-05 4.95277E+11 1.26544E+07
2.15000E-05 4.86084E+11 1.24195E+07
2.16000E-05 4.77102E+11 1.21901E+07
2.17000E-05 4.68327E+11 1.19659E+07
2.18000E-05 4.59753E+11 1.17468E+07
2.19000E-05 4.51373E+11 1.15327E+07
2.20000E-05 4.43183E+11 1.13234E+07
2.21000E-05 4.35178E+11 1.11189E+07
2.22000E-05 4.27352E+11 1.09189E+07
2.23000E-05 4.19701E+11 1.07235E+07
2.24000E-05 4.12221E+11 1.05323E+07
2.25000E-05 4.04905E+11 1.03454E+07
2.26000E-05 3.97751E+11 1.01626E+07
2.27000E-05 3.90755E+11 9.98387E+06
2.28000E-05 3.83910E+11 9.80900E+06
2.29000E-05 3.77215E+11 9.63793E+06
2.30000E-05 3.70665E+11 9.47058E+06
2.31000E-05 3.64256E+11 9.30683E+06
2.32000E-05 3.57985E+11 9.14660E+06
2.33000E-05 3.51848E+11 8.98979E+06
2.34000E-05 3.45841E+11 8.83633E+06
2.35000E-05 3.39962E+11 8.68611E+06
2.36000E-05 3.34207E+11 8.53907E+06
2.37000E-05 3.28574E+11 8.39513E+06
2.38000E-05 3.23058E+11 8.25419E+06
2.39000E-05 3.17657E+11 8.11620E+06
2.40000E-05 3.12368E+11 7.98107E+06
2.41000E-05 3.07189E+11 7.84874E+06
2.42000E-05 3.02116E+11 7.71913E+06
2.43000E-05 2.97147E+11 7.59218E+06
2.44000E-05 2.92280E+11 7.46782E+06
2.45000E-05 2.87512E+11 7.34600E+06
2.46000E-05 2.82841E+11 7.22664E+06
2.47000E-05 2.78264E+11 7.10970E+06
2.48000E-05 2.73778E+11 6.99510E+06
2.49000E-05 2.69383E+11 6.88280E+06
2.50000E-05 2.65075E+11 6.77274E+06
2.51000E-05 2.60853E+11 6.66486E+06
2.52000E-05 2.56715E+11 6.55912E+06
2.53000E-05 2.52658E+11 6.45546E+06
2.54000E-05 2.48681E+11 6.35384E+06
2.55000E-05 2.44781E+11 6.25421E+06
2.56000E-05 2.40957E+11 6.15652E+06
2.57000E-05 2.37208E+11 6.06072E+06
2.58000E-05 2.33531E+11 5.96677E+06
2.59000E-05 2.29925E+11 5.87464E+06
2.60000E-05 2.26388E+11 5.78427E+06
2.61000E-05 2.22919E+11 5.69563E+06
2.62000E-05 2.19516E+11 5.60868E+06
2.63000E-05 2.16177E+11 5.52337E+06
2.64000E-05 2.12901E+11 5.43968E+06
2.65000E-05 2.09687E+11 5.35756E+06
2.66000E-05 2.06534E+11 5.27699E+06
2.67000E-05 2.03439E+11 5.19791E+06
2.68000E-05 2.00402E+11 5.12032E+06
2.69000E-05 1.97421E+11 5.04416E+06
2.70000E-05 1.94496E+11 4.96940E+06
2.71000E-05 1.91624E+11 4.89603E+06
2.72000E-05 1.88805E+11 4.82400E+06
2.73000E-05 1.86037E+11 4.75329E+06
2.74000E-05 1.83320E+11 4.68386E+06
2.75000E-05 1.80652E+11 4.61570E+06
2.76000E-05 1.78032E+11 4.54876E+06
2.77000E-05 1.75460E+11 4.48304E+06
2.78000E-05 1.72934E+11 4.41849E+06
2.79000E-05 1.70452E+11 4.35510E+06
2.80000E-05 1.68016E+11 4.29284E+06
2.81000E-05 1.65622E+11 4.23168E+06
2.82000E-05 1.63271E+11 4.17161E+06
2.83000E-05 1.60961E+11 4.11259E+06
2.84000E-05 1.58692E+11 4.05462E+06
2.85000E-05 1.56463E+11 3.99766E+06
2.86000E-05 1.54272E+11 3.94169E+06
2.87000E-05 1.52120E+11 3.88670E+06
2.88000E-05 1.50005E+11 3.83266E+06
2.89000E-05 1.47926E+11 3.77955E+06
2.90000E-05 1.45884E+11 3.72736E+06
2.91000E-05 1.43876E+11 3.67606E+06
2.92000E-05 1.41903E+11 3.62564E+06
2.93000E-05 1.39963E+11 3.57608E+06
2.94000E-05 1.38056E+11 3.52737E+06
2.95000E-05 1.36182E+11 3.47947E+06
2.96000E-05 1.34339E+11 3.43239E+06
2.97000E-05 1.32527E+11 3.38609E+06
2.98000E-05 1.30745E+11 3.34058E+06
2.99000E-05 1.28994E+11 3.29582E+06
3.00000E-05 1.27271E+11 3.25181E+06
3.01000E-05 1.25577E+11 3.20852E+06
3.02000E-05 1.23911E+11 3.16596E+06
3.03000E-05 1.22273E+11 3.12409E+06
3.04000E-05 1.20661E+11 3.08292E+06
3.05000E-05 1.19076E+11 3.04241E+06
3.06000E-05 1.17516E+11 3.00257E+06
3.07000E-05 1.15983E+11 2.96338E+06
3.08000E-05 1.14473E+11 2.92482E+06
3.09000E-05 1.12989E+11 2.88689E+06
3.10000E-05 1.11528E+11 2.84957E+06
3.11000E-05 1.10091E+11 2.81284E+06
3.12000E-05 1.08677E+11 2.77671E+06
3.13000E-05 1.07285E+11 2.74115E+06
3.14000E-05 1.05915E+11 2.70616E+06
3.15000E-05 1.04567E+11 2.67172E+06
3.16000E-05 1.03241E+11 2.63783E+06
3.17000E-05 1.01935E+11 2.60447E+06
3.18000E-05 1.00650E+11 2.57164E+06
3.19000E-05 9.93853E+10 2.53932E+06
3.20000E-05 9.81401E+10 2.50750E+06
3.21000E-05 9.69143E+10 2.47618E+06
3.22000E-05 9.57076E+10 2.44535E+06
3.23000E-05 9.45194E+10 2.41499E+06
3.24000E-05 9.33497E+10 2.38510E+06
3.25000E-05 9.21979E+10 2.35568E+06
3.26000E-05 9.10637E+10 2.32670E+06
3.27000E-05 8.99469E+10 2.29816E+06
3.28000E-05 8.88472E+10 2.27006E+06
3.29000E-05 8.77641E+10 2.24239E+06
3.30000E-05 8.66974E+10 2.21514E+06
3.31000E-05 8.56469E+10 2.18830E+06
3.32000E-05 8.46121E+10 2.16186E+06
3.33000E-05 8.35929E+10 2.13582E+06
3.34000E-05 8.25890E+10 2.11017E+06
3.35000E-05 8.16000E+10 2.08490E+06
3.36000E-05 8.06258E+10 2.06001E+06
3.37000E-05 7.96660E+10 2.03548E+06
3.38000E-05 7.87204E+10 2.01132E+06
3.39000E-05 7.77887E+10 1.98752E+06
3.40000E-05 7.68708E+10 1.96407E+06
3.41000E-05 7.59663E+10 1.94096E+06
3.42000E-05 7.50750E+10 1.91818E+06
3.43000E-05 7.41968E+10 1.89574E+06
3.44000E-05 7.33313E+10 1.87363E+06
3.45000E-05 7.24783E+10 1.85184E+06
3.46000E-05 7.16377E+10 1.83036E+06
3.47000E-05 7.08092E+10 1.80919E+06
3.48000E-05 6.99925E+10 1.78833E+06
3.49000E-05 6.91876E+10 1.76776E+06
3.50000E-05 6.83942E+10 1.74749E+06
3.51000E-05 6.76121E+10 1.72751E+06
3.52000E-05 6.68412E+10 1.70781E+06
3.53000E-05 6.60811E+10 1.68839E+06
3.54000E-05 6.53318E+10 1.66924E+06
3.55000E-05 6.45930E+10 1.65037E+06
3.56000E-05 6.38646E+10 1.63176E+06
3.57000E-05 6.31464E+10 1.61341E+06
3.58000E-05 6.24383E+10 1.59531E+06
3.59000E-05 6.17400E+10 1.57747E+06
3.60000E-05 6.10515E+10 1.55988E+06
3.61000E-05 6.03724E+10 1.54253E+06
3.62000E-05 5.97028E+10 1.52542E+06
3.63000E-05 5.90424E+10 1.50855E+06
3.64000E-05 5.83910E+10 1.49190E+06
3.65000E-05 5.77486E+10 1.47549E+06
3.66000E-05 5.71150E+10 1.45930E+06
3.67000E-05 5.64900E+10 1.44333E+06
3.68000E-05 5.58735E+10 1.42758E+06
3.69000E-05 5.52654E+10 1.41204E+06
3.70000E-05 5.46655E+10 1.39672E+06
3.71000E-05 5.40737E+10 1.38159E+06
3.72000E-05 5.34898E+10 1.36668E+06
3.73000E-05 5.29138E+10 1.35196E+06
3.74000E-05 5.23455E+10 1.33744E+06
3.75000E-05 5.17847E+10 1.32311E+06
3.76000E-05 5.12315E+10 1.30898E+06
3.77000E-05 5.06856E+10 1.29503E+06
3.78000E-05 5.01469E+10 1.28126E+06
3.79000E-05 4.96153E+10 1.26768E+06
3.80000E-05 4.90907E+10 1.25428E+06
3.81000E-05 4.85730E+10 1.24105E+06
3.82000E-05 4.80621E+10 1.22800E+06
3.83000E-05 4.75579E+10 1.21511E+06
3.84000E-05 4.70602E+10 1.20240E+06
3.85000E-05 4.65691E+10 1.18985E+06
3.86000E-05 4.60842E+10 1.17746E+06
3.87000E-05 4.56057E+10 1.16524E+06
3.88000E-05 4.51333E+10 1.15317E+06
3.89000E-05 4.46671E+10 1.14125E+06
3.90000E-05 4.42068E+10 1.12949E+06
3.91000E-05 4.37523E+10 1.11788E+06
3.92000E-05 4.33037E+10 1.10642E+06
3.93000E-05 4.28608E+10 1.09510E+06
3.94000E-05 4.24236E+10 1.08393E+06
3.95000E-05 4.19919E+10 1.07290E+06
3.96000E-05 4.15656E+10 1.06201E+06
3.97000E-05 4.11447E+10 1.05126E+06
3.98000E-05 4.07291E+10 1.04064E+06
3.99000E-05 4.03188E+10 1.03015E+06
4.00000E-05 3.99135E+10 1.01980E+06
4.01000E-05 3.95133E+10 1.00957E+06
4.02000E-05 3.91182E+10 9.99478E+05
4.03000E-05 3.87279E+10 9.89506E+05
4.04000E-05 3.83424E+10 9.79658E+05
4.05000E-05 3.79618E+10 9.69931E+05
4.06000E-05 3.75858E+10 9.60325E+05
4.07000E-05 3.72144E+10 9.50837E+05
4.08000E-05 3.68476E+10 9.41465E+05
4.09000E-05 3.64853E+10 9.32208E+05
4.10000E-05 3.61274E+10 9.23064E+05
4.11000E-05 3.57739E+10 9.14032E+05
4.12000E-05 3.54247E+10 9.05109E+05
4.13000E-05 3.50797E+10 8.96295E+05
4.14000E-05 3.47389E+10 8.87587E+05
4.15000E-05 3.44022E+10 8.78984E+05
4.16000E-05 3.40696E+10 8.70485E+05
4.17000E-05 3.37409E+10 8.62088E+05
4.18000E-05 3.34162E+10 8.53792E+05
4.19000E-05 3.30954E+10 8.45595E+05
4.20000E-05 3.27784E+10 8.37495E+05
4.21000E-05 3.24652E+10 8.29492E+05
4.22000E-05 3.21557E+10 8.21584E+05
4.23000E-05 3.18498E+10 8.13770E+05
4.24000E-05 3.15476E+10 8.06048E+05
4.25000E-05 3.12489E+10 7.98417E+05
4.26000E-05 3.09538E+10 7.90876E+05
4.27000E-05 3.06621E+10 7.83423E+05
4.28000E-05 3.03738E+10 7.76058E+05
4.29000E-05 3.00889E+10 7.68778E+05
4.30000E-05 2.98073E+10 7.61584E+05
4.31000E-05 2.95290E+10 7.54473E+05
4.32000E-05 2.92539E+10 7.47444E+05
4.33000E-05 2.89820E+10 7.40497E+05
4.34000E-05 2.87133E+10 7.33630E+05
4.35000E-05 2.84476E+10 7.26843E+05
4.36000E-05 2.81850E+10 7.20133E+05
4.37000E-05 2.79254E+10 7.13500E+05
4.38000E-05 2.76688E+10 7.06943E+05
4.39000E-05 2.74151E+10 7.00461E+05
4.40000E-05 2.71642E+10 6.94053E+05
4.41000E-05 2.69163E+10 6.87717E+05
4.42000E-05 2.66711E+10 6.81454E+05
4.43000E-05 2.64288E+10 6.75261E+05
4.44000E-05 2.61891E+10 6.69138E+05
4.45000E-05 2.59522E+10 6.63084E+05
4.46000E-05 2.57179E+10 6.57099E+05
4.47000E-05 2.54863E+10 6.51180E+05
4.48000E-05 2.52572E+10 6.45327E+05
4.49000E-05 2.50307E+10 6.39540E+05
4.50000E-05 2.48067E+10 6.33818E+05
4.51000E-05 2.45852E+10 6.28159E+05
4.52000E-05 2.43662E+10 6.22562E+05
4.53000E-05 2.41496E+10 6.17028E+05
4.54000E-05 2.39354E+10 6.11555E+05
4.55000E-05 2.37235E+10 6.06142E+05
4.56000E-05 2.35140E+10 6.00788E+05
4.57000E-05 2.33068E+10 5.95494E+05
4.58000E-05 2.31018E+10 5.90257E+05
4.59000E-05 2.28991E+10 5.85078E+05
4.60000E-05 2.26986E+10 5.79955E+05
4.61000E-05 2.25003E+10 5.74887E+05
4.62000E-05 2.23041E+10 5.69875E+05
4.63000E-05 2.21101E+10 5.64917E+05
4.64000E-05 2.19181E+10 5.60012E+05
4.65000E-05 2.17282E+10 5.55161E+05
4.66000E-05 2.15404E+10 5.50361E+05
4.67000E-05 2.13546E+10 5.45614E+05
4.68000E-05 2.11707E+10 5.40917E+05
4.69000E-05 2.09889E+10 5.36270E+05
4.70000E-05 2.08089E+10 5.31673E+05
4.71000E-05 2.06309E+10 5.27125E+05
4.72000E-05 2.04548E+10 5.22625E+05
4.73000E-05 2.02805E+10 5.18172E+05
4.74000E-05 2.01081E+10 5.13767E+05
4.75000E-05 1.99376E+10 5.09409E+05
4.76000E-05 1.97688E+10 5.05096E+05
4.77000E-05 1.96017E+10 5.00829E+05
4.78000E-05 1.94365E+10 4.96607E+05
4.79000E-05 1.92730E+10 4.92428E+05
4.80000E-05 1.91111E+10 4.88294E+05
4.81000E-05 1.89510E+10 4.84202E+05
4.82000E-05 1.87925E+10 4.80153E+05
4.83000E-05 1.86357E+10 4.76146E+05
4.84000E-05 1.84805E+10 4.72181E+05
4.85000E-05 1.83269E+10 4.68257E+05
4.86000E-05 1.81749E+10 4.64373E+05
4.87000E-05 1.80245E+10 4.60529E+05
4.88000E-05 1.78756E+10 4.56725E+05
4.89000E-05 1.77282E+10 4.52960E+05
4.90000E-05 1.75823E+10 4.49233E+05
4.91000E-05 1.74380E+10 4.45544E+05
4.92000E-05 1.72951E+10 4.41893E+05
4.93000E-05 1.71536E+10 4.38279E+05
4.94000E-05 1.70136E+10 4.34702E+05
4.95000E-05 1.68751E+10 4.31161E+05
4.96000E-05 1.67379E+10 4.27656E+05
4.97000E-05 1.66021E+10 4.24187E+05
4.98000E-05 1.64676E+10 4.20752E+05
4.99000E-05 1.63346E+10 4.17352E+05
5.00000E-05 1.62028E+10 4.13986E+05
5.01000E-05 1.60724E+10 4.10653E+05
5.02000E-05 1.59433E+10 4.07354E+05
5.03000E-05 1.58154E+10 4.04088E+05
5.04000E-05 1.56889E+10 4.00855E+05
5.05000E-05 1.55636E+10 3.97653E+05
5.06000E-05 1.54395E+10 3.94483E+05
5.07000E-05 1.53167E+10 3.91345E+05
5.08000E-05 1.51951E+10 3.88238E+05
5.09000E-05 1.50747E+10 3.85161E+05
5.10000E-05 1.49554E+10 3.82115E+05
5.11000E-05 1.48374E+10 3.79098E+05
5.12000E-05 1.47205E+10 3.76111E+05
5.13000E-05 1.46047E+10 3.73154E+05
5.14000E-05 1.44901E+10 3.70225E+05
5.15000E-05 1.43766E+10 3.67325E+05
5.16000E-05 1.42642E+10 3.64453E+05
5.17000E-05 1.41528E+10 3.61608E+05
5.18000E-05 1.40426E+10 3.58792E+05
5.19000E-05 1.39334E+10 3.56002E+05
5.20000E-05 1.38253E+10 3.53240E+05
5.21000E-05 1.37182E+10 3.50504E+05
5.22000E-05 1.36122E+10 3.47795E+05
5.23000E-05 1.35072E+10 3.45111E+05
5.24000E-05 1.34031E+10 3.42453E+05
5.25000E-05 1.33001E+10 3.39821E+05
5.26000E-05 1.31981E+10 3.37214E+05
5.27000E-05 1.30970E+10 3.34631E+05
5.28000E-05 1.29969E+10 3.32074E+05
5.29000E-05 1.28977E+10 3.29540E+05
5.30000E-05 1.27995E+10 3.27030E+05
5.31000E-05 1.27022E+10 3.24545E+05
5.32000E-05 1.26058E+10 3.22082E+05
5.33000E-05 1.25104E+10 3.19643E+05
5.34000E-05 1.24158E+10 3.17227E+05
5.35000E-05 1.23221E+10 3.14833E+05
5.36000E-05 1.22293E+10 3.12462E+05
5.37000E-05 1.21374E+10 3.10113E+05
5.38000E-05 1.20463E+10 3.07786E+05
5.39000E-05 1.19561E+10 3.05481E+05
5.40000E-05 1.18667E+10 3.03197E+05
5.41000E-05 1.17781E+10 3.00934E+05
5.42000E-05 1.16904E+10 2.98692E+05
5.43000E-05 1.16035E+10 2.96471E+05
5.44000E-05 1.15174E+10 2.94271E+05
5.45000E-05 1.14320E+10 2.92091E+05
5.46000E-05 1.13475E+10 2.89931E+05
5.47000E-05 1.12637E+10 2.87790E+05
5.48000E-05 1.11807E+10 2.85669E+05
5.49000E-05 1.10985E+10 2.83568E+05
5.50000E-05 1.10170E+10 2.81486E+05
5.51000E-05 1.09362E+10 2.79423E+05
5.52000E-05 1.08562E+10 2.77378E+05
5.53000E-05 1.07769E+10 2.75353E+05
5.54000E-05 1.06983E+10 2.73345E+05
5.55000E-05 1.06205E+10 2.71356E+05
5.56000E-05 1.05433E+10 2.69385E+05
5.57000E-05 1.04669E+10 2.67431E+05
5.58000E-05 1.03911E+10 2.65495E+05
5.59000E-05 1.03160E+10 2.63577E+05
5.60000E-05 1.02416E+10 2.61675E+05
5.61000E-05 1.01679E+10 2.59791E+05
5.62000E-05 1.00948E+10 2.57924E+05
5.63000E-05 1.00223E+10 2.56073E+05
5.64000E-05 9.95054E+09 2.54239E+05
5.65000E-05 9.87939E+09 2.52421E+05
5.66000E-05 9.80886E+09 2.50619E+05
5.67000E-05 9.73897E+09 2.48833E+05
5.68000E-05 9.66969E+09 2.47063E+05
5.69000E-05 9.60102E+09 2.45308E+05
5.70000E-05 9.53296E+09 2.43569E+05
5.71000E-05 9.46550E+09 2.41846E+05
5.72000E-05 9.39863E+09 2.40137E+05
5.73000E-05 9.33234E+09 2.38443E+05
5.74000E-05 9.26664E+09 2.36765E+05
5.75000E-05 9.20151E+09 2.35101E+05
5.76000E-05 9.13695E+09 2.33451E+05
5.77000E-05 9.07295E+09 2.31816E+05
5.78000E-05 9.00951E+09 2.30195E+05
5.79000E-05 8.94662E+09 2.28588E+05
5.80000E-05 8.88427E+09 2.26995E+05
5.81000E-05 8.82247E+09 2.25416E+05
5.82000E-05 8.76119E+09 2.23850E+05
5.83000E-05 8.70045E+09 2.22298E+05
5.84000E-05 8.64022E+09 2.20760E+05
5.85000E-05 8.58052E+09 2.19234E+05
5.86000E-05 8.52133E+09 2.17722E+05
5.87000E-05 8.46264E+09 2.16222E+05
5.88000E-05 8.40446E+09 2.14736E+05
5.89000E-05 8.34677E+09 2.13262E+05
5.90000E-05 8.28957E+09 2.11800E+05
5.91000E-05 8.23286E+09 2.10351E+05
5.92000E-05 8.17663E+09 2.08915E+05
5.93000E-05 8.12088E+09 2.07490E+05
5.94000E-05 8.06560E+09 2.06078E+05
5.95000E-05 8.01079E+09 2.04677E+05
5.96000E-05 7.95644E+09 2.03289E+05
5.97000E-05 7.90255E+09 2.01912E+05
5.98000E-05 7.84911E+09 2.00546E+05
5.99000E-05 7.79612E+09 1.99192E+05
6.00000E-05 7.74357E+09 1.97850E+05
6.01000E-05 7.69146E+09 1.96519E+05
6.02000E-05 7.63979E+09 1.95198E+05
6.03000E-05 7.58855E+09 1.93889E+05
6.04000E-05 7.53773E+09 1.92591E+05
6.05000E-05 7.48734E+09 1.91303E+05
6.06000E-05 7.43736E+09 1.90026E+05
6.07000E-05 7.38780E+09 1.88760E+05
6.08000E-05 7.33865E+09 1.87504E+05
6.09000E-05 7.28991E+09 1.86259E+05
6.10000E-05 7.24156E+09 1.85024E+05
6.11000E-05 7.19362E+09 1.83799E+05
6.12000E-05 7.14607E+09 1.82584E+05
6.13000E-05 7.09891E+09 1.81379E+05
6.14000E-05 7.05213E+09 1.80184E+05
6.15000E-05 7.00574E+09 1.78998E+05
6.16000E-05 6.95972E+09 1.77823E+05
6.17000E-05 6.91409E+09 1.76656E+05
6.18000E-05 6.86882E+09 1.75500E+05
6.19000E-05 6.82392E+09 1.74353E+05
6.20000E-05 6.77938E+09 1.73215E+05
6.21000E-05 6.73521E+09 1.72086E+05
6.22000E-05 6.69139E+09 1.70967E+05
6.23000E-05 6.64793E+09 1.69856E+05
6.24000E-05 6.60481E+09 1.68754E+05
6.25000E-05 6.56205E+09 1.67662E+05
6.26000E-05 6.51962E+09 1.66578E+05
6.27000E-05 6.47754E+09 1.65503E+05
6.28000E-05 6.43580E+09 1.64436E+05
6.29000E-05 6.39438E+09 1.63378E+05
6.30000E-05 6.35330E+09 1.62328E+05
6.31000E-05 6.31255E+09 1.61287E+05
6.32000E-05 6.27212E+09 1.60254E+05
6.33000E-05 6.23201E+09 1.59229E+05
6.34000E-05 6.19222E+09 1.58213E+05
6.35000E-05 6.15275E+09 1.57204E+05
6.36000E-05 6.11359E+09 1.56204E+05
6.37000E-05 6.07473E+09 1.55211E+05
6.38000E-05 6.03619E+09 1.54226E+05
6.39000E-05 5.99794E+09 1.53249E+05
6.40000E-05 5.96000E+09 1.52279E+05
6.41000E-05 5.92236E+09 1.51318E+05
6.42000E-05 5.88501E+09 1.50363E+05
6.43000E-05 5.84795E+09 1.49416E+05
6.44000E-05 5.81118E+09 1.48477E+05
6.45000E-05 5.77470E+09 1.47545E+05
6.46000E-05 5.73851E+09 1.46620E+05
6.47000E-05 5.70259E+09 1.45702E+05
6.48000E-05 5.66695E+09 1.44792E+05
6.49000E-05 5.63159E+09 1.43888E+05
6.50000E-05 5.59651E+09 1.42992E+05
6.51000E-05 5.56169E+09 1.42102E+05
6.52000E-05 5.52715E+09 1.41220E+05
6.53000E-05 5.49287E+09 1.40344E+05
6.54000E-05 5.45885E+09 1.39475E+05
6.55000E-05 5.42509E+09 1.38612E+05
6.56000E-05 5.39160E+09 1.37757E+05
6.57000E-05 5.35836E+09 1.36907E+05
6.58000E-05 5.32537E+09 1.36064E+05
6.59000E-05 5.29264E+09 1.35228E+05
6.60000E-05 5.26015E+09 1.34398E+05
6.61000E-05 5.22792E+09 1.33574E+05
6.62000E-05 5.19593E+09 1.32757E+05
6.63000E-05 5.16418E+09 1.31946E+05
6.64000E-05 5.13267E+09 1.31141E+05
6.65000E-05 5.10140E+09 1.30342E+05
6.66000E-05 5.07037E+09 1.29549E+05
6.67000E-05 5.03957E+09 1.28762E+05
6.68000E-05 5.00900E+09 1.27981E+05
6.69000E-05 4.97867E+09 1.27206E+05
6.70000E-05 4.94856E+09 1.26437E+05
6.71000E-05 4.91867E+09 1.25673E+05
6.72000E-05 4.88901E+09 1.24915E+05
6.73000E-05 4.85958E+09 1.24163E+05
6.74000E-05 4.83036E+09 1.23417E+05
6.75000E-05 4.80136E+09 1.22676E+05
6.76000E-05 4.77258E+09 1.21940E+05
6.77000E-05 4.74401E+09 1.21210E+05
6.78000E-05 4.71565E+09 1.20486E+05
6.79000E-05 4.68750E+09 1.19767E+05
6.80000E-05 4.65956E+09 1.19053E+05
6.81000E-05 4.63183E+09 1.18344E+05
6.82000E-05 4.60430E+09 1.17641E+05
6.83000E-05 4.57698E+09 1.16943E+05
6.84000E-05 4.54985E+09 1.16250E+05
6.85000E-05 4.52293E+09 1.15562E+05
6.86000E-05 4.49620E+09 1.14879E+05
6.87000E-05 4.46967E+09 1.14201E+05
6.88000E-05 4.44334E+09 1.13528E+05
6.89000E-05 4.41719E+09 1.12860E+05
6.90000E-05 4.39124E+09 1.12197E+05
6.91000E-05 4.36548E+09 1.11539E+05
6.92000E-05 4.33990E+09 1.10885E+05
6.93000E-05 4.31451E+09 1.10237E+05
6.94000E-05 4.28930E+09 1.09593E+05
6.95000E-05 4.26428E+09 1.08953E+05
6.96000E-05 4.23943E+09 1.08319E+05
6.97000E-05 4.21477E+09 1.07688E+05
6.98000E-05 4.19029E+09 1.07063E+05
6.99000E-05 4.16598E+09 1.06442E+05
7.00000E-05 4.14184E+09 1.05825E+05
7.01000E-05 4.11788E+09 1.05213E+05
7.02000E-05 4.09409E+09 1.04605E+05
7.03000E-05 4.07048E+09 1.04002E+05
7.04000E-05 4.04703E+09 1.03402E+05
7.05000E-05 4.02374E+09 1.02808E+05
7.06000E-05 4.00063E+09 1.02217E+05
7.07000E-05 3.97768E+09 1.01631E+05
7.08000E-05 3.95489E+09 1.01048E+05
7.09000E-05 3.93226E+09 1.00470E+05
7.10000E-05 3.90980E+09 9.98962E+04
7.11000E-05 3.88749E+09 9.93263E+04
7.12000E-05 3.86534E+09 9.87604E+04
7.13000E-05 3.84335E+09 9.81985E+04
7.14000E-05 3.82152E+09 9.76406E+04
7.15000E-05 3.79983E+09 9.70866E+04
7.16000E-05 3.77830E+09 9.65365E+04
7.17000E-05 3.75692E+09 9.59902E+04
7.18000E-05 3.73569E+09 9.54478E+04
7.19000E-05 3.71461E+09 9.49092E+04
7.20000E-05 3.69368E+09 9.43744E+04
7.21000E-05 3.67289E+09 9.38433E+04
7.22000E-05 3.65225E+09 9.33159E+04
7.23000E-05 3.63176E+09 9.27922E+04
7.24000E-05 3.61140E+09 9.22721E+04
7.25000E-05 3.59119E+09 9.17556E+04
7.26000E-05 3.57111E+09 9.12428E+04
7.27000E-05 3.55118E+09 9.07334E+04
7.28000E-05 3.53138E+09 9.02276E+04
7.29000E-05 3.51172E+09 8.97253E+04
7.30000E-05 3.49220E+09 8.92265E+04
7.31000E-05 3.47281E+09 8.87311E+04
7.32000E-05 3.45356E+09 8.82391E+04
7.33000E-05 3.43443E+09 8.77505E+04
7.34000E-05 3.41544E+09 8.72653E+04
7.35000E-05 3.39658E+09 8.67834E+04
7.36000E-05 3.37785E+09 8.63047E+04
7.37000E-05 3.35924E+09 8.58294E+04
7.38000E-05 3.34077E+09 8.53573E+04
7.39000E-05 3.32241E+09 8.48884E+04
7.40000E-05 3.30419E+09 8.44227E+04
7.41000E-05 3.28608E+09 8.39602E+04
7.42000E-05 3.26811E+09 8.35008E+04
7.43000E-05 3.25025E+09 8.30446E+04
7.44000E-05 3.23251E+09 8.25914E+04
7.45000E-05 3.21489E+09 8.21413E+04
7.46000E-05 3.19740E+09 8.16942E+04
7.47000E-05 3.18002E+09 8.12502E+04
7.48000E-05 3.16276E+09 8.08091E+04
7.49000E-05 3.14561E+09 8.03710E+04
7.50000E-05 3.12858E+09 7.99359E+04
7.51000E-05 3.11166E+09 7.95036E+04
7.52000E-05 3.09486E+09 7.90743E+04
7.53000E-05 3.07817E+09 7.86479E+04
7.54000E-05 3.06159E+09 7.82243E+04
7.55000E-05 3.04512E+09 7.78035E+04
7.56000E-05 3.02876E+09 7.73855E+04
7.57000E-05 3.01251E+09 7.69703E+04
7.58000E-05 2.99637E+09 7.65579E+04
7.59000E-05 2.98034E+09 7.61482E+04
7.60000E-05 2.96441E+09 7.57413E+04
7.61000E-05 2.94858E+09 7.53370E+04
7.62000E-05 2.93287E+09 7.49354E+04
7.63000E-05 2.91725E+09 7.45365E+04
7.64000E-05 2.90174E+09 7.41401E+04
7.65000E-05 2.88633E+09 7.37464E+04
7.66000E-05 2.87103E+09 7.33553E+04
7.67000E-05 2.85582E+09 7.29668E+04
7.68000E-05 2.84071E+09 7.25808E+04
7.69000E-05 2.82570E+09 7.21974E+04
7.70000E-05 2.81079E+09 7.18164E+04
7.71000E-05 2.79598E+09 7.14380E+04
7.72000E-05 2.78127E+09 7.10620E+04
7.73000E-05 2.76665E+09 7.06885E+04
7.74000E-05 2.75212E+09 7.03174E+04
7.75000E-05 2.73769E+09 6.99487E+04
7.76000E-05 2.72336E+09 6.95824E+04
7.77000E-05 2.70912E+09 6.92185E+04
7.78000E-05 2.69497E+09 6.88570E+04
7.79000E-05 2.68091E+09 6.84978E+04
7.80000E-05 2.66694E+09 6.81409E+04
7.81000E-05 2.65306E+09 6.77863E+04
7.82000E-05 2.63927E+09 6.74340E+04
7.83000E-05 2.62557E+09 6.70840E+04
7.84000E-05 2.61196E+09 6.67362E+04
7.85000E-05 2.59844E+09 6.63907E+04
7.86000E-05 2.58500E+09 6.60473E+04
7.87000E-05 2.57165E+09 6.57062E+04
7.88000E-05 2.55838E+09 6.53673E+04
7.89000E-05 2.54520E+09 6.50305E+04
7.90000E-05 2.53211E+09 6.46959E+04
7.91000E-05 2.51909E+09 6.43634E+04
7.92000E-05 2.50616E+09 6.40330E+04
7.93000E-05 2.49332E+09 6.37048E+04
7.94000E-05 2.48055E+09 6.33786E+04
7.95000E-05 2.46786E+09 6.30545E+04
7.96000E-05 2.45526E+09 6.27324E+04
7.97000E-05 2.44273E+09 6.24124E+04
7.98000E-05 2.43029E+09 6.20944E+04
7.99000E-05 2.41792E+09 6.17784E+04
8.00000E-05 2.40563E+09 6.14644E+04
8.01000E-05 2.39342E+09 6.11524E+04
8.02000E-05 2.38128E+09 6.08424E+04
8.03000E-05 2.36923E+09 6.05342E+04
8.04000E-05 2.35724E+09 6.02281E+04
8.05000E-05 2.34533E+09 5.99238E+04
8.06000E-05 2.33350E+09 5.96215E+04
8.07000E-05 2.32174E+09 5.93210E+04
8.08000E-05 2.31005E+09 5.90224E+04
8.09000E-05 2.29844E+09 5.87257E+04
8.10000E-05 2.28690E+09 5.84308E+04
8.11000E-05 2.27543E+09 5.81378E+04
8.12000E-05 2.26403E+09 5.78466E+04
8.13000E-05 2.25271E+09 5.75572E+04
8.14000E-05 2.24145E+09 5.72695E+04
8.15000E-05 2.23026E+09 5.69837E+04
8.16000E-05 2.21914E+09 5.66996E+04
8.17000E-05 2.20809E+09 5.64173E+04
8.18000E-05 2.19711E+09 5.61367E+04
8.19000E-05 2.18620E+09 5.58579E+04
8.20000E-05 2.17535E+09 5.55808E+04
8.21000E-05 2.16457E+09 5.53054E+04
8.22000E-05 2.15386E+09 5.50316E+04
8.23000E-05 2.14321E+09 5.47596E+04
8.24000E-05 2.13263E+09 5.44892E+04
8.25000E-05 2.12211E+09 5.42204E+04
8.26000E-05 2.11166E+09 5.39533E+04
8.27000E-05 2.10127E+09 5.36879E+04
8.28000E-05 2.09094E+09 5.34240E+04
8.29000E-05 2.08068E+09 5.31618E+04
8.30000E-05 2.07048E+09 5.29012E+04
8.31000E-05 2.06034E+09 5.26421E+04
8.32000E-05 2.05026E+09 5.23846E+04
8.33000E-05 2.04024E+09 5.21287E+04
8.34000E-05 2.03029E+09 5.18743E+04
8.35000E-05 2.02039E+09 5.16215E+04
8.36000E-05 2.01056E+09 5.13701E+04
8.37000E-05 2.00078E+09 5.11203E+04
8.38000E-05 1.99106E+09 5.08721E+04
8.39000E-05 1.98140E+09 5.06253E+04
8.40000E-05 1.97180E+09 5.03799E+04
8.41000E-05 1.96226E+09 5.01361E+04
8.42000E-05 1.95277E+09 4.98937E+04
8.43000E-05 1.94334E+09 4.96528E+04
8.44000E-05 1.93397E+09 4.94133E+04
8.45000E-05 1.92465E+09 4.91752E+04
8.46000E-05 1.91539E+09 4.89386E+04
8.47000E-05 1.90618E+09 4.87034E+04
8.48000E-05 1.89703E+09 4.84695E+04
8.49000E-05 1.88793E+09 4.82371E+04
8.50000E-05 1.87889E+09 4.80060E+04
8.51000E-05 1.86990E+09 4.77763E+04
8.52000E-05 1.86096E+09 4.75480E+04
8.53000E-05 1.85208E+09 4.73211E+04
8.54000E-05 1.84325E+09 4.70954E+04
8.55000E-05 1.83447E+09 4.68711E+04
8.56000E-05 1.82574E+09 4.66481E+04
8.57000E-05 1.81707E+09 4.64265E+04
8.58000E-05 1.80844E+09 4.62061E+04
8.59000E-05 1.79987E+09 4.59871E+04
8.60000E-05 1.79135E+09 4.57693E+04
8.61000E-05 1.78287E+09 4.55528E+04
8.62000E-05 1.77445E+09 4.53376E+04
8.63000E-05 1.76607E+09 4.51236E+04
8.64000E-05 1.75775E+09 4.49109E+04
8.65000E-05 1.74947E+09 4.46994E+04
8.66000E-05 1.74124E+09 4.44891E+04
8.67000E-05 1.73306E+09 4.42801E+04
8.68000E-05 1.72493E+09 4.40723E+04
8.69000E-05 1.71684E+09 4.38657E+04
8.70000E-05 1.70880E+09 4.36603E+04
8.71000E-05 1.70081E+09 4.34561E+04
8.72000E-05 1.69287E+09 4.32531E+04
8.73000E-05 1.68497E+09 4.30513E+04
8.74000E-05 1.67711E+09 4.28506E+04
8.75000E-05 1.66930E+09 4.26510E+04
8.76000E-05 1.66154E+09 4.24527E+04
8.77000E-05 1.65382E+09 4.22554E+04
8.78000E-05 1.64614E+09 4.20593E+04
8.79000E-05 1.63851E+09 4.18644E+04
8.80000E-05 1.63093E+09 4.16705E+04
8.81000E-05 1.62338E+09 4.14778E+04
8.82000E-05 1.61588E+09 4.12862E+04
8.83000E-05 1.60842E+09 4.10956E+04
8.84000E-05 1.60101E+09 4.09062E+04
8.85000E-05 1.59364E+09 4.07178E+04
8.86000E-05 1.58631E+09 4.05305E+04
8.87000E-05 1.57902E+09 4.03443E+04
8.88000E-05 1.57177E+09 4.01591E+04
8.89000E-05 1.56457E+09 3.99750E+04
8.90000E-05 1.55740E+09 3.97919E+04
8.91000E-05 1.55028E+09 3.96099E+04
8.92000E-05 1.54319E+09 3.94289E+04
8.93000E-05 1.53615E+09 3.92489E+04
8.94000E-05 1.52914E+09 3.90700E+04
8.95000E-05 1.52218E+09 3.88920E+04
8.96000E-05 1.51525E+09 3.87151E+04
8.97000E-05 1.50837E+09 3.85391E+04
8.98000E-05 1.50152E+09 3.83642E+04
8.99000E-05 1.49471E+09 3.81902E+04
9.00000E-05 1.48794E+09 3.80172E+04
9.01000E-05 1.48121E+09 3.78452E+04
9.02000E-05 1.47451E+09 3.76741E+04
9.03000E-05 1.46785E+09 3.75040E+04
9.04000E-05 1.46123E+09 3.73348E+04
9.05000E-05 1.45465E+09 3.71666E+04
9.06000E-05 1.44810E+09 3.69993E+04
9.07000E-05 1.44159E+09 3.68330E+04
9.08000E-05 1.43512E+09 3.66676E+04
9.09000E-05 1.42868E+09 3.65031E+04
9.10000E-05 1.42228E+09 3.63395E+04
9.11000E-05 1.41591E+09 3.61768E+04
9.12000E-05 1.40958E+09 3.60150E+04
9.13000E-05 1.40328E+09 3.58542E+04
9.14000E-05 1.39702E+09 3.56942E+04
9.15000E-05 1.39079E+09 3.55351E+04
9.16000E-05 1.38460E+09 3.53768E+04
9.17000E-05 1.37844E+09 3.52195E+04
9.18000E-05 1.37232E+09 3.50630E+04
9.19000E-05 1.36623E+09 3.49074E+04
9.20000E-05 1.36017E+09 3.47526E+04
9.21000E-05 1.35414E+09 3.45987E+04
9.22000E-05 1.34815E+09 3.44456E+04
9.23000E-05 1.34219E+09 3.42934E+04
9.24000E-05 1.33627E+09 3.41419E+04
9.25000E-05 1.33037E+09 3.39914E+04
9.26000E-05 1.32451E+09 3.38416E+04
9.27000E-05 1.31868E+09 3.36927E+04
9.28000E-05 1.31289E+09 3.35445E+04
9.29000E-05 1.30712E+09 3.33972E+04
9.30000E-05 1.30139E+09 3.32507E+04
9.31000E-05 1.29568E+09 3.31050E+04
9.32000E-05 1.29001E+09 3.29600E+04
9.33000E-05 1.28437E+09 3.28159E+04
9.34000E-05 1.27876E+09 3.26725E+04
9.35000E-05 1.27317E+09 3.25299E+04
9.36000E-05 1.26762E+09 3.23881E+04
9.37000E-05 1.26210E+09 3.22470E+04
9.38000E-05 1.25661E+09 3.21067E+04
9.39000E-05 1.25115E+09 3.19672E+04
9.40000E-05 1.24572E+09 3.18284E+04
9.41000E-05 1.24031E+09 3.16903E+04
9.42000E-05 1.23494E+09 3.15530E+04
9.43000E-05 1.22960E+09 3.14164E+04
9.44000E-05 1.22428E+09 3.12806E+04
9.45000E-05 1.21899E+09 3.11455E+04
9.46000E-05 1.21373E+09 3.10111E+04
9.47000E-05 1.20850E+09 3.08774E+04
9.48000E-05 1.20330E+09 3.07445E+04
9.49000E-05 1.19812E+09 3.06122E+04
9.50000E-05 1.19297E+09 3.04807E+04
9.51000E-05 1.18785E+09 3.03498E+04
9.52000E-05 1.18276E+09 3.02197E+04
9.53000E-05 1.17769E+09 3.00902E+04
9.54000E-05 1.17265E+09 2.99614E+04
9.55000E-05 1.16763E+09 2.98333E+04
9.56000E-05 1.16265E+09 2.97059E+04
9.57000E-05 1.15769E+09 2.95792E+04
9.58000E-05 1.15275E+09 2.94531E+04
9.59000E-05 1.14784E+09 2.93277E+04
9.60000E-05 1.14296E+09 2.92029E+04
9.61000E-05 1.13811E+09 2.90788E+04
9.62000E-05 1.13327E+09 2.89554E+04
9.63000E-05 1.12847E+09 2.88326E+04
9.64000E-05 1.12369E+09 2.87105E+04
9.65000E-05 1.11893E+09 2.85890E+04
9.66000E-05 1.11420E+09 2.84681E+04
9.67000E-05 1.10950E+09 2.83479E+04
9.68000E-05 1.10481E+09 2.82282E+04
9.69000E-05 1.10016E+09 2.81093E+04
9.70000E-05 1.09552E+09 2.79909E+04
9.71000E-05 1.09092E+09 2.78731E+04
9.72000E-05 1.08633E+09 2.77560E+04
9.73000E-05 1.08177E+09 2.76395E+04
9.74000E-05 1.07723E+09 2.75236E+04
9.75000E-05 1.07272E+09 2.74082E+04
9.76000E-05 1.06823E+09 2.72935E+04
9.77000E-05 1.06376E+09 2.71794E+04
9.78000E-05 1.05932E+09 2.70659E+04
9.79000E-05 1.05490E+09 2.69529E+04
9.80000E-05 1.05050E+09 2.68405E+04
9.81000E-05 1.04613E+09 2.67288E+04
9.82000E-05 1.04177E+09 2.66175E+04
9.83000E-05 1.03744E+09 2.65069E+04
9.84000E-05 1.03314E+09 2.63968E+04
9.85000E-05 1.02885E+09 2.62873E+04
9.86000E-05 1.02459E+09 2.61784E+04
9.87000E-05 1.02034E+09 2.60700E+04
9.88000E-05 1.01612E+09 2.59622E+04
9.89000E-05 1.01192E+09 2.58549E+04
9.90000E-05 1.00775E+09 2.57482E+04
9.91000E-05 1.00359E+09 2.56420E+04
9.92000E-05 9.99457E+08 2.55363E+04
9.93000E-05 9.95343E+08 2.54312E+04
9.94000E-05 9.91250E+08 2.53267E+04
9.95000E-05 9.87178E+08 2.52226E+04
9.96000E-05 9.83127E+08 2.51191E+04
9.97000E-05 9.79097E+08 2.50161E+04
9.98000E-05 9.75087E+08 2.49137E+04
9.99000E-05 9.71097E+08 2.48117E+04
1.00000E-04 9.67127E+08 2.47103E+04
