#  FeatureSize(cm)    Fluence(mum2)   Dose(Gy)
1.00000E-07 6.89057E+20 1.76056E+16
2.00000E-07 4.30624E+19 1.10025E+15
3.00000E-07 8.50541E+18 2.17315E+14
4.00000E-07 2.69093E+18 6.87540E+13
5.00000E-07 1.10211E+18 2.81592E+13
6.00000E-07 5.31451E+17 1.35787E+13
7.00000E-07 2.86839E+17 7.32881E+12
8.00000E-07 1.68125E+17 4.29564E+12
9.00000E-07 1.04951E+17 2.68152E+12
1.00000E-06 6.88523E+16 1.75919E+12
1.10000E-06 4.70230E+16 1.20145E+12
1.20000E-06 3.31985E+16 8.48230E+11
1.30000E-06 2.41009E+16 6.15783E+11
1.40000E-06 1.79166E+16 4.57774E+11
1.50000E-06 1.35946E+16 3.47345E+11
1.60000E-06 1.05006E+16 2.68293E+11
1.70000E-06 8.23874E+15 2.10502E+11
1.80000E-06 6.55434E+15 1.67465E+11
1.90000E-06 5.27919E+15 1.34884E+11
2.00000E-06 4.29956E+15 1.09855E+11
2.10000E-06 3.53696E+15 9.03700E+10
2.20000E-06 2.93615E+15 7.50194E+10
2.30000E-06 2.45765E+15 6.27936E+10
2.40000E-06 2.07276E+15 5.29595E+10
2.50000E-06 1.76034E+15 4.49771E+10
2.60000E-06 1.50462E+15 3.84433E+10
2.70000E-06 1.29368E+15 3.30538E+10
2.80000E-06 1.11844E+15 2.85764E+10
2.90000E-06 9.71885E+14 2.48319E+10
3.00000E-06 8.48564E+14 2.16810E+10
3.10000E-06 7.44193E+14 1.90143E+10
3.20000E-06 6.55382E+14 1.67452E+10
3.30000E-06 5.79430E+14 1.48046E+10
3.40000E-06 5.14167E+14 1.31371E+10
3.50000E-06 4.57836E+14 1.16978E+10
3.60000E-06 4.09011E+14 1.04503E+10
3.70000E-06 3.66522E+14 9.36472E+09
3.80000E-06 3.29409E+14 8.41647E+09
3.90000E-06 2.96875E+14 7.58522E+09
4.00000E-06 2.68259E+14 6.85408E+09
4.10000E-06 2.43009E+14 6.20892E+09
4.20000E-06 2.20659E+14 5.63790E+09
4.30000E-06 2.00821E+14 5.13101E+09
4.40000E-06 1.83161E+14 4.67981E+09
4.50000E-06 1.67401E+14 4.27712E+09
4.60000E-06 1.53299E+14 3.91681E+09
4.70000E-06 1.40650E+14 3.59364E+09
4.80000E-06 1.29279E+14 3.30312E+09
4.90000E-06 1.19034E+14 3.04136E+09
5.00000E-06 1.09784E+14 2.80501E+09
5.10000E-06 1.01415E+14 2.59117E+09
5.20000E-06 9.38276E+13 2.39732E+09
5.30000E-06 8.69367E+13 2.22125E+09
5.40000E-06 8.06666E+13 2.06105E+09
5.50000E-06 7.49516E+13 1.91503E+09
5.60000E-06 6.97336E+13 1.78171E+09
5.70000E-06 6.49616E+13 1.65978E+09
5.80000E-06 6.05908E+13 1.54811E+09
5.90000E-06 5.65813E+13 1.44567E+09
6.00000E-06 5.28979E+13 1.35155E+09
6.10000E-06 4.95093E+13 1.26497E+09
6.20000E-06 4.63876E+13 1.18521E+09
6.30000E-06 4.35080E+13 1.11164E+09
6.40000E-06 4.08482E+13 1.04368E+09
6.50000E-06 3.83886E+13 9.80837E+08
6.60000E-06 3.61112E+13 9.22650E+08
6.70000E-06 3.40002E+13 8.68712E+08
6.80000E-06 3.20411E+13 8.18657E+08
6.90000E-06 3.02210E+13 7.72153E+08
7.00000E-06 2.85283E+13 7.28904E+08
7.10000E-06 2.69523E+13 6.88639E+08
7.20000E-06 2.54837E+13 6.51114E+08
7.30000E-06 2.41137E+13 6.16110E+08
7.40000E-06 2.28344E+13 5.83425E+08
7.50000E-06 2.16389E+13 5.52878E+08
7.60000E-06 2.05205E+13 5.24303E+08
7.70000E-06 1.94734E+13 4.97549E+08
7.80000E-06 1.84922E+13 4.72479E+08
7.90000E-06 1.75720E+13 4.48968E+08
8.00000E-06 1.67083E+13 4.26900E+08
8.10000E-06 1.58969E+13 4.06170E+08
8.20000E-06 1.51342E+13 3.86683E+08
8.30000E-06 1.44167E+13 3.68350E+08
8.40000E-06 1.37412E+13 3.51090E+08
8.50000E-06 1.31047E+13 3.34828E+08
8.60000E-06 1.25047E+13 3.19497E+08
8.70000E-06 1.19385E+13 3.05032E+08
8.80000E-06 1.14041E+13 2.91376E+08
8.90000E-06 1.08991E+13 2.78476E+08
9.00000E-06 1.04218E+13 2.66281E+08
9.10000E-06 9.97037E+12 2.54745E+08
9.20000E-06 9.54307E+12 2.43828E+08
9.30000E-06 9.13839E+12 2.33488E+08
9.40000E-06 8.75493E+12 2.23690E+08
9.50000E-06 8.39135E+12 2.14401E+08
9.60000E-06 8.04644E+12 2.05588E+08
9.70000E-06 7.71905E+12 1.97223E+08
9.80000E-06 7.40813E+12 1.89280E+08
9.90000E-06 7.11270E+12 1.81731E+08
1.00000E-05 6.83184E+12 1.74555E+08
1.01000E-05 6.56469E+12 1.67729E+08
1.02000E-05 6.31047E+12 1.61234E+08
1.03000E-05 6.06842E+12 1.55050E+08
1.04000E-05 5.83786E+12 1.49159E+08
1.05000E-05 5.61813E+12 1.43545E+08
1.06000E-05 5.40864E+12 1.38192E+08
1.07000E-05 5.20881E+12 1.33086E+08
1.08000E-05 5.01812E+12 1.28214E+08
1.09000E-05 4.83607E+12 1.23563E+08
1.10000E-05 4.66219E+12 1.19120E+08
1.11000E-05 4.49605E+12 1.14875E+08
1.12000E-05 4.33723E+12 1.10817E+08
1.13000E-05 4.18537E+12 1.06937E+08
1.14000E-05 4.04008E+12 1.03225E+08
1.15000E-05 3.90104E+12 9.96724E+07
1.16000E-05 3.76792E+12 9.62713E+07
1.17000E-05 3.64043E+12 9.30138E+07
1.18000E-05 3.51828E+12 8.98928E+07
1.19000E-05 3.40120E+12 8.69016E+07
1.20000E-05 3.28895E+12 8.40335E+07
1.21000E-05 3.18129E+12 8.12827E+07
1.22000E-05 3.07800E+12 7.86435E+07
1.23000E-05 2.97885E+12 7.61104E+07
1.24000E-05 2.88367E+12 7.36783E+07
1.25000E-05 2.79225E+12 7.13425E+07
1.26000E-05 2.70442E+12 6.90985E+07
1.27000E-05 2.62001E+12 6.69419E+07
1.28000E-05 2.53887E+12 6.48687E+07
1.29000E-05 2.46084E+12 6.28751E+07
1.30000E-05 2.38579E+12 6.09574E+07
1.31000E-05 2.31357E+12 5.91121E+07
1.32000E-05 2.24406E+12 5.73361E+07
1.33000E-05 2.17713E+12 5.56262E+07
1.34000E-05 2.11268E+12 5.39795E+07
1.35000E-05 2.05060E+12 5.23933E+07
1.36000E-05 1.99078E+12 5.08648E+07
1.37000E-05 1.93312E+12 4.93915E+07
1.38000E-05 1.87753E+12 4.79712E+07
1.39000E-05 1.82392E+12 4.66015E+07
1.40000E-05 1.77221E+12 4.52803E+07
1.41000E-05 1.72231E+12 4.40055E+07
1.42000E-05 1.67416E+12 4.27752E+07
1.43000E-05 1.62768E+12 4.15876E+07
1.44000E-05 1.58280E+12 4.04408E+07
1.45000E-05 1.53945E+12 3.93333E+07
1.46000E-05 1.49757E+12 3.82633E+07
1.47000E-05 1.45711E+12 3.72295E+07
1.48000E-05 1.41800E+12 3.62303E+07
1.49000E-05 1.38020E+12 3.52643E+07
1.50000E-05 1.34364E+12 3.43303E+07
1.51000E-05 1.30829E+12 3.34270E+07
1.52000E-05 1.27408E+12 3.25531E+07
1.53000E-05 1.24099E+12 3.17076E+07
1.54000E-05 1.20896E+12 3.08893E+07
1.55000E-05 1.17796E+12 3.00972E+07
1.56000E-05 1.14795E+12 2.93303E+07
1.57000E-05 1.11888E+12 2.85877E+07
1.58000E-05 1.09073E+12 2.78684E+07
1.59000E-05 1.06345E+12 2.71715E+07
1.60000E-05 1.03703E+12 2.64962E+07
1.61000E-05 1.01141E+12 2.58418E+07
1.62000E-05 9.86582E+11 2.52074E+07
1.63000E-05 9.62509E+11 2.45923E+07
1.64000E-05 9.39165E+11 2.39959E+07
1.65000E-05 9.16524E+11 2.34174E+07
1.66000E-05 8.94560E+11 2.28562E+07
1.67000E-05 8.73248E+11 2.23117E+07
1.68000E-05 8.52567E+11 2.17833E+07
1.69000E-05 8.32494E+11 2.12704E+07
1.70000E-05 8.13007E+11 2.07725E+07
1.71000E-05 7.94086E+11 2.02891E+07
1.72000E-05 7.75711E+11 1.98196E+07
1.73000E-05 7.57865E+11 1.93636E+07
1.74000E-05 7.40527E+11 1.89206E+07
1.75000E-05 7.23682E+11 1.84902E+07
1.76000E-05 7.07313E+11 1.80720E+07
1.77000E-05 6.91403E+11 1.76655E+07
1.78000E-05 6.75937E+11 1.72703E+07
1.79000E-05 6.60901E+11 1.68862E+07
1.80000E-05 6.46279E+11 1.65126E+07
1.81000E-05 6.32060E+11 1.61493E+07
1.82000E-05 6.18228E+11 1.57959E+07
1.83000E-05 6.04772E+11 1.54521E+07
1.84000E-05 5.91680E+11 1.51176E+07
1.85000E-05 5.78940E+11 1.47920E+07
1.86000E-05 5.66540E+11 1.44752E+07
1.87000E-05 5.54470E+11 1.41668E+07
1.88000E-05 5.42719E+11 1.38666E+07
1.89000E-05 5.31277E+11 1.35743E+07
1.90000E-05 5.20135E+11 1.32896E+07
1.91000E-05 5.09283E+11 1.30123E+07
1.92000E-05 4.98712E+11 1.27422E+07
1.93000E-05 4.88413E+11 1.24791E+07
1.94000E-05 4.78378E+11 1.22227E+07
1.95000E-05 4.68600E+11 1.19728E+07
1.96000E-05 4.59069E+11 1.17293E+07
1.97000E-05 4.49779E+11 1.14920E+07
1.98000E-05 4.40723E+11 1.12606E+07
1.99000E-05 4.31893E+11 1.10350E+07
2.00000E-05 4.23282E+11 1.08150E+07
2.01000E-05 4.14885E+11 1.06004E+07
2.02000E-05 4.06695E+11 1.03911E+07
2.03000E-05 3.98705E+11 1.01870E+07
2.04000E-05 3.90910E+11 9.98785E+06
2.05000E-05 3.83305E+11 9.79353E+06
2.06000E-05 3.75883E+11 9.60390E+06
2.07000E-05 3.68640E+11 9.41883E+06
2.08000E-05 3.61570E+11 9.23819E+06
2.09000E-05 3.54668E+11 9.06186E+06
2.10000E-05 3.47930E+11 8.88970E+06
2.11000E-05 3.41351E+11 8.72160E+06
2.12000E-05 3.34927E+11 8.55746E+06
2.13000E-05 3.28652E+11 8.39714E+06
2.14000E-05 3.22524E+11 8.24056E+06
2.15000E-05 3.16538E+11 8.08761E+06
2.16000E-05 3.10689E+11 7.93818E+06
2.17000E-05 3.04975E+11 7.79218E+06
2.18000E-05 2.99391E+11 7.64951E+06
2.19000E-05 2.93934E+11 7.51009E+06
2.20000E-05 2.88601E+11 7.37382E+06
2.21000E-05 2.83388E+11 7.24063E+06
2.22000E-05 2.78292E+11 7.11042E+06
2.23000E-05 2.73310E+11 6.98312E+06
2.24000E-05 2.68438E+11 6.85865E+06
2.25000E-05 2.63674E+11 6.73694E+06
2.26000E-05 2.59016E+11 6.61791E+06
2.27000E-05 2.54459E+11 6.50149E+06
2.28000E-05 2.50002E+11 6.38762E+06
2.29000E-05 2.45643E+11 6.27622E+06
2.30000E-05 2.41377E+11 6.16724E+06
2.31000E-05 2.37204E+11 6.06061E+06
2.32000E-05 2.33120E+11 5.95626E+06
2.33000E-05 2.29123E+11 5.85415E+06
2.34000E-05 2.25212E+11 5.75422E+06
2.35000E-05 2.21383E+11 5.65640E+06
2.36000E-05 2.17636E+11 5.56065E+06
2.37000E-05 2.13967E+11 5.46691E+06
2.38000E-05 2.10375E+11 5.37513E+06
2.39000E-05 2.06858E+11 5.28527E+06
2.40000E-05 2.03414E+11 5.19727E+06
2.41000E-05 2.00041E+11 5.11110E+06
2.42000E-05 1.96738E+11 5.02670E+06
2.43000E-05 1.93502E+11 4.94403E+06
2.44000E-05 1.90333E+11 4.86305E+06
2.45000E-05 1.87228E+11 4.78371E+06
2.46000E-05 1.84186E+11 4.70599E+06
2.47000E-05 1.81205E+11 4.62983E+06
2.48000E-05 1.78284E+11 4.55521E+06
2.49000E-05 1.75422E+11 4.48208E+06
2.50000E-05 1.72617E+11 4.41041E+06
2.51000E-05 1.69868E+11 4.34016E+06
2.52000E-05 1.67173E+11 4.27130E+06
2.53000E-05 1.64531E+11 4.20380E+06
2.54000E-05 1.61941E+11 4.13762E+06
2.55000E-05 1.59401E+11 4.07274E+06
2.56000E-05 1.56911E+11 4.00912E+06
2.57000E-05 1.54470E+11 3.94674E+06
2.58000E-05 1.52076E+11 3.88556E+06
2.59000E-05 1.49727E+11 3.82556E+06
2.60000E-05 1.47424E+11 3.76672E+06
2.61000E-05 1.45165E+11 3.70899E+06
2.62000E-05 1.42949E+11 3.65237E+06
2.63000E-05 1.40774E+11 3.59682E+06
2.64000E-05 1.38641E+11 3.54232E+06
2.65000E-05 1.36548E+11 3.48884E+06
2.66000E-05 1.34495E+11 3.43637E+06
2.67000E-05 1.32480E+11 3.38488E+06
2.68000E-05 1.30502E+11 3.33435E+06
2.69000E-05 1.28561E+11 3.28475E+06
2.70000E-05 1.26655E+11 3.23608E+06
2.71000E-05 1.24785E+11 3.18829E+06
2.72000E-05 1.22950E+11 3.14139E+06
2.73000E-05 1.21147E+11 3.09534E+06
2.74000E-05 1.19378E+11 3.05013E+06
2.75000E-05 1.17640E+11 3.00574E+06
2.76000E-05 1.15935E+11 2.96215E+06
2.77000E-05 1.14259E+11 2.91935E+06
2.78000E-05 1.12614E+11 2.87732E+06
2.79000E-05 1.10999E+11 2.83604E+06
2.80000E-05 1.09412E+11 2.79549E+06
2.81000E-05 1.07853E+11 2.75567E+06
2.82000E-05 1.06322E+11 2.71655E+06
2.83000E-05 1.04818E+11 2.67812E+06
2.84000E-05 1.03340E+11 2.64037E+06
2.85000E-05 1.01888E+11 2.60327E+06
2.86000E-05 1.00462E+11 2.56683E+06
2.87000E-05 9.90604E+10 2.53102E+06
2.88000E-05 9.76831E+10 2.49583E+06
2.89000E-05 9.63296E+10 2.46124E+06
2.90000E-05 9.49994E+10 2.42726E+06
2.91000E-05 9.36920E+10 2.39385E+06
2.92000E-05 9.24070E+10 2.36102E+06
2.93000E-05 9.11438E+10 2.32875E+06
2.94000E-05 8.99022E+10 2.29702E+06
2.95000E-05 8.86815E+10 2.26583E+06
2.96000E-05 8.74814E+10 2.23517E+06
2.97000E-05 8.63015E+10 2.20502E+06
2.98000E-05 8.51414E+10 2.17538E+06
2.99000E-05 8.40007E+10 2.14624E+06
3.00000E-05 8.28789E+10 2.11758E+06
3.01000E-05 8.17758E+10 2.08939E+06
3.02000E-05 8.06909E+10 2.06167E+06
3.03000E-05 7.96239E+10 2.03441E+06
3.04000E-05 7.85745E+10 2.00759E+06
3.05000E-05 7.75422E+10 1.98122E+06
3.06000E-05 7.65267E+10 1.95528E+06
3.07000E-05 7.55278E+10 1.92975E+06
3.08000E-05 7.45451E+10 1.90464E+06
3.09000E-05 7.35783E+10 1.87994E+06
3.10000E-05 7.26271E+10 1.85564E+06
3.11000E-05 7.16911E+10 1.83172E+06
3.12000E-05 7.07701E+10 1.80819E+06
3.13000E-05 6.98639E+10 1.78504E+06
3.14000E-05 6.89720E+10 1.76225E+06
3.15000E-05 6.80943E+10 1.73983E+06
3.16000E-05 6.72305E+10 1.71775E+06
3.17000E-05 6.63803E+10 1.69603E+06
3.18000E-05 6.55435E+10 1.67465E+06
3.19000E-05 6.47197E+10 1.65360E+06
3.20000E-05 6.39089E+10 1.63289E+06
3.21000E-05 6.31106E+10 1.61249E+06
3.22000E-05 6.23248E+10 1.59241E+06
3.23000E-05 6.15511E+10 1.57264E+06
3.24000E-05 6.07893E+10 1.55318E+06
3.25000E-05 6.00393E+10 1.53402E+06
3.26000E-05 5.93007E+10 1.51515E+06
3.27000E-05 5.85734E+10 1.49656E+06
3.28000E-05 5.78573E+10 1.47827E+06
3.29000E-05 5.71520E+10 1.46025E+06
3.30000E-05 5.64574E+10 1.44250E+06
3.31000E-05 5.57732E+10 1.42502E+06
3.32000E-05 5.50994E+10 1.40780E+06
3.33000E-05 5.44357E+10 1.39084E+06
3.34000E-05 5.37820E+10 1.37414E+06
3.35000E-05 5.31379E+10 1.35769E+06
3.36000E-05 5.25035E+10 1.34148E+06
3.37000E-05 5.18785E+10 1.32551E+06
3.38000E-05 5.12627E+10 1.30977E+06
3.39000E-05 5.06560E+10 1.29427E+06
3.40000E-05 5.00583E+10 1.27900E+06
3.41000E-05 4.94693E+10 1.26395E+06
3.42000E-05 4.88889E+10 1.24912E+06
3.43000E-05 4.83169E+10 1.23451E+06
3.44000E-05 4.77533E+10 1.22011E+06
3.45000E-05 4.71979E+10 1.20592E+06
3.46000E-05 4.66505E+10 1.19193E+06
3.47000E-05 4.61109E+10 1.17814E+06
3.48000E-05 4.55791E+10 1.16456E+06
3.49000E-05 4.50550E+10 1.15117E+06
3.50000E-05 4.45383E+10 1.13796E+06
3.51000E-05 4.40290E+10 1.12495E+06
3.52000E-05 4.35270E+10 1.11212E+06
3.53000E-05 4.30320E+10 1.09948E+06
3.54000E-05 4.25440E+10 1.08701E+06
3.55000E-05 4.20630E+10 1.07472E+06
3.56000E-05 4.15886E+10 1.06260E+06
3.57000E-05 4.11210E+10 1.05065E+06
3.58000E-05 4.06598E+10 1.03887E+06
3.59000E-05 4.02051E+10 1.02725E+06
3.60000E-05 3.97567E+10 1.01579E+06
3.61000E-05 3.93145E+10 1.00449E+06
3.62000E-05 3.88785E+10 9.93353E+05
3.63000E-05 3.84484E+10 9.82365E+05
3.64000E-05 3.80242E+10 9.71528E+05
3.65000E-05 3.76059E+10 9.60839E+05
3.66000E-05 3.71933E+10 9.50297E+05
3.67000E-05 3.67863E+10 9.39898E+05
3.68000E-05 3.63848E+10 9.29641E+05
3.69000E-05 3.59888E+10 9.19522E+05
3.70000E-05 3.55982E+10 9.09541E+05
3.71000E-05 3.52128E+10 8.99694E+05
3.72000E-05 3.48326E+10 8.89980E+05
3.73000E-05 3.44575E+10 8.80396E+05
3.74000E-05 3.40874E+10 8.70940E+05
3.75000E-05 3.37222E+10 8.61610E+05
3.76000E-05 3.33619E+10 8.52405E+05
3.77000E-05 3.30064E+10 8.43322E+05
3.78000E-05 3.26556E+10 8.34359E+05
3.79000E-05 3.23095E+10 8.25514E+05
3.80000E-05 3.19679E+10 8.16786E+05
3.81000E-05 3.16308E+10 8.08173E+05
3.82000E-05 3.12981E+10 7.99672E+05
3.83000E-05 3.09697E+10 7.91283E+05
3.84000E-05 3.06456E+10 7.83003E+05
3.85000E-05 3.03258E+10 7.74830E+05
3.86000E-05 3.00101E+10 7.66764E+05
3.87000E-05 2.96984E+10 7.58802E+05
3.88000E-05 2.93908E+10 7.50942E+05
3.89000E-05 2.90872E+10 7.43184E+05
3.90000E-05 2.87874E+10 7.35525E+05
3.91000E-05 2.84915E+10 7.27965E+05
3.92000E-05 2.81994E+10 7.20501E+05
3.93000E-05 2.79110E+10 7.13132E+05
3.94000E-05 2.76262E+10 7.05857E+05
3.95000E-05 2.73451E+10 6.98674E+05
3.96000E-05 2.70675E+10 6.91581E+05
3.97000E-05 2.67934E+10 6.84578E+05
3.98000E-05 2.65228E+10 6.77664E+05
3.99000E-05 2.62556E+10 6.70836E+05
4.00000E-05 2.59917E+10 6.64093E+05
4.01000E-05 2.57311E+10 6.57435E+05
4.02000E-05 2.54737E+10 6.50860E+05
4.03000E-05 2.52196E+10 6.44366E+05
4.04000E-05 2.49686E+10 6.37953E+05
4.05000E-05 2.47207E+10 6.31619E+05
4.06000E-05 2.44759E+10 6.25364E+05
4.07000E-05 2.42340E+10 6.19185E+05
4.08000E-05 2.39952E+10 6.13082E+05
4.09000E-05 2.37592E+10 6.07054E+05
4.10000E-05 2.35262E+10 6.01099E+05
4.11000E-05 2.32960E+10 5.95217E+05
4.12000E-05 2.30686E+10 5.89407E+05
4.13000E-05 2.28439E+10 5.83667E+05
4.14000E-05 2.26220E+10 5.77997E+05
4.15000E-05 2.24027E+10 5.72395E+05
4.16000E-05 2.21861E+10 5.66860E+05
4.17000E-05 2.19721E+10 5.61392E+05
4.18000E-05 2.17606E+10 5.55989E+05
4.19000E-05 2.15517E+10 5.50651E+05
4.20000E-05 2.13453E+10 5.45377E+05
4.21000E-05 2.11413E+10 5.40165E+05
4.22000E-05 2.09398E+10 5.35016E+05
4.23000E-05 2.07406E+10 5.29927E+05
4.24000E-05 2.05438E+10 5.24899E+05
4.25000E-05 2.03493E+10 5.19929E+05
4.26000E-05 2.01571E+10 5.15018E+05
4.27000E-05 1.99672E+10 5.10165E+05
4.28000E-05 1.97794E+10 5.05369E+05
4.29000E-05 1.95939E+10 5.00629E+05
4.30000E-05 1.94105E+10 4.95943E+05
4.31000E-05 1.92293E+10 4.91313E+05
4.32000E-05 1.90502E+10 4.86736E+05
4.33000E-05 1.88731E+10 4.82212E+05
4.34000E-05 1.86981E+10 4.77740E+05
4.35000E-05 1.85251E+10 4.73320E+05
4.36000E-05 1.83541E+10 4.68950E+05
4.37000E-05 1.81850E+10 4.64631E+05
4.38000E-05 1.80179E+10 4.60361E+05
4.39000E-05 1.78527E+10 4.56140E+05
4.40000E-05 1.76894E+10 4.51967E+05
4.41000E-05 1.75279E+10 4.47841E+05
4.42000E-05 1.73682E+10 4.43763E+05
4.43000E-05 1.72104E+10 4.39730E+05
4.44000E-05 1.70544E+10 4.35743E+05
4.45000E-05 1.69001E+10 4.31801E+05
4.46000E-05 1.67475E+10 4.27903E+05
4.47000E-05 1.65967E+10 4.24048E+05
4.48000E-05 1.64475E+10 4.20237E+05
4.49000E-05 1.63000E+10 4.16469E+05
4.50000E-05 1.61541E+10 4.12742E+05
4.51000E-05 1.60099E+10 4.09057E+05
4.52000E-05 1.58673E+10 4.05413E+05
4.53000E-05 1.57262E+10 4.01809E+05
4.54000E-05 1.55867E+10 3.98244E+05
4.55000E-05 1.54488E+10 3.94720E+05
4.56000E-05 1.53123E+10 3.91233E+05
4.57000E-05 1.51774E+10 3.87786E+05
4.58000E-05 1.50439E+10 3.84375E+05
4.59000E-05 1.49119E+10 3.81003E+05
4.60000E-05 1.47813E+10 3.77666E+05
4.61000E-05 1.46522E+10 3.74367E+05
4.62000E-05 1.45244E+10 3.71103E+05
4.63000E-05 1.43981E+10 3.67874E+05
4.64000E-05 1.42731E+10 3.64680E+05
4.65000E-05 1.41494E+10 3.61521E+05
4.66000E-05 1.40271E+10 3.58395E+05
4.67000E-05 1.39061E+10 3.55304E+05
4.68000E-05 1.37864E+10 3.52245E+05
4.69000E-05 1.36679E+10 3.49219E+05
4.70000E-05 1.35508E+10 3.46225E+05
4.71000E-05 1.34349E+10 3.43263E+05
4.72000E-05 1.33202E+10 3.40333E+05
4.73000E-05 1.32067E+10 3.37434E+05
4.74000E-05 1.30944E+10 3.34565E+05
4.75000E-05 1.29833E+10 3.31727E+05
4.76000E-05 1.28734E+10 3.28919E+05
4.77000E-05 1.27647E+10 3.26140E+05
4.78000E-05 1.26570E+10 3.23390E+05
4.79000E-05 1.25505E+10 3.20669E+05
4.80000E-05 1.24452E+10 3.17977E+05
4.81000E-05 1.23409E+10 3.15312E+05
4.82000E-05 1.22377E+10 3.12676E+05
4.83000E-05 1.21356E+10 3.10067E+05
4.84000E-05 1.20345E+10 3.07484E+05
4.85000E-05 1.19345E+10 3.04929E+05
4.86000E-05 1.18355E+10 3.02400E+05
4.87000E-05 1.17375E+10 2.99897E+05
4.88000E-05 1.16406E+10 2.97419E+05
4.89000E-05 1.15446E+10 2.94967E+05
4.90000E-05 1.14496E+10 2.92540E+05
4.91000E-05 1.13556E+10 2.90138E+05
4.92000E-05 1.12626E+10 2.87761E+05
4.93000E-05 1.11705E+10 2.85408E+05
4.94000E-05 1.10793E+10 2.83078E+05
4.95000E-05 1.09890E+10 2.80772E+05
4.96000E-05 1.08997E+10 2.78490E+05
4.97000E-05 1.08113E+10 2.76230E+05
4.98000E-05 1.07237E+10 2.73994E+05
4.99000E-05 1.06371E+10 2.71779E+05
5.00000E-05 1.05513E+10 2.69587E+05
5.01000E-05 1.04663E+10 2.67417E+05
5.02000E-05 1.03823E+10 2.65269E+05
5.03000E-05 1.02990E+10 2.63142E+05
5.04000E-05 1.02166E+10 2.61037E+05
5.05000E-05 1.01350E+10 2.58952E+05
5.06000E-05 1.00542E+10 2.56888E+05
5.07000E-05 9.97424E+09 2.54844E+05
5.08000E-05 9.89504E+09 2.52820E+05
5.09000E-05 9.81662E+09 2.50817E+05
5.10000E-05 9.73898E+09 2.48833E+05
5.11000E-05 9.66210E+09 2.46869E+05
5.12000E-05 9.58597E+09 2.44924E+05
5.13000E-05 9.51059E+09 2.42998E+05
5.14000E-05 9.43594E+09 2.41090E+05
5.15000E-05 9.36202E+09 2.39202E+05
5.16000E-05 9.28882E+09 2.37332E+05
5.17000E-05 9.21633E+09 2.35479E+05
5.18000E-05 9.14455E+09 2.33645E+05
5.19000E-05 9.07345E+09 2.31829E+05
5.20000E-05 9.00305E+09 2.30030E+05
5.21000E-05 8.93332E+09 2.28248E+05
5.22000E-05 8.86426E+09 2.26484E+05
5.23000E-05 8.79587E+09 2.24736E+05
5.24000E-05 8.72813E+09 2.23006E+05
5.25000E-05 8.66104E+09 2.21291E+05
5.26000E-05 8.59459E+09 2.19594E+05
5.27000E-05 8.52877E+09 2.17912E+05
5.28000E-05 8.46358E+09 2.16246E+05
5.29000E-05 8.39901E+09 2.14596E+05
5.30000E-05 8.33504E+09 2.12962E+05
5.31000E-05 8.27169E+09 2.11343E+05
5.32000E-05 8.20893E+09 2.09740E+05
5.33000E-05 8.14676E+09 2.08152E+05
5.34000E-05 8.08518E+09 2.06578E+05
5.35000E-05 8.02417E+09 2.05019E+05
5.36000E-05 7.96374E+09 2.03475E+05
5.37000E-05 7.90387E+09 2.01946E+05
5.38000E-05 7.84456E+09 2.00430E+05
5.39000E-05 7.78581E+09 1.98929E+05
5.40000E-05 7.72760E+09 1.97442E+05
5.41000E-05 7.66993E+09 1.95968E+05
5.42000E-05 7.61279E+09 1.94509E+05
5.43000E-05 7.55618E+09 1.93062E+05
5.44000E-05 7.50010E+09 1.91629E+05
5.45000E-05 7.44453E+09 1.90209E+05
5.46000E-05 7.38947E+09 1.88803E+05
5.47000E-05 7.33492E+09 1.87409E+05
5.48000E-05 7.28087E+09 1.86028E+05
5.49000E-05 7.22732E+09 1.84660E+05
5.50000E-05 7.17425E+09 1.83304E+05
5.51000E-05 7.12167E+09 1.81960E+05
5.52000E-05 7.06956E+09 1.80629E+05
5.53000E-05 7.01793E+09 1.79310E+05
5.54000E-05 6.96676E+09 1.78002E+05
5.55000E-05 6.91606E+09 1.76707E+05
5.56000E-05 6.86582E+09 1.75423E+05
5.57000E-05 6.81603E+09 1.74151E+05
5.58000E-05 6.76669E+09 1.72890E+05
5.59000E-05 6.71779E+09 1.71641E+05
5.60000E-05 6.66933E+09 1.70403E+05
5.61000E-05 6.62131E+09 1.69176E+05
5.62000E-05 6.57371E+09 1.67960E+05
5.63000E-05 6.52654E+09 1.66755E+05
5.64000E-05 6.47979E+09 1.65560E+05
5.65000E-05 6.43346E+09 1.64376E+05
5.66000E-05 6.38753E+09 1.63203E+05
5.67000E-05 6.34202E+09 1.62040E+05
5.68000E-05 6.29690E+09 1.60887E+05
5.69000E-05 6.25219E+09 1.59745E+05
5.70000E-05 6.20786E+09 1.58612E+05
5.71000E-05 6.16393E+09 1.57490E+05
5.72000E-05 6.12039E+09 1.56377E+05
5.73000E-05 6.07722E+09 1.55274E+05
5.74000E-05 6.03444E+09 1.54181E+05
5.75000E-05 5.99202E+09 1.53098E+05
5.76000E-05 5.94998E+09 1.52023E+05
5.77000E-05 5.90831E+09 1.50959E+05
5.78000E-05 5.86699E+09 1.49903E+05
5.79000E-05 5.82604E+09 1.48857E+05
5.80000E-05 5.78544E+09 1.47819E+05
5.81000E-05 5.74519E+09 1.46791E+05
5.82000E-05 5.70529E+09 1.45771E+05
5.83000E-05 5.66573E+09 1.44761E+05
5.84000E-05 5.62651E+09 1.43759E+05
5.85000E-05 5.58763E+09 1.42765E+05
5.86000E-05 5.54909E+09 1.41780E+05
5.87000E-05 5.51087E+09 1.40804E+05
5.88000E-05 5.47298E+09 1.39836E+05
5.89000E-05 5.43542E+09 1.38876E+05
5.90000E-05 5.39817E+09 1.37924E+05
5.91000E-05 5.36124E+09 1.36981E+05
5.92000E-05 5.32462E+09 1.36045E+05
5.93000E-05 5.28832E+09 1.35118E+05
5.94000E-05 5.25232E+09 1.34198E+05
5.95000E-05 5.21663E+09 1.33286E+05
5.96000E-05 5.18123E+09 1.32382E+05
5.97000E-05 5.14614E+09 1.31485E+05
5.98000E-05 5.11134E+09 1.30596E+05
5.99000E-05 5.07683E+09 1.29714E+05
6.00000E-05 5.04261E+09 1.28840E+05
6.01000E-05 5.00868E+09 1.27973E+05
6.02000E-05 4.97503E+09 1.27113E+05
6.03000E-05 4.94166E+09 1.26261E+05
6.04000E-05 4.90857E+09 1.25415E+05
6.05000E-05 4.87575E+09 1.24577E+05
6.06000E-05 4.84321E+09 1.23745E+05
6.07000E-05 4.81094E+09 1.22921E+05
6.08000E-05 4.77893E+09 1.22103E+05
6.09000E-05 4.74719E+09 1.21292E+05
6.10000E-05 4.71571E+09 1.20487E+05
6.11000E-05 4.68448E+09 1.19690E+05
6.12000E-05 4.65352E+09 1.18898E+05
6.13000E-05 4.62281E+09 1.18114E+05
6.14000E-05 4.59235E+09 1.17336E+05
6.15000E-05 4.56214E+09 1.16564E+05
6.16000E-05 4.53217E+09 1.15798E+05
6.17000E-05 4.50245E+09 1.15039E+05
6.18000E-05 4.47297E+09 1.14286E+05
6.19000E-05 4.44374E+09 1.13538E+05
6.20000E-05 4.41473E+09 1.12797E+05
6.21000E-05 4.38597E+09 1.12062E+05
6.22000E-05 4.35743E+09 1.11333E+05
6.23000E-05 4.32913E+09 1.10610E+05
6.24000E-05 4.30105E+09 1.09893E+05
6.25000E-05 4.27321E+09 1.09181E+05
6.26000E-05 4.24558E+09 1.08476E+05
6.27000E-05 4.21818E+09 1.07775E+05
6.28000E-05 4.19099E+09 1.07081E+05
6.29000E-05 4.16402E+09 1.06392E+05
6.30000E-05 4.13727E+09 1.05708E+05
6.31000E-05 4.11073E+09 1.05030E+05
6.32000E-05 4.08441E+09 1.04357E+05
6.33000E-05 4.05829E+09 1.03690E+05
6.34000E-05 4.03238E+09 1.03028E+05
6.35000E-05 4.00667E+09 1.02371E+05
6.36000E-05 3.98117E+09 1.01720E+05
6.37000E-05 3.95587E+09 1.01073E+05
6.38000E-05 3.93077E+09 1.00432E+05
6.39000E-05 3.90586E+09 9.97956E+04
6.40000E-05 3.88115E+09 9.91643E+04
6.41000E-05 3.85664E+09 9.85380E+04
6.42000E-05 3.83232E+09 9.79166E+04
6.43000E-05 3.80819E+09 9.73000E+04
6.44000E-05 3.78424E+09 9.66882E+04
6.45000E-05 3.76049E+09 9.60813E+04
6.46000E-05 3.73691E+09 9.54790E+04
6.47000E-05 3.71353E+09 9.48814E+04
6.48000E-05 3.69032E+09 9.42885E+04
6.49000E-05 3.66729E+09 9.37002E+04
6.50000E-05 3.64445E+09 9.31164E+04
6.51000E-05 3.62177E+09 9.25371E+04
6.52000E-05 3.59928E+09 9.19623E+04
6.53000E-05 3.57695E+09 9.13920E+04
6.54000E-05 3.55480E+09 9.08260E+04
6.55000E-05 3.53282E+09 9.02644E+04
6.56000E-05 3.51101E+09 8.97070E+04
6.57000E-05 3.48936E+09 8.91540E+04
6.58000E-05 3.46788E+09 8.86052E+04
6.59000E-05 3.44657E+09 8.80605E+04
6.60000E-05 3.42541E+09 8.75201E+04
6.61000E-05 3.40442E+09 8.69837E+04
6.62000E-05 3.38359E+09 8.64514E+04
6.63000E-05 3.36291E+09 8.59232E+04
6.64000E-05 3.34239E+09 8.53989E+04
6.65000E-05 3.32203E+09 8.48787E+04
6.66000E-05 3.30182E+09 8.43623E+04
6.67000E-05 3.28177E+09 8.38499E+04
6.68000E-05 3.26186E+09 8.33413E+04
6.69000E-05 3.24211E+09 8.28366E+04
6.70000E-05 3.22250E+09 8.23356E+04
6.71000E-05 3.20304E+09 8.18384E+04
6.72000E-05 3.18373E+09 8.13449E+04
6.73000E-05 3.16456E+09 8.08551E+04
6.74000E-05 3.14553E+09 8.03690E+04
6.75000E-05 3.12665E+09 7.98865E+04
6.76000E-05 3.10790E+09 7.94076E+04
6.77000E-05 3.08930E+09 7.89322E+04
6.78000E-05 3.07083E+09 7.84604E+04
6.79000E-05 3.05250E+09 7.79921E+04
6.80000E-05 3.03431E+09 7.75272E+04
6.81000E-05 3.01625E+09 7.70658E+04
6.82000E-05 2.99832E+09 7.66078E+04
6.83000E-05 2.98053E+09 7.61532E+04
6.84000E-05 2.96287E+09 7.57019E+04
6.85000E-05 2.94533E+09 7.52539E+04
6.86000E-05 2.92793E+09 7.48092E+04
6.87000E-05 2.91065E+09 7.43678E+04
6.88000E-05 2.89350E+09 7.39296E+04
6.89000E-05 2.87648E+09 7.34946E+04
6.90000E-05 2.85958E+09 7.30628E+04
6.91000E-05 2.84280E+09 7.26341E+04
6.92000E-05 2.82614E+09 7.22086E+04
6.93000E-05 2.80961E+09 7.17861E+04
6.94000E-05 2.79319E+09 7.13667E+04
6.95000E-05 2.77690E+09 7.09504E+04
6.96000E-05 2.76072E+09 7.05370E+04
6.97000E-05 2.74466E+09 7.01267E+04
6.98000E-05 2.72871E+09 6.97193E+04
6.99000E-05 2.71288E+09 6.93148E+04
7.00000E-05 2.69717E+09 6.89133E+04
7.01000E-05 2.68157E+09 6.85146E+04
7.02000E-05 2.66607E+09 6.81188E+04
7.03000E-05 2.65069E+09 6.77258E+04
7.04000E-05 2.63542E+09 6.73357E+04
7.05000E-05 2.62026E+09 6.69483E+04
7.06000E-05 2.60521E+09 6.65637E+04
7.07000E-05 2.59026E+09 6.61818E+04
7.08000E-05 2.57542E+09 6.58027E+04
7.09000E-05 2.56069E+09 6.54262E+04
7.10000E-05 2.54606E+09 6.50524E+04
7.11000E-05 2.53154E+09 6.46813E+04
7.12000E-05 2.51711E+09 6.43128E+04
7.13000E-05 2.50279E+09 6.39469E+04
7.14000E-05 2.48857E+09 6.35835E+04
7.15000E-05 2.47445E+09 6.32228E+04
7.16000E-05 2.46043E+09 6.28646E+04
7.17000E-05 2.44651E+09 6.25088E+04
7.18000E-05 2.43268E+09 6.21556E+04
7.19000E-05 2.41896E+09 6.18049E+04
7.20000E-05 2.40533E+09 6.14566E+04
7.21000E-05 2.39179E+09 6.11107E+04
7.22000E-05 2.37835E+09 6.07673E+04
7.23000E-05 2.36500E+09 6.04263E+04
7.24000E-05 2.35174E+09 6.00876E+04
7.25000E-05 2.33858E+09 5.97513E+04
7.26000E-05 2.32551E+09 5.94173E+04
7.27000E-05 2.31253E+09 5.90856E+04
7.28000E-05 2.29964E+09 5.87562E+04
7.29000E-05 2.28683E+09 5.84291E+04
7.30000E-05 2.27412E+09 5.81043E+04
7.31000E-05 2.26150E+09 5.77817E+04
7.32000E-05 2.24896E+09 5.74613E+04
7.33000E-05 2.23650E+09 5.71431E+04
7.34000E-05 2.22414E+09 5.68272E+04
7.35000E-05 2.21185E+09 5.65133E+04
7.36000E-05 2.19965E+09 5.62017E+04
7.37000E-05 2.18754E+09 5.58921E+04
7.38000E-05 2.17551E+09 5.55847E+04
7.39000E-05 2.16356E+09 5.52793E+04
7.40000E-05 2.15169E+09 5.49761E+04
7.41000E-05 2.13990E+09 5.46749E+04
7.42000E-05 2.12819E+09 5.43757E+04
7.43000E-05 2.11656E+09 5.40786E+04
7.44000E-05 2.10501E+09 5.37835E+04
7.45000E-05 2.09354E+09 5.34904E+04
7.46000E-05 2.08214E+09 5.31993E+04
7.47000E-05 2.07083E+09 5.29101E+04
7.48000E-05 2.05959E+09 5.26229E+04
7.49000E-05 2.04842E+09 5.23376E+04
7.50000E-05 2.03733E+09 5.20542E+04
7.51000E-05 2.02631E+09 5.17728E+04
7.52000E-05 2.01537E+09 5.14932E+04
7.53000E-05 2.00450E+09 5.12155E+04
7.54000E-05 1.99371E+09 5.09396E+04
7.55000E-05 1.98298E+09 5.06656E+04
7.56000E-05 1.97233E+09 5.03935E+04
7.57000E-05 1.96175E+09 5.01231E+04
7.58000E-05 1.95124E+09 4.98545E+04
7.59000E-05 1.94079E+09 4.95877E+04
7.60000E-05 1.93042E+09 4.93227E+04
7.61000E-05 1.92012E+09 4.90594E+04
7.62000E-05 1.90988E+09 4.87979E+04
7.63000E-05 1.89971E+09 4.85381E+04
7.64000E-05 1.88961E+09 4.82801E+04
7.65000E-05 1.87958E+09 4.80237E+04
7.66000E-05 1.86961E+09 4.77690E+04
7.67000E-05 1.85971E+09 4.75160E+04
7.68000E-05 1.84987E+09 4.72646E+04
7.69000E-05 1.84010E+09 4.70149E+04
7.70000E-05 1.83039E+09 4.67669E+04
7.71000E-05 1.82074E+09 4.65204E+04
7.72000E-05 1.81116E+09 4.62756E+04
7.73000E-05 1.80164E+09 4.60323E+04
7.74000E-05 1.79218E+09 4.57907E+04
7.75000E-05 1.78279E+09 4.55506E+04
7.76000E-05 1.77345E+09 4.53121E+04
7.77000E-05 1.76418E+09 4.50751E+04
7.78000E-05 1.75496E+09 4.48397E+04
7.79000E-05 1.74581E+09 4.46057E+04
7.80000E-05 1.73671E+09 4.43733E+04
7.81000E-05 1.72767E+09 4.41424E+04
7.82000E-05 1.71869E+09 4.39130E+04
7.83000E-05 1.70977E+09 4.36851E+04
7.84000E-05 1.70091E+09 4.34586E+04
7.85000E-05 1.69210E+09 4.32336E+04
7.86000E-05 1.68335E+09 4.30100E+04
7.87000E-05 1.67466E+09 4.27879E+04
7.88000E-05 1.66602E+09 4.25672E+04
7.89000E-05 1.65744E+09 4.23479E+04
7.90000E-05 1.64891E+09 4.21300E+04
7.91000E-05 1.64043E+09 4.19135E+04
7.92000E-05 1.63201E+09 4.16983E+04
7.93000E-05 1.62365E+09 4.14846E+04
7.94000E-05 1.61533E+09 4.12721E+04
7.95000E-05 1.60707E+09 4.10611E+04
7.96000E-05 1.59886E+09 4.08514E+04
7.97000E-05 1.59071E+09 4.06430E+04
7.98000E-05 1.58260E+09 4.04359E+04
7.99000E-05 1.57455E+09 4.02301E+04
8.00000E-05 1.56655E+09 4.00256E+04
8.01000E-05 1.55859E+09 3.98224E+04
8.02000E-05 1.55069E+09 3.96205E+04
8.03000E-05 1.54284E+09 3.94199E+04
8.04000E-05 1.53504E+09 3.92205E+04
8.05000E-05 1.52728E+09 3.90224E+04
8.06000E-05 1.51958E+09 3.88255E+04
8.07000E-05 1.51192E+09 3.86298E+04
8.08000E-05 1.50431E+09 3.84354E+04
8.09000E-05 1.49675E+09 3.82422E+04
8.10000E-05 1.48923E+09 3.80502E+04
8.11000E-05 1.48176E+09 3.78593E+04
8.12000E-05 1.47434E+09 3.76697E+04
8.13000E-05 1.46696E+09 3.74812E+04
8.14000E-05 1.45963E+09 3.72939E+04
8.15000E-05 1.45235E+09 3.71078E+04
8.16000E-05 1.44511E+09 3.69228E+04
8.17000E-05 1.43791E+09 3.67390E+04
8.18000E-05 1.43076E+09 3.65562E+04
8.19000E-05 1.42365E+09 3.63747E+04
8.20000E-05 1.41659E+09 3.61942E+04
8.21000E-05 1.40957E+09 3.60148E+04
8.22000E-05 1.40259E+09 3.58366E+04
8.23000E-05 1.39566E+09 3.56594E+04
8.24000E-05 1.38877E+09 3.54834E+04
8.25000E-05 1.38192E+09 3.53084E+04
8.26000E-05 1.37511E+09 3.51344E+04
8.27000E-05 1.36835E+09 3.49616E+04
8.28000E-05 1.36162E+09 3.47897E+04
8.29000E-05 1.35494E+09 3.46190E+04
8.30000E-05 1.34829E+09 3.44492E+04
8.31000E-05 1.34169E+09 3.42805E+04
8.32000E-05 1.33513E+09 3.41129E+04
8.33000E-05 1.32861E+09 3.39462E+04
8.34000E-05 1.32212E+09 3.37805E+04
8.35000E-05 1.31568E+09 3.36159E+04
8.36000E-05 1.30927E+09 3.34522E+04
8.37000E-05 1.30291E+09 3.32896E+04
8.38000E-05 1.29658E+09 3.31279E+04
8.39000E-05 1.29029E+09 3.29672E+04
8.40000E-05 1.28404E+09 3.28074E+04
8.41000E-05 1.27782E+09 3.26486E+04
8.42000E-05 1.27164E+09 3.24908E+04
8.43000E-05 1.26550E+09 3.23339E+04
8.44000E-05 1.25940E+09 3.21779E+04
8.45000E-05 1.25333E+09 3.20229E+04
8.46000E-05 1.24730E+09 3.18688E+04
8.47000E-05 1.24131E+09 3.17156E+04
8.48000E-05 1.23535E+09 3.15634E+04
8.49000E-05 1.22942E+09 3.14120E+04
8.50000E-05 1.22353E+09 3.12615E+04
8.51000E-05 1.21768E+09 3.11120E+04
8.52000E-05 1.21186E+09 3.09633E+04
8.53000E-05 1.20607E+09 3.08155E+04
8.54000E-05 1.20032E+09 3.06685E+04
8.55000E-05 1.19461E+09 3.05225E+04
8.56000E-05 1.18892E+09 3.03773E+04
8.57000E-05 1.18327E+09 3.02329E+04
8.58000E-05 1.17766E+09 3.00894E+04
8.59000E-05 1.17207E+09 2.99468E+04
8.60000E-05 1.16652E+09 2.98050E+04
8.61000E-05 1.16101E+09 2.96640E+04
8.62000E-05 1.15552E+09 2.95238E+04
8.63000E-05 1.15007E+09 2.93845E+04
8.64000E-05 1.14465E+09 2.92460E+04
8.65000E-05 1.13926E+09 2.91082E+04
8.66000E-05 1.13390E+09 2.89713E+04
8.67000E-05 1.12857E+09 2.88352E+04
8.68000E-05 1.12327E+09 2.86999E+04
8.69000E-05 1.11801E+09 2.85654E+04
8.70000E-05 1.11277E+09 2.84316E+04
8.71000E-05 1.10757E+09 2.82986E+04
8.72000E-05 1.10239E+09 2.81664E+04
8.73000E-05 1.09725E+09 2.80350E+04
8.74000E-05 1.09213E+09 2.79043E+04
8.75000E-05 1.08705E+09 2.77744E+04
8.76000E-05 1.08199E+09 2.76452E+04
8.77000E-05 1.07697E+09 2.75167E+04
8.78000E-05 1.07197E+09 2.73890E+04
8.79000E-05 1.06700E+09 2.72621E+04
8.80000E-05 1.06206E+09 2.71358E+04
8.81000E-05 1.05715E+09 2.70103E+04
8.82000E-05 1.05226E+09 2.68855E+04
8.83000E-05 1.04741E+09 2.67615E+04
8.84000E-05 1.04258E+09 2.66381E+04
8.85000E-05 1.03778E+09 2.65154E+04
8.86000E-05 1.03300E+09 2.63935E+04
8.87000E-05 1.02826E+09 2.62722E+04
8.88000E-05 1.02354E+09 2.61516E+04
8.89000E-05 1.01884E+09 2.60317E+04
8.90000E-05 1.01418E+09 2.59125E+04
8.91000E-05 1.00954E+09 2.57940E+04
8.92000E-05 1.00493E+09 2.56761E+04
8.93000E-05 1.00034E+09 2.55589E+04
8.94000E-05 9.95778E+08 2.54424E+04
8.95000E-05 9.91243E+08 2.53265E+04
8.96000E-05 9.86733E+08 2.52112E+04
8.97000E-05 9.82249E+08 2.50967E+04
8.98000E-05 9.77789E+08 2.49827E+04
8.99000E-05 9.73355E+08 2.48694E+04
9.00000E-05 9.68946E+08 2.47568E+04
9.01000E-05 9.64561E+08 2.46448E+04
9.02000E-05 9.60202E+08 2.45334E+04
9.03000E-05 9.55866E+08 2.44226E+04
9.04000E-05 9.51555E+08 2.43124E+04
9.05000E-05 9.47267E+08 2.42029E+04
9.06000E-05 9.43004E+08 2.40940E+04
9.07000E-05 9.38765E+08 2.39856E+04
9.08000E-05 9.34549E+08 2.38779E+04
9.09000E-05 9.30356E+08 2.37708E+04
9.10000E-05 9.26187E+08 2.36643E+04
9.11000E-05 9.22041E+08 2.35583E+04
9.12000E-05 9.17918E+08 2.34530E+04
9.13000E-05 9.13817E+08 2.33482E+04
9.14000E-05 9.09740E+08 2.32440E+04
9.15000E-05 9.05684E+08 2.31404E+04
9.16000E-05 9.01652E+08 2.30374E+04
9.17000E-05 8.97641E+08 2.29349E+04
9.18000E-05 8.93653E+08 2.28330E+04
9.19000E-05 8.89686E+08 2.27317E+04
9.20000E-05 8.85742E+08 2.26309E+04
9.21000E-05 8.81818E+08 2.25307E+04
9.22000E-05 8.77917E+08 2.24310E+04
9.23000E-05 8.74037E+08 2.23318E+04
9.24000E-05 8.70178E+08 2.22332E+04
9.25000E-05 8.66340E+08 2.21352E+04
9.26000E-05 8.62523E+08 2.20377E+04
9.27000E-05 8.58727E+08 2.19407E+04
9.28000E-05 8.54951E+08 2.18442E+04
9.29000E-05 8.51197E+08 2.17483E+04
9.30000E-05 8.47462E+08 2.16528E+04
9.31000E-05 8.43748E+08 2.15579E+04
9.32000E-05 8.40054E+08 2.14636E+04
9.33000E-05 8.36380E+08 2.13697E+04
9.34000E-05 8.32726E+08 2.12763E+04
9.35000E-05 8.29091E+08 2.11835E+04
9.36000E-05 8.25477E+08 2.10911E+04
9.37000E-05 8.21881E+08 2.09993E+04
9.38000E-05 8.18306E+08 2.09079E+04
9.39000E-05 8.14749E+08 2.08170E+04
9.40000E-05 8.11211E+08 2.07266E+04
9.41000E-05 8.07693E+08 2.06367E+04
9.42000E-05 8.04193E+08 2.05473E+04
9.43000E-05 8.00713E+08 2.04584E+04
9.44000E-05 7.97250E+08 2.03699E+04
9.45000E-05 7.93807E+08 2.02819E+04
9.46000E-05 7.90382E+08 2.01944E+04
9.47000E-05 7.86975E+08 2.01074E+04
9.48000E-05 7.83586E+08 2.00208E+04
9.49000E-05 7.80215E+08 1.99347E+04
9.50000E-05 7.76862E+08 1.98490E+04
9.51000E-05 7.73527E+08 1.97638E+04
9.52000E-05 7.70210E+08 1.96790E+04
9.53000E-05 7.66911E+08 1.95947E+04
9.54000E-05 7.63629E+08 1.95109E+04
9.55000E-05 7.60364E+08 1.94275E+04
9.56000E-05 7.57116E+08 1.93445E+04
9.57000E-05 7.53886E+08 1.92620E+04
9.58000E-05 7.50673E+08 1.91799E+04
9.59000E-05 7.47476E+08 1.90982E+04
9.60000E-05 7.44297E+08 1.90170E+04
9.61000E-05 7.41134E+08 1.89361E+04
9.62000E-05 7.37988E+08 1.88558E+04
9.63000E-05 7.34859E+08 1.87758E+04
9.64000E-05 7.31745E+08 1.86963E+04
9.65000E-05 7.28649E+08 1.86171E+04
9.66000E-05 7.25568E+08 1.85384E+04
9.67000E-05 7.22503E+08 1.84601E+04
9.68000E-05 7.19455E+08 1.83822E+04
9.69000E-05 7.16422E+08 1.83048E+04
9.70000E-05 7.13406E+08 1.82277E+04
9.71000E-05 7.10405E+08 1.81510E+04
9.72000E-05 7.07419E+08 1.80747E+04
9.73000E-05 7.04449E+08 1.79988E+04
9.74000E-05 7.01495E+08 1.79233E+04
9.75000E-05 6.98556E+08 1.78483E+04
9.76000E-05 6.95632E+08 1.77735E+04
9.77000E-05 6.92723E+08 1.76992E+04
9.78000E-05 6.89829E+08 1.76253E+04
9.79000E-05 6.86950E+08 1.75517E+04
9.80000E-05 6.84086E+08 1.74786E+04
9.81000E-05 6.81237E+08 1.74058E+04
9.82000E-05 6.78403E+08 1.73333E+04
9.83000E-05 6.75583E+08 1.72613E+04
9.84000E-05 6.72778E+08 1.71896E+04
9.85000E-05 6.69987E+08 1.71183E+04
9.86000E-05 6.67210E+08 1.70474E+04
9.87000E-05 6.64448E+08 1.69768E+04
9.88000E-05 6.61699E+08 1.69066E+04
9.89000E-05 6.58965E+08 1.68367E+04
9.90000E-05 6.56245E+08 1.67672E+04
9.91000E-05 6.53539E+08 1.66981E+04
9.92000E-05 6.50846E+08 1.66293E+04
9.93000E-05 6.48167E+08 1.65608E+04
9.94000E-05 6.45502E+08 1.64927E+04
9.95000E-05 6.42851E+08 1.64250E+04
9.96000E-05 6.40213E+08 1.63576E+04
9.97000E-05 6.37588E+08 1.62905E+04
9.98000E-05 6.34976E+08 1.62238E+04
9.99000E-05 6.32378E+08 1.61574E+04
1.00000E-04 6.29793E+08 1.60914E+04
