#  FeatureSize(cm)    Fluence(mum2)   Dose(Gy)
1.00000E-07 1.93544E+21 4.94510E+16
2.00000E-07 1.20965E+20 3.09069E+15
3.00000E-07 2.38943E+19 6.10506E+14
4.00000E-07 7.56032E+18 1.93168E+14
5.00000E-07 3.09671E+18 7.91215E+13
6.00000E-07 1.49340E+18 3.81566E+13
7.00000E-07 8.06098E+17 2.05960E+13
8.00000E-07 4.72520E+17 1.20730E+13
9.00000E-07 2.94992E+17 7.53711E+12
1.00000E-06 1.93544E+17 4.94510E+12
1.10000E-06 1.32193E+17 3.37757E+12
1.20000E-06 9.33373E+16 2.38479E+12
1.30000E-06 6.77652E+16 1.73142E+12
1.40000E-06 5.03811E+16 1.28725E+12
1.50000E-06 3.82309E+16 9.76809E+11
1.60000E-06 2.95325E+16 7.54562E+11
1.70000E-06 2.31731E+16 5.92078E+11
1.80000E-06 1.84370E+16 4.71069E+11
1.90000E-06 1.48513E+16 3.79455E+11
2.00000E-06 1.20965E+16 3.09069E+11
2.10000E-06 9.95183E+15 2.54271E+11
2.20000E-06 8.26208E+15 2.11098E+11
2.30000E-06 6.91622E+15 1.76711E+11
2.40000E-06 5.83358E+15 1.49049E+11
2.50000E-06 4.95473E+15 1.26594E+11
2.60000E-06 4.23532E+15 1.08213E+11
2.70000E-06 3.64187E+15 9.30507E+10
2.80000E-06 3.14882E+15 8.04531E+10
2.90000E-06 2.73645E+15 6.99170E+10
3.00000E-06 2.38943E+15 6.10506E+10
3.10000E-06 2.09572E+15 5.35461E+10
3.20000E-06 1.84578E+15 4.71601E+10
3.30000E-06 1.63202E+15 4.16984E+10
3.40000E-06 1.44832E+15 3.70049E+10
3.50000E-06 1.28976E+15 3.29536E+10
3.60000E-06 1.15231E+15 2.94418E+10
3.70000E-06 1.03270E+15 2.63857E+10
3.80000E-06 9.28209E+14 2.37159E+10
3.90000E-06 8.36607E+14 2.13755E+10
4.00000E-06 7.56032E+14 1.93168E+10
4.10000E-06 6.84927E+14 1.75001E+10
4.20000E-06 6.21989E+14 1.58920E+10
4.30000E-06 5.66117E+14 1.44644E+10
4.40000E-06 5.16380E+14 1.31936E+10
4.50000E-06 4.71987E+14 1.20594E+10
4.60000E-06 4.32264E+14 1.10444E+10
4.70000E-06 3.96633E+14 1.01341E+10
4.80000E-06 3.64599E+14 9.31558E+09
4.90000E-06 3.35734E+14 8.57809E+09
5.00000E-06 3.09671E+14 7.91215E+09
5.10000E-06 2.86088E+14 7.30961E+09
5.20000E-06 2.64708E+14 6.76334E+09
5.30000E-06 2.45288E+14 6.26717E+09
5.40000E-06 2.27617E+14 5.81567E+09
5.50000E-06 2.11509E+14 5.40411E+09
5.60000E-06 1.96801E+14 5.02832E+09
5.70000E-06 1.83350E+14 4.68463E+09
5.80000E-06 1.71028E+14 4.36981E+09
5.90000E-06 1.59725E+14 4.08100E+09
6.00000E-06 1.49340E+14 3.81566E+09
6.10000E-06 1.39785E+14 3.57154E+09
6.20000E-06 1.30982E+14 3.34663E+09
6.30000E-06 1.22862E+14 3.13915E+09
6.40000E-06 1.15361E+14 2.94751E+09
6.50000E-06 1.08424E+14 2.77027E+09
6.60000E-06 1.02001E+14 2.60615E+09
6.70000E-06 9.60463E+13 2.45401E+09
6.80000E-06 9.05200E+13 2.31281E+09
6.90000E-06 8.53854E+13 2.18162E+09
7.00000E-06 8.06098E+13 2.05960E+09
7.10000E-06 7.61635E+13 1.94599E+09
7.20000E-06 7.20195E+13 1.84011E+09
7.30000E-06 6.81536E+13 1.74134E+09
7.40000E-06 6.45436E+13 1.64910E+09
7.50000E-06 6.11695E+13 1.56289E+09
7.60000E-06 5.80130E+13 1.48225E+09
7.70000E-06 5.50576E+13 1.40673E+09
7.80000E-06 5.22879E+13 1.33597E+09
7.90000E-06 4.96903E+13 1.26960E+09
8.00000E-06 4.72520E+13 1.20730E+09
8.10000E-06 4.49614E+13 1.14877E+09
8.20000E-06 4.28080E+13 1.09375E+09
8.30000E-06 4.07819E+13 1.04199E+09
8.40000E-06 3.88743E+13 9.93248E+08
8.50000E-06 3.70770E+13 9.47325E+08
8.60000E-06 3.53823E+13 9.04026E+08
8.70000E-06 3.37834E+13 8.63173E+08
8.80000E-06 3.22737E+13 8.24601E+08
8.90000E-06 3.08475E+13 7.88161E+08
9.00000E-06 2.94992E+13 7.53711E+08
9.10000E-06 2.82237E+13 7.21123E+08
9.20000E-06 2.70165E+13 6.90277E+08
9.30000E-06 2.58731E+13 6.61063E+08
9.40000E-06 2.47895E+13 6.33379E+08
9.50000E-06 2.37621E+13 6.07128E+08
9.60000E-06 2.27874E+13 5.82224E+08
9.70000E-06 2.18622E+13 5.58583E+08
9.80000E-06 2.09834E+13 5.36130E+08
9.90000E-06 2.01483E+13 5.14795E+08
1.00000E-05 1.93544E+13 4.94510E+08
1.01000E-05 1.85992E+13 4.75214E+08
1.02000E-05 1.78805E+13 4.56850E+08
1.03000E-05 1.71961E+13 4.39365E+08
1.04000E-05 1.65442E+13 4.22709E+08
1.05000E-05 1.59229E+13 4.06834E+08
1.06000E-05 1.53305E+13 3.91698E+08
1.07000E-05 1.47654E+13 3.77259E+08
1.08000E-05 1.42261E+13 3.63479E+08
1.09000E-05 1.37112E+13 3.50323E+08
1.10000E-05 1.32193E+13 3.37757E+08
1.11000E-05 1.27494E+13 3.25749E+08
1.12000E-05 1.23001E+13 3.14270E+08
1.13000E-05 1.18704E+13 3.03292E+08
1.14000E-05 1.14594E+13 2.92789E+08
1.15000E-05 1.10659E+13 2.82737E+08
1.16000E-05 1.06893E+13 2.73113E+08
1.17000E-05 1.03285E+13 2.63895E+08
1.18000E-05 9.98279E+12 2.55063E+08
1.19000E-05 9.65144E+12 2.46596E+08
1.20000E-05 9.33373E+12 2.38479E+08
1.21000E-05 9.02898E+12 2.30692E+08
1.22000E-05 8.73656E+12 2.23221E+08
1.23000E-05 8.45589E+12 2.16050E+08
1.24000E-05 8.18641E+12 2.09165E+08
1.25000E-05 7.92757E+12 2.02551E+08
1.26000E-05 7.67888E+12 1.96197E+08
1.27000E-05 7.43987E+12 1.90090E+08
1.28000E-05 7.21008E+12 1.84219E+08
1.29000E-05 6.98910E+12 1.78573E+08
1.30000E-05 6.77652E+12 1.73142E+08
1.31000E-05 6.57196E+12 1.67915E+08
1.32000E-05 6.37506E+12 1.62884E+08
1.33000E-05 6.18548E+12 1.58040E+08
1.34000E-05 6.00290E+12 1.53375E+08
1.35000E-05 5.82700E+12 1.48881E+08
1.36000E-05 5.65750E+12 1.44550E+08
1.37000E-05 5.49412E+12 1.40376E+08
1.38000E-05 5.33659E+12 1.36351E+08
1.39000E-05 5.18467E+12 1.32469E+08
1.40000E-05 5.03811E+12 1.28725E+08
1.41000E-05 4.89670E+12 1.25112E+08
1.42000E-05 4.76022E+12 1.21625E+08
1.43000E-05 4.62845E+12 1.18258E+08
1.44000E-05 4.50122E+12 1.15007E+08
1.45000E-05 4.37833E+12 1.11867E+08
1.46000E-05 4.25960E+12 1.08834E+08
1.47000E-05 4.14487E+12 1.05902E+08
1.48000E-05 4.03397E+12 1.03069E+08
1.49000E-05 3.92677E+12 1.00330E+08
1.50000E-05 3.82309E+12 9.76809E+07
1.51000E-05 3.72282E+12 9.51189E+07
1.52000E-05 3.62582E+12 9.26404E+07
1.53000E-05 3.53195E+12 9.02421E+07
1.54000E-05 3.44110E+12 8.79208E+07
1.55000E-05 3.35315E+12 8.56738E+07
1.56000E-05 3.26800E+12 8.34981E+07
1.57000E-05 3.18553E+12 8.13910E+07
1.58000E-05 3.10564E+12 7.93499E+07
1.59000E-05 3.02825E+12 7.73724E+07
1.60000E-05 2.95325E+12 7.54562E+07
1.61000E-05 2.88056E+12 7.35989E+07
1.62000E-05 2.81009E+12 7.17984E+07
1.63000E-05 2.74176E+12 7.00526E+07
1.64000E-05 2.67550E+12 6.83596E+07
1.65000E-05 2.61122E+12 6.67174E+07
1.66000E-05 2.54887E+12 6.51242E+07
1.67000E-05 2.48837E+12 6.35783E+07
1.68000E-05 2.42965E+12 6.20780E+07
1.69000E-05 2.37265E+12 6.06217E+07
1.70000E-05 2.31731E+12 5.92078E+07
1.71000E-05 2.26358E+12 5.78349E+07
1.72000E-05 2.21139E+12 5.65016E+07
1.73000E-05 2.16071E+12 5.52065E+07
1.74000E-05 2.11146E+12 5.39483E+07
1.75000E-05 2.06361E+12 5.27257E+07
1.76000E-05 2.01711E+12 5.15376E+07
1.77000E-05 1.97191E+12 5.03827E+07
1.78000E-05 1.92797E+12 4.92600E+07
1.79000E-05 1.88525E+12 4.81684E+07
1.80000E-05 1.84370E+12 4.71069E+07
1.81000E-05 1.80329E+12 4.60745E+07
1.82000E-05 1.76398E+12 4.50702E+07
1.83000E-05 1.72574E+12 4.40931E+07
1.84000E-05 1.68853E+12 4.31423E+07
1.85000E-05 1.65232E+12 4.22170E+07
1.86000E-05 1.61707E+12 4.13164E+07
1.87000E-05 1.58275E+12 4.04397E+07
1.88000E-05 1.54935E+12 3.95862E+07
1.89000E-05 1.51682E+12 3.87550E+07
1.90000E-05 1.48513E+12 3.79455E+07
1.91000E-05 1.45428E+12 3.71571E+07
1.92000E-05 1.42421E+12 3.63890E+07
1.93000E-05 1.39492E+12 3.56406E+07
1.94000E-05 1.36639E+12 3.49114E+07
1.95000E-05 1.33857E+12 3.42008E+07
1.96000E-05 1.31146E+12 3.35082E+07
1.97000E-05 1.28504E+12 3.28329E+07
1.98000E-05 1.25927E+12 3.21747E+07
1.99000E-05 1.23415E+12 3.15328E+07
2.00000E-05 1.20965E+12 3.09069E+07
2.01000E-05 1.18576E+12 3.02964E+07
2.02000E-05 1.16245E+12 2.97009E+07
2.03000E-05 1.13971E+12 2.91199E+07
2.04000E-05 1.11753E+12 2.85532E+07
2.05000E-05 1.09588E+12 2.80001E+07
2.06000E-05 1.07476E+12 2.74603E+07
2.07000E-05 1.05414E+12 2.69335E+07
2.08000E-05 1.03401E+12 2.64193E+07
2.09000E-05 1.01437E+12 2.59173E+07
2.10000E-05 9.95183E+11 2.54271E+07
2.11000E-05 9.76450E+11 2.49485E+07
2.12000E-05 9.58157E+11 2.44811E+07
2.13000E-05 9.40290E+11 2.40246E+07
2.14000E-05 9.22837E+11 2.35787E+07
2.15000E-05 9.05787E+11 2.31431E+07
2.16000E-05 8.89130E+11 2.27175E+07
2.17000E-05 8.72853E+11 2.23016E+07
2.18000E-05 8.56947E+11 2.18952E+07
2.19000E-05 8.41402E+11 2.14980E+07
2.20000E-05 8.26208E+11 2.11098E+07
2.21000E-05 8.11355E+11 2.07303E+07
2.22000E-05 7.96834E+11 2.03593E+07
2.23000E-05 7.82637E+11 1.99966E+07
2.24000E-05 7.68755E+11 1.96419E+07
2.25000E-05 7.55179E+11 1.92950E+07
2.26000E-05 7.41902E+11 1.89558E+07
2.27000E-05 7.28915E+11 1.86239E+07
2.28000E-05 7.16210E+11 1.82993E+07
2.29000E-05 7.03782E+11 1.79818E+07
2.30000E-05 6.91622E+11 1.76711E+07
2.31000E-05 6.79723E+11 1.73671E+07
2.32000E-05 6.68079E+11 1.70696E+07
2.33000E-05 6.56684E+11 1.67784E+07
2.34000E-05 6.45530E+11 1.64934E+07
2.35000E-05 6.34612E+11 1.62145E+07
2.36000E-05 6.23924E+11 1.59414E+07
2.37000E-05 6.13461E+11 1.56741E+07
2.38000E-05 6.03215E+11 1.54123E+07
2.39000E-05 5.93183E+11 1.51559E+07
2.40000E-05 5.83358E+11 1.49049E+07
2.41000E-05 5.73736E+11 1.46591E+07
2.42000E-05 5.64311E+11 1.44183E+07
2.43000E-05 5.55079E+11 1.41824E+07
2.44000E-05 5.46035E+11 1.39513E+07
2.45000E-05 5.37175E+11 1.37249E+07
2.46000E-05 5.28493E+11 1.35031E+07
2.47000E-05 5.19987E+11 1.32858E+07
2.48000E-05 5.11650E+11 1.30728E+07
2.49000E-05 5.03480E+11 1.28640E+07
2.50000E-05 4.95473E+11 1.26594E+07
2.51000E-05 4.87624E+11 1.24589E+07
2.52000E-05 4.79930E+11 1.22623E+07
2.53000E-05 4.72387E+11 1.20696E+07
2.54000E-05 4.64992E+11 1.18806E+07
2.55000E-05 4.57740E+11 1.16954E+07
2.56000E-05 4.50630E+11 1.15137E+07
2.57000E-05 4.43657E+11 1.13355E+07
2.58000E-05 4.36819E+11 1.11608E+07
2.59000E-05 4.30111E+11 1.09894E+07
2.60000E-05 4.23532E+11 1.08213E+07
2.61000E-05 4.17079E+11 1.06565E+07
2.62000E-05 4.10747E+11 1.04947E+07
2.63000E-05 4.04536E+11 1.03360E+07
2.64000E-05 3.98441E+11 1.01803E+07
2.65000E-05 3.92461E+11 1.00275E+07
2.66000E-05 3.86593E+11 9.87753E+06
2.67000E-05 3.80833E+11 9.73038E+06
2.68000E-05 3.75181E+11 9.58596E+06
2.69000E-05 3.69633E+11 9.44421E+06
2.70000E-05 3.64187E+11 9.30507E+06
2.71000E-05 3.58842E+11 9.16849E+06
2.72000E-05 3.53594E+11 9.03440E+06
2.73000E-05 3.48441E+11 8.90275E+06
2.74000E-05 3.43382E+11 8.77349E+06
2.75000E-05 3.38415E+11 8.64657E+06
2.76000E-05 3.33537E+11 8.52194E+06
2.77000E-05 3.28746E+11 8.39954E+06
2.78000E-05 3.24042E+11 8.27934E+06
2.79000E-05 3.19421E+11 8.16127E+06
2.80000E-05 3.14882E+11 8.04531E+06
2.81000E-05 3.10424E+11 7.93139E+06
2.82000E-05 3.06044E+11 7.81949E+06
2.83000E-05 3.01741E+11 7.70955E+06
2.84000E-05 2.97513E+11 7.60154E+06
2.85000E-05 2.93360E+11 7.49541E+06
2.86000E-05 2.89278E+11 7.39113E+06
2.87000E-05 2.85268E+11 7.28865E+06
2.88000E-05 2.81326E+11 7.18795E+06
2.89000E-05 2.77453E+11 7.08897E+06
2.90000E-05 2.73645E+11 6.99170E+06
2.91000E-05 2.69903E+11 6.89609E+06
2.92000E-05 2.66225E+11 6.80211E+06
2.93000E-05 2.62609E+11 6.70972E+06
2.94000E-05 2.59054E+11 6.61889E+06
2.95000E-05 2.55559E+11 6.52960E+06
2.96000E-05 2.52123E+11 6.44181E+06
2.97000E-05 2.48745E+11 6.35549E+06
2.98000E-05 2.45423E+11 6.27061E+06
2.99000E-05 2.42156E+11 6.18714E+06
3.00000E-05 2.38943E+11 6.10506E+06
3.01000E-05 2.35784E+11 6.02433E+06
3.02000E-05 2.32676E+11 5.94493E+06
3.03000E-05 2.29620E+11 5.86684E+06
3.04000E-05 2.26613E+11 5.79002E+06
3.05000E-05 2.23656E+11 5.71446E+06
3.06000E-05 2.20747E+11 5.64013E+06
3.07000E-05 2.17885E+11 5.56700E+06
3.08000E-05 2.15069E+11 5.49505E+06
3.09000E-05 2.12298E+11 5.42426E+06
3.10000E-05 2.09572E+11 5.35461E+06
3.11000E-05 2.06890E+11 5.28607E+06
3.12000E-05 2.04250E+11 5.21863E+06
3.13000E-05 2.01652E+11 5.15226E+06
3.14000E-05 1.99095E+11 5.08693E+06
3.15000E-05 1.96579E+11 5.02265E+06
3.16000E-05 1.94103E+11 4.95937E+06
3.17000E-05 1.91665E+11 4.89709E+06
3.18000E-05 1.89266E+11 4.83578E+06
3.19000E-05 1.86903E+11 4.77542E+06
3.20000E-05 1.84578E+11 4.71601E+06
3.21000E-05 1.82289E+11 4.65752E+06
3.22000E-05 1.80035E+11 4.59993E+06
3.23000E-05 1.77816E+11 4.54323E+06
3.24000E-05 1.75631E+11 4.48740E+06
3.25000E-05 1.73479E+11 4.43242E+06
3.26000E-05 1.71360E+11 4.37829E+06
3.27000E-05 1.69274E+11 4.32498E+06
3.28000E-05 1.67219E+11 4.27247E+06
3.29000E-05 1.65195E+11 4.22076E+06
3.30000E-05 1.63202E+11 4.16984E+06
3.31000E-05 1.61238E+11 4.11967E+06
3.32000E-05 1.59304E+11 4.07026E+06
3.33000E-05 1.57399E+11 4.02159E+06
3.34000E-05 1.55523E+11 3.97364E+06
3.35000E-05 1.53674E+11 3.92641E+06
3.36000E-05 1.51853E+11 3.87987E+06
3.37000E-05 1.50058E+11 3.83403E+06
3.38000E-05 1.48290E+11 3.78885E+06
3.39000E-05 1.46548E+11 3.74435E+06
3.40000E-05 1.44832E+11 3.70049E+06
3.41000E-05 1.43140E+11 3.65727E+06
3.42000E-05 1.41474E+11 3.61468E+06
3.43000E-05 1.39831E+11 3.57271E+06
3.44000E-05 1.38212E+11 3.53135E+06
3.45000E-05 1.36617E+11 3.49059E+06
3.46000E-05 1.35044E+11 3.45041E+06
3.47000E-05 1.33494E+11 3.41080E+06
3.48000E-05 1.31966E+11 3.37177E+06
3.49000E-05 1.30460E+11 3.33329E+06
3.50000E-05 1.28976E+11 3.29536E+06
3.51000E-05 1.27512E+11 3.25796E+06
3.52000E-05 1.26069E+11 3.22110E+06
3.53000E-05 1.24647E+11 3.18475E+06
3.54000E-05 1.23244E+11 3.14892E+06
3.55000E-05 1.21862E+11 3.11359E+06
3.56000E-05 1.20498E+11 3.07875E+06
3.57000E-05 1.19154E+11 3.04440E+06
3.58000E-05 1.17828E+11 3.01053E+06
3.59000E-05 1.16520E+11 2.97712E+06
3.60000E-05 1.15231E+11 2.94418E+06
3.61000E-05 1.13960E+11 2.91170E+06
3.62000E-05 1.12706E+11 2.87966E+06
3.63000E-05 1.11469E+11 2.84805E+06
3.64000E-05 1.10249E+11 2.81689E+06
3.65000E-05 1.09046E+11 2.78614E+06
3.66000E-05 1.07859E+11 2.75582E+06
3.67000E-05 1.06688E+11 2.72590E+06
3.68000E-05 1.05533E+11 2.69639E+06
3.69000E-05 1.04394E+11 2.66728E+06
3.70000E-05 1.03270E+11 2.63857E+06
3.71000E-05 1.02161E+11 2.61023E+06
3.72000E-05 1.01067E+11 2.58228E+06
3.73000E-05 9.99873E+10 2.55470E+06
3.74000E-05 9.89222E+10 2.52748E+06
3.75000E-05 9.78712E+10 2.50063E+06
3.76000E-05 9.68342E+10 2.47413E+06
3.77000E-05 9.58108E+10 2.44799E+06
3.78000E-05 9.48010E+10 2.42219E+06
3.79000E-05 9.38044E+10 2.39672E+06
3.80000E-05 9.28209E+10 2.37159E+06
3.81000E-05 9.18502E+10 2.34679E+06
3.82000E-05 9.08922E+10 2.32232E+06
3.83000E-05 8.99466E+10 2.29816E+06
3.84000E-05 8.90133E+10 2.27431E+06
3.85000E-05 8.80921E+10 2.25077E+06
3.86000E-05 8.71828E+10 2.22754E+06
3.87000E-05 8.62852E+10 2.20461E+06
3.88000E-05 8.53991E+10 2.18197E+06
3.89000E-05 8.45243E+10 2.15962E+06
3.90000E-05 8.36607E+10 2.13755E+06
3.91000E-05 8.28081E+10 2.11577E+06
3.92000E-05 8.19664E+10 2.09426E+06
3.93000E-05 8.11353E+10 2.07303E+06
3.94000E-05 8.03147E+10 2.05206E+06
3.95000E-05 7.95045E+10 2.03136E+06
3.96000E-05 7.87044E+10 2.01092E+06
3.97000E-05 7.79144E+10 1.99073E+06
3.98000E-05 7.71343E+10 1.97080E+06
3.99000E-05 7.63640E+10 1.95112E+06
4.00000E-05 7.56032E+10 1.93168E+06
4.01000E-05 7.48518E+10 1.91248E+06
4.02000E-05 7.41098E+10 1.89352E+06
4.03000E-05 7.33770E+10 1.87480E+06
4.04000E-05 7.26532E+10 1.85630E+06
4.05000E-05 7.19383E+10 1.83804E+06
4.06000E-05 7.12321E+10 1.82000E+06
4.07000E-05 7.05346E+10 1.80218E+06
4.08000E-05 6.98457E+10 1.78457E+06
4.09000E-05 6.91651E+10 1.76718E+06
4.10000E-05 6.84927E+10 1.75001E+06
4.11000E-05 6.78286E+10 1.73304E+06
4.12000E-05 6.71724E+10 1.71627E+06
4.13000E-05 6.65242E+10 1.69971E+06
4.14000E-05 6.58838E+10 1.68335E+06
4.15000E-05 6.52511E+10 1.66718E+06
4.16000E-05 6.46259E+10 1.65121E+06
4.17000E-05 6.40082E+10 1.63542E+06
4.18000E-05 6.33979E+10 1.61983E+06
4.19000E-05 6.27948E+10 1.60442E+06
4.20000E-05 6.21989E+10 1.58920E+06
4.21000E-05 6.16101E+10 1.57415E+06
4.22000E-05 6.10282E+10 1.55928E+06
4.23000E-05 6.04531E+10 1.54459E+06
4.24000E-05 5.98848E+10 1.53007E+06
4.25000E-05 5.93232E+10 1.51572E+06
4.26000E-05 5.87681E+10 1.50154E+06
4.27000E-05 5.82195E+10 1.48752E+06
4.28000E-05 5.76773E+10 1.47367E+06
4.29000E-05 5.71414E+10 1.45998E+06
4.30000E-05 5.66117E+10 1.44644E+06
4.31000E-05 5.60881E+10 1.43306E+06
4.32000E-05 5.55706E+10 1.41984E+06
4.33000E-05 5.50590E+10 1.40677E+06
4.34000E-05 5.45533E+10 1.39385E+06
4.35000E-05 5.40534E+10 1.38108E+06
4.36000E-05 5.35592E+10 1.36845E+06
4.37000E-05 5.30706E+10 1.35597E+06
4.38000E-05 5.25876E+10 1.34363E+06
4.39000E-05 5.21101E+10 1.33142E+06
4.40000E-05 5.16380E+10 1.31936E+06
4.41000E-05 5.11712E+10 1.30744E+06
4.42000E-05 5.07097E+10 1.29564E+06
4.43000E-05 5.02534E+10 1.28398E+06
4.44000E-05 4.98022E+10 1.27246E+06
4.45000E-05 4.93560E+10 1.26106E+06
4.46000E-05 4.89148E+10 1.24979E+06
4.47000E-05 4.84786E+10 1.23864E+06
4.48000E-05 4.80472E+10 1.22762E+06
4.49000E-05 4.76206E+10 1.21672E+06
4.50000E-05 4.71987E+10 1.20594E+06
4.51000E-05 4.67815E+10 1.19528E+06
4.52000E-05 4.63688E+10 1.18473E+06
4.53000E-05 4.59608E+10 1.17431E+06
4.54000E-05 4.55572E+10 1.16400E+06
4.55000E-05 4.51580E+10 1.15380E+06
4.56000E-05 4.47632E+10 1.14371E+06
4.57000E-05 4.43726E+10 1.13373E+06
4.58000E-05 4.39864E+10 1.12386E+06
4.59000E-05 4.36043E+10 1.11410E+06
4.60000E-05 4.32264E+10 1.10444E+06
4.61000E-05 4.28525E+10 1.09489E+06
4.62000E-05 4.24827E+10 1.08544E+06
4.63000E-05 4.21169E+10 1.07610E+06
4.64000E-05 4.17550E+10 1.06685E+06
4.65000E-05 4.13969E+10 1.05770E+06
4.66000E-05 4.10427E+10 1.04865E+06
4.67000E-05 4.06923E+10 1.03970E+06
4.68000E-05 4.03456E+10 1.03084E+06
4.69000E-05 4.00026E+10 1.02208E+06
4.70000E-05 3.96633E+10 1.01341E+06
4.71000E-05 3.93275E+10 1.00483E+06
4.72000E-05 3.89953E+10 9.96338E+05
4.73000E-05 3.86666E+10 9.87939E+05
4.74000E-05 3.83413E+10 9.79628E+05
4.75000E-05 3.80194E+10 9.71405E+05
4.76000E-05 3.77009E+10 9.63268E+05
4.77000E-05 3.73858E+10 9.55215E+05
4.78000E-05 3.70739E+10 9.47247E+05
4.79000E-05 3.67653E+10 9.39361E+05
4.80000E-05 3.64599E+10 9.31558E+05
4.81000E-05 3.61576E+10 9.23835E+05
4.82000E-05 3.58585E+10 9.16192E+05
4.83000E-05 3.55624E+10 9.08628E+05
4.84000E-05 3.52694E+10 9.01142E+05
4.85000E-05 3.49795E+10 8.93733E+05
4.86000E-05 3.46924E+10 8.86400E+05
4.87000E-05 3.44084E+10 8.79142E+05
4.88000E-05 3.41272E+10 8.71958E+05
4.89000E-05 3.38489E+10 8.64847E+05
4.90000E-05 3.35734E+10 8.57809E+05
4.91000E-05 3.33008E+10 8.50842E+05
4.92000E-05 3.30308E+10 8.43945E+05
4.93000E-05 3.27637E+10 8.37119E+05
4.94000E-05 3.24992E+10 8.30361E+05
4.95000E-05 3.22373E+10 8.23671E+05
4.96000E-05 3.19781E+10 8.17049E+05
4.97000E-05 3.17216E+10 8.10493E+05
4.98000E-05 3.14675E+10 8.04002E+05
4.99000E-05 3.12160E+10 7.97577E+05
5.00000E-05 3.09671E+10 7.91215E+05
5.01000E-05 3.07206E+10 7.84917E+05
5.02000E-05 3.04765E+10 7.78682E+05
5.03000E-05 3.02349E+10 7.72508E+05
5.04000E-05 2.99956E+10 7.66395E+05
5.05000E-05 2.97587E+10 7.60342E+05
5.06000E-05 2.95242E+10 7.54350E+05
5.07000E-05 2.92919E+10 7.48416E+05
5.08000E-05 2.90620E+10 7.42540E+05
5.09000E-05 2.88343E+10 7.36722E+05
5.10000E-05 2.86088E+10 7.30961E+05
5.11000E-05 2.83855E+10 7.25256E+05
5.12000E-05 2.81644E+10 7.19606E+05
5.13000E-05 2.79454E+10 7.14012E+05
5.14000E-05 2.77286E+10 7.08471E+05
5.15000E-05 2.75138E+10 7.02985E+05
5.16000E-05 2.73012E+10 6.97551E+05
5.17000E-05 2.70906E+10 6.92170E+05
5.18000E-05 2.68820E+10 6.86840E+05
5.19000E-05 2.66754E+10 6.81562E+05
5.20000E-05 2.64708E+10 6.76334E+05
5.21000E-05 2.62681E+10 6.71157E+05
5.22000E-05 2.60674E+10 6.66028E+05
5.23000E-05 2.58686E+10 6.60949E+05
5.24000E-05 2.56717E+10 6.55918E+05
5.25000E-05 2.54767E+10 6.50935E+05
5.26000E-05 2.52835E+10 6.45999E+05
5.27000E-05 2.50921E+10 6.41110E+05
5.28000E-05 2.49026E+10 6.36266E+05
5.29000E-05 2.47148E+10 6.31469E+05
5.30000E-05 2.45288E+10 6.26717E+05
5.31000E-05 2.43446E+10 6.22009E+05
5.32000E-05 2.41620E+10 6.17345E+05
5.33000E-05 2.39812E+10 6.12725E+05
5.34000E-05 2.38021E+10 6.08149E+05
5.35000E-05 2.36246E+10 6.03614E+05
5.36000E-05 2.34488E+10 5.99122E+05
5.37000E-05 2.32746E+10 5.94672E+05
5.38000E-05 2.31021E+10 5.90263E+05
5.39000E-05 2.29311E+10 5.85895E+05
5.40000E-05 2.27617E+10 5.81567E+05
5.41000E-05 2.25939E+10 5.77279E+05
5.42000E-05 2.24276E+10 5.73030E+05
5.43000E-05 2.22628E+10 5.68821E+05
5.44000E-05 2.20996E+10 5.64650E+05
5.45000E-05 2.19378E+10 5.60517E+05
5.46000E-05 2.17776E+10 5.56422E+05
5.47000E-05 2.16188E+10 5.52364E+05
5.48000E-05 2.14614E+10 5.48343E+05
5.49000E-05 2.13054E+10 5.44359E+05
5.50000E-05 2.11509E+10 5.40411E+05
5.51000E-05 2.09978E+10 5.36498E+05
5.52000E-05 2.08460E+10 5.32621E+05
5.53000E-05 2.06957E+10 5.28779E+05
5.54000E-05 2.05466E+10 5.24971E+05
5.55000E-05 2.03990E+10 5.21198E+05
5.56000E-05 2.02526E+10 5.17459E+05
5.57000E-05 2.01076E+10 5.13753E+05
5.58000E-05 1.99638E+10 5.10080E+05
5.59000E-05 1.98213E+10 5.06439E+05
5.60000E-05 1.96801E+10 5.02832E+05
5.61000E-05 1.95402E+10 4.99256E+05
5.62000E-05 1.94015E+10 4.95712E+05
5.63000E-05 1.92640E+10 4.92199E+05
5.64000E-05 1.91277E+10 4.88718E+05
5.65000E-05 1.89927E+10 4.85267E+05
5.66000E-05 1.88588E+10 4.81847E+05
5.67000E-05 1.87261E+10 4.78457E+05
5.68000E-05 1.85946E+10 4.75096E+05
5.69000E-05 1.84642E+10 4.71765E+05
5.70000E-05 1.83350E+10 4.68463E+05
5.71000E-05 1.82069E+10 4.65190E+05
5.72000E-05 1.80799E+10 4.61945E+05
5.73000E-05 1.79540E+10 4.58729E+05
5.74000E-05 1.78292E+10 4.55541E+05
5.75000E-05 1.77055E+10 4.52380E+05
5.76000E-05 1.75829E+10 4.49247E+05
5.77000E-05 1.74613E+10 4.46140E+05
5.78000E-05 1.73408E+10 4.43061E+05
5.79000E-05 1.72213E+10 4.40008E+05
5.80000E-05 1.71028E+10 4.36981E+05
5.81000E-05 1.69854E+10 4.33981E+05
5.82000E-05 1.68690E+10 4.31005E+05
5.83000E-05 1.67535E+10 4.28056E+05
5.84000E-05 1.66391E+10 4.25132E+05
5.85000E-05 1.65256E+10 4.22232E+05
5.86000E-05 1.64131E+10 4.19357E+05
5.87000E-05 1.63015E+10 4.16507E+05
5.88000E-05 1.61909E+10 4.13681E+05
5.89000E-05 1.60812E+10 4.10879E+05
5.90000E-05 1.59725E+10 4.08100E+05
5.91000E-05 1.58646E+10 4.05345E+05
5.92000E-05 1.57577E+10 4.02613E+05
5.93000E-05 1.56517E+10 3.99904E+05
5.94000E-05 1.55466E+10 3.97218E+05
5.95000E-05 1.54423E+10 3.94554E+05
5.96000E-05 1.53389E+10 3.91913E+05
5.97000E-05 1.52364E+10 3.89294E+05
5.98000E-05 1.51348E+10 3.86696E+05
5.99000E-05 1.50339E+10 3.84120E+05
6.00000E-05 1.49340E+10 3.81566E+05
6.01000E-05 1.48348E+10 3.79033E+05
6.02000E-05 1.47365E+10 3.76521E+05
6.03000E-05 1.46390E+10 3.74029E+05
6.04000E-05 1.45423E+10 3.71558E+05
6.05000E-05 1.44464E+10 3.69108E+05
6.06000E-05 1.43512E+10 3.66677E+05
6.07000E-05 1.42569E+10 3.64267E+05
6.08000E-05 1.41633E+10 3.61877E+05
6.09000E-05 1.40705E+10 3.59506E+05
6.10000E-05 1.39785E+10 3.57154E+05
6.11000E-05 1.38872E+10 3.54821E+05
6.12000E-05 1.37967E+10 3.52508E+05
6.13000E-05 1.37069E+10 3.50213E+05
6.14000E-05 1.36178E+10 3.47938E+05
6.15000E-05 1.35294E+10 3.45680E+05
6.16000E-05 1.34418E+10 3.43441E+05
6.17000E-05 1.33549E+10 3.41220E+05
6.18000E-05 1.32686E+10 3.39017E+05
6.19000E-05 1.31831E+10 3.36831E+05
6.20000E-05 1.30982E+10 3.34663E+05
6.21000E-05 1.30141E+10 3.32513E+05
6.22000E-05 1.29306E+10 3.30380E+05
6.23000E-05 1.28478E+10 3.28263E+05
6.24000E-05 1.27656E+10 3.26164E+05
6.25000E-05 1.26841E+10 3.24082E+05
6.26000E-05 1.26033E+10 3.22016E+05
6.27000E-05 1.25230E+10 3.19967E+05
6.28000E-05 1.24435E+10 3.17933E+05
6.29000E-05 1.23645E+10 3.15916E+05
6.30000E-05 1.22862E+10 3.13915E+05
6.31000E-05 1.22085E+10 3.11930E+05
6.32000E-05 1.21314E+10 3.09961E+05
6.33000E-05 1.20549E+10 3.08007E+05
6.34000E-05 1.19791E+10 3.06068E+05
6.35000E-05 1.19038E+10 3.04144E+05
6.36000E-05 1.18291E+10 3.02236E+05
6.37000E-05 1.17550E+10 3.00343E+05
6.38000E-05 1.16815E+10 2.98464E+05
6.39000E-05 1.16085E+10 2.96600E+05
6.40000E-05 1.15361E+10 2.94751E+05
6.41000E-05 1.14643E+10 2.92916E+05
6.42000E-05 1.13930E+10 2.91095E+05
6.43000E-05 1.13223E+10 2.89288E+05
6.44000E-05 1.12522E+10 2.87496E+05
6.45000E-05 1.11826E+10 2.85717E+05
6.46000E-05 1.11135E+10 2.83952E+05
6.47000E-05 1.10449E+10 2.82200E+05
6.48000E-05 1.09769E+10 2.80462E+05
6.49000E-05 1.09094E+10 2.78738E+05
6.50000E-05 1.08424E+10 2.77027E+05
6.51000E-05 1.07760E+10 2.75328E+05
6.52000E-05 1.07100E+10 2.73643E+05
6.53000E-05 1.06445E+10 2.71971E+05
6.54000E-05 1.05796E+10 2.70311E+05
6.55000E-05 1.05151E+10 2.68664E+05
6.56000E-05 1.04512E+10 2.67030E+05
6.57000E-05 1.03877E+10 2.65408E+05
6.58000E-05 1.03247E+10 2.63798E+05
6.59000E-05 1.02622E+10 2.62200E+05
6.60000E-05 1.02001E+10 2.60615E+05
6.61000E-05 1.01385E+10 2.59041E+05
6.62000E-05 1.00774E+10 2.57480E+05
6.63000E-05 1.00167E+10 2.55930E+05
6.64000E-05 9.95652E+09 2.54391E+05
6.65000E-05 9.89677E+09 2.52865E+05
6.66000E-05 9.83746E+09 2.51349E+05
6.67000E-05 9.77860E+09 2.49845E+05
6.68000E-05 9.72018E+09 2.48353E+05
6.69000E-05 9.66219E+09 2.46871E+05
6.70000E-05 9.60463E+09 2.45401E+05
6.71000E-05 9.54751E+09 2.43941E+05
6.72000E-05 9.49080E+09 2.42492E+05
6.73000E-05 9.43452E+09 2.41054E+05
6.74000E-05 9.37865E+09 2.39627E+05
6.75000E-05 9.32320E+09 2.38210E+05
6.76000E-05 9.26815E+09 2.36803E+05
6.77000E-05 9.21352E+09 2.35407E+05
6.78000E-05 9.15928E+09 2.34022E+05
6.79000E-05 9.10544E+09 2.32646E+05
6.80000E-05 9.05200E+09 2.31281E+05
6.81000E-05 8.99894E+09 2.29925E+05
6.82000E-05 8.94628E+09 2.28579E+05
6.83000E-05 8.89400E+09 2.27244E+05
6.84000E-05 8.84210E+09 2.25918E+05
6.85000E-05 8.79058E+09 2.24601E+05
6.86000E-05 8.73944E+09 2.23295E+05
6.87000E-05 8.68867E+09 2.21997E+05
6.88000E-05 8.63826E+09 2.20709E+05
6.89000E-05 8.58822E+09 2.19431E+05
6.90000E-05 8.53854E+09 2.18162E+05
6.91000E-05 8.48922E+09 2.16902E+05
6.92000E-05 8.44026E+09 2.15650E+05
6.93000E-05 8.39164E+09 2.14408E+05
6.94000E-05 8.34338E+09 2.13175E+05
6.95000E-05 8.29547E+09 2.11951E+05
6.96000E-05 8.24789E+09 2.10736E+05
6.97000E-05 8.20066E+09 2.09529E+05
6.98000E-05 8.15377E+09 2.08331E+05
6.99000E-05 8.10721E+09 2.07141E+05
7.00000E-05 8.06098E+09 2.05960E+05
7.01000E-05 8.01508E+09 2.04787E+05
7.02000E-05 7.96951E+09 2.03623E+05
7.03000E-05 7.92426E+09 2.02467E+05
7.04000E-05 7.87933E+09 2.01319E+05
7.05000E-05 7.83472E+09 2.00179E+05
7.06000E-05 7.79043E+09 1.99047E+05
7.07000E-05 7.74644E+09 1.97923E+05
7.08000E-05 7.70277E+09 1.96808E+05
7.09000E-05 7.65941E+09 1.95700E+05
7.10000E-05 7.61635E+09 1.94599E+05
7.11000E-05 7.57359E+09 1.93507E+05
7.12000E-05 7.53113E+09 1.92422E+05
7.13000E-05 7.48897E+09 1.91345E+05
7.14000E-05 7.44710E+09 1.90275E+05
7.15000E-05 7.40553E+09 1.89213E+05
7.16000E-05 7.36424E+09 1.88158E+05
7.17000E-05 7.32324E+09 1.87110E+05
7.18000E-05 7.28253E+09 1.86070E+05
7.19000E-05 7.24210E+09 1.85037E+05
7.20000E-05 7.20195E+09 1.84011E+05
7.21000E-05 7.16208E+09 1.82993E+05
7.22000E-05 7.12248E+09 1.81981E+05
7.23000E-05 7.08316E+09 1.80976E+05
7.24000E-05 7.04410E+09 1.79978E+05
7.25000E-05 7.00532E+09 1.78988E+05
7.26000E-05 6.96680E+09 1.78003E+05
7.27000E-05 6.92855E+09 1.77026E+05
7.28000E-05 6.89056E+09 1.76055E+05
7.29000E-05 6.85283E+09 1.75091E+05
7.30000E-05 6.81536E+09 1.74134E+05
7.31000E-05 6.77814E+09 1.73183E+05
7.32000E-05 6.74118E+09 1.72239E+05
7.33000E-05 6.70446E+09 1.71301E+05
7.34000E-05 6.66800E+09 1.70369E+05
7.35000E-05 6.63179E+09 1.69444E+05
7.36000E-05 6.59582E+09 1.68525E+05
7.37000E-05 6.56009E+09 1.67612E+05
7.38000E-05 6.52461E+09 1.66705E+05
7.39000E-05 6.48937E+09 1.65805E+05
7.40000E-05 6.45436E+09 1.64910E+05
7.41000E-05 6.41959E+09 1.64022E+05
7.42000E-05 6.38505E+09 1.63139E+05
7.43000E-05 6.35075E+09 1.62263E+05
7.44000E-05 6.31667E+09 1.61392E+05
7.45000E-05 6.28282E+09 1.60528E+05
7.46000E-05 6.24920E+09 1.59669E+05
7.47000E-05 6.21581E+09 1.58815E+05
7.48000E-05 6.18264E+09 1.57968E+05
7.49000E-05 6.14968E+09 1.57126E+05
7.50000E-05 6.11695E+09 1.56289E+05
7.51000E-05 6.08444E+09 1.55459E+05
7.52000E-05 6.05214E+09 1.54633E+05
7.53000E-05 6.02005E+09 1.53814E+05
7.54000E-05 5.98818E+09 1.52999E+05
7.55000E-05 5.95651E+09 1.52190E+05
7.56000E-05 5.92506E+09 1.51387E+05
7.57000E-05 5.89382E+09 1.50588E+05
7.58000E-05 5.86277E+09 1.49795E+05
7.59000E-05 5.83194E+09 1.49007E+05
7.60000E-05 5.80130E+09 1.48225E+05
7.61000E-05 5.77087E+09 1.47447E+05
7.62000E-05 5.74064E+09 1.46675E+05
7.63000E-05 5.71060E+09 1.45907E+05
7.64000E-05 5.68076E+09 1.45145E+05
7.65000E-05 5.65112E+09 1.44387E+05
7.66000E-05 5.62166E+09 1.43635E+05
7.67000E-05 5.59240E+09 1.42887E+05
7.68000E-05 5.56333E+09 1.42144E+05
7.69000E-05 5.53445E+09 1.41407E+05
7.70000E-05 5.50576E+09 1.40673E+05
7.71000E-05 5.47725E+09 1.39945E+05
7.72000E-05 5.44892E+09 1.39221E+05
7.73000E-05 5.42078E+09 1.38502E+05
7.74000E-05 5.39282E+09 1.37788E+05
7.75000E-05 5.36504E+09 1.37078E+05
7.76000E-05 5.33744E+09 1.36373E+05
7.77000E-05 5.31002E+09 1.35672E+05
7.78000E-05 5.28277E+09 1.34976E+05
7.79000E-05 5.25570E+09 1.34284E+05
7.80000E-05 5.22879E+09 1.33597E+05
7.81000E-05 5.20207E+09 1.32914E+05
7.82000E-05 5.17551E+09 1.32235E+05
7.83000E-05 5.14912E+09 1.31561E+05
7.84000E-05 5.12290E+09 1.30891E+05
7.85000E-05 5.09684E+09 1.30226E+05
7.86000E-05 5.07096E+09 1.29564E+05
7.87000E-05 5.04523E+09 1.28907E+05
7.88000E-05 5.01967E+09 1.28254E+05
7.89000E-05 4.99427E+09 1.27605E+05
7.90000E-05 4.96903E+09 1.26960E+05
7.91000E-05 4.94395E+09 1.26319E+05
7.92000E-05 4.91903E+09 1.25682E+05
7.93000E-05 4.89426E+09 1.25050E+05
7.94000E-05 4.86965E+09 1.24421E+05
7.95000E-05 4.84520E+09 1.23796E+05
7.96000E-05 4.82090E+09 1.23175E+05
7.97000E-05 4.79675E+09 1.22558E+05
7.98000E-05 4.77275E+09 1.21945E+05
7.99000E-05 4.74890E+09 1.21335E+05
8.00000E-05 4.72520E+09 1.20730E+05
8.01000E-05 4.70165E+09 1.20128E+05
8.02000E-05 4.67824E+09 1.19530E+05
8.03000E-05 4.65498E+09 1.18936E+05
8.04000E-05 4.63186E+09 1.18345E+05
8.05000E-05 4.60889E+09 1.17758E+05
8.06000E-05 4.58606E+09 1.17175E+05
8.07000E-05 4.56337E+09 1.16595E+05
8.08000E-05 4.54082E+09 1.16019E+05
8.09000E-05 4.51841E+09 1.15446E+05
8.10000E-05 4.49614E+09 1.14877E+05
8.11000E-05 4.47401E+09 1.14312E+05
8.12000E-05 4.45201E+09 1.13750E+05
8.13000E-05 4.43014E+09 1.13191E+05
8.14000E-05 4.40841E+09 1.12636E+05
8.15000E-05 4.38682E+09 1.12084E+05
8.16000E-05 4.36535E+09 1.11536E+05
8.17000E-05 4.34402E+09 1.10991E+05
8.18000E-05 4.32282E+09 1.10449E+05
8.19000E-05 4.30174E+09 1.09910E+05
8.20000E-05 4.28080E+09 1.09375E+05
8.21000E-05 4.25998E+09 1.08843E+05
8.22000E-05 4.23929E+09 1.08315E+05
8.23000E-05 4.21872E+09 1.07789E+05
8.24000E-05 4.19828E+09 1.07267E+05
8.25000E-05 4.17796E+09 1.06748E+05
8.26000E-05 4.15776E+09 1.06232E+05
8.27000E-05 4.13769E+09 1.05719E+05
8.28000E-05 4.11774E+09 1.05209E+05
8.29000E-05 4.09791E+09 1.04702E+05
8.30000E-05 4.07819E+09 1.04199E+05
8.31000E-05 4.05860E+09 1.03698E+05
8.32000E-05 4.03912E+09 1.03200E+05
8.33000E-05 4.01976E+09 1.02706E+05
8.34000E-05 4.00051E+09 1.02214E+05
8.35000E-05 3.98138E+09 1.01725E+05
8.36000E-05 3.96237E+09 1.01239E+05
8.37000E-05 3.94347E+09 1.00756E+05
8.38000E-05 3.92468E+09 1.00276E+05
8.39000E-05 3.90600E+09 9.97992E+04
8.40000E-05 3.88743E+09 9.93248E+04
8.41000E-05 3.86898E+09 9.88532E+04
8.42000E-05 3.85063E+09 9.83844E+04
8.43000E-05 3.83239E+09 9.79184E+04
8.44000E-05 3.81426E+09 9.74552E+04
8.45000E-05 3.79624E+09 9.69947E+04
8.46000E-05 3.77832E+09 9.65369E+04
8.47000E-05 3.76051E+09 9.60818E+04
8.48000E-05 3.74280E+09 9.56294E+04
8.49000E-05 3.72520E+09 9.51796E+04
8.50000E-05 3.70770E+09 9.47325E+04
8.51000E-05 3.69030E+09 9.42880E+04
8.52000E-05 3.67301E+09 9.38461E+04
8.53000E-05 3.65581E+09 9.34068E+04
8.54000E-05 3.63872E+09 9.29701E+04
8.55000E-05 3.62173E+09 9.25359E+04
8.56000E-05 3.60483E+09 9.21043E+04
8.57000E-05 3.58804E+09 9.16751E+04
8.58000E-05 3.57134E+09 9.12485E+04
8.59000E-05 3.55474E+09 9.08243E+04
8.60000E-05 3.53823E+09 9.04026E+04
8.61000E-05 3.52182E+09 8.99833E+04
8.62000E-05 3.50551E+09 8.95665E+04
8.63000E-05 3.48929E+09 8.91521E+04
8.64000E-05 3.47316E+09 8.87401E+04
8.65000E-05 3.45713E+09 8.83304E+04
8.66000E-05 3.44119E+09 8.79231E+04
8.67000E-05 3.42534E+09 8.75182E+04
8.68000E-05 3.40958E+09 8.71156E+04
8.69000E-05 3.39391E+09 8.67153E+04
8.70000E-05 3.37834E+09 8.63173E+04
8.71000E-05 3.36285E+09 8.59216E+04
8.72000E-05 3.34745E+09 8.55281E+04
8.73000E-05 3.33214E+09 8.51369E+04
8.74000E-05 3.31691E+09 8.47479E+04
8.75000E-05 3.30178E+09 8.43612E+04
8.76000E-05 3.28673E+09 8.39766E+04
8.77000E-05 3.27176E+09 8.35942E+04
8.78000E-05 3.25688E+09 8.32141E+04
8.79000E-05 3.24209E+09 8.28360E+04
8.80000E-05 3.22737E+09 8.24601E+04
8.81000E-05 3.21275E+09 8.20864E+04
8.82000E-05 3.19820E+09 8.17147E+04
8.83000E-05 3.18374E+09 8.13452E+04
8.84000E-05 3.16936E+09 8.09777E+04
8.85000E-05 3.15506E+09 8.06124E+04
8.86000E-05 3.14084E+09 8.02490E+04
8.87000E-05 3.12670E+09 7.98878E+04
8.88000E-05 3.11263E+09 7.95285E+04
8.89000E-05 3.09865E+09 7.91713E+04
8.90000E-05 3.08475E+09 7.88161E+04
8.91000E-05 3.07092E+09 7.84628E+04
8.92000E-05 3.05718E+09 7.81116E+04
8.93000E-05 3.04351E+09 7.77623E+04
8.94000E-05 3.02991E+09 7.74149E+04
8.95000E-05 3.01639E+09 7.70695E+04
8.96000E-05 3.00295E+09 7.67260E+04
8.97000E-05 2.98958E+09 7.63845E+04
8.98000E-05 2.97629E+09 7.60448E+04
8.99000E-05 2.96307E+09 7.57070E+04
9.00000E-05 2.94992E+09 7.53711E+04
9.01000E-05 2.93684E+09 7.50370E+04
9.02000E-05 2.92384E+09 7.47048E+04
9.03000E-05 2.91091E+09 7.43744E+04
9.04000E-05 2.89805E+09 7.40459E+04
9.05000E-05 2.88527E+09 7.37192E+04
9.06000E-05 2.87255E+09 7.33942E+04
9.07000E-05 2.85990E+09 7.30711E+04
9.08000E-05 2.84732E+09 7.27497E+04
9.09000E-05 2.83481E+09 7.24301E+04
9.10000E-05 2.82237E+09 7.21123E+04
9.11000E-05 2.81000E+09 7.17962E+04
9.12000E-05 2.79770E+09 7.14818E+04
9.13000E-05 2.78546E+09 7.11691E+04
9.14000E-05 2.77329E+09 7.08582E+04
9.15000E-05 2.76119E+09 7.05489E+04
9.16000E-05 2.74915E+09 7.02414E+04
9.17000E-05 2.73718E+09 6.99355E+04
9.18000E-05 2.72527E+09 6.96312E+04
9.19000E-05 2.71343E+09 6.93286E+04
9.20000E-05 2.70165E+09 6.90277E+04
9.21000E-05 2.68993E+09 6.87284E+04
9.22000E-05 2.67828E+09 6.84307E+04
9.23000E-05 2.66669E+09 6.81346E+04
9.24000E-05 2.65517E+09 6.78402E+04
9.25000E-05 2.64371E+09 6.75473E+04
9.26000E-05 2.63230E+09 6.72560E+04
9.27000E-05 2.62096E+09 6.69662E+04
9.28000E-05 2.60969E+09 6.66780E+04
9.29000E-05 2.59847E+09 6.63914E+04
9.30000E-05 2.58731E+09 6.61063E+04
9.31000E-05 2.57621E+09 6.58227E+04
9.32000E-05 2.56517E+09 6.55407E+04
9.33000E-05 2.55419E+09 6.52602E+04
9.34000E-05 2.54327E+09 6.49811E+04
9.35000E-05 2.53241E+09 6.47036E+04
9.36000E-05 2.52160E+09 6.44275E+04
9.37000E-05 2.51086E+09 6.41529E+04
9.38000E-05 2.50017E+09 6.38798E+04
9.39000E-05 2.48953E+09 6.36081E+04
9.40000E-05 2.47895E+09 6.33379E+04
9.41000E-05 2.46843E+09 6.30690E+04
9.42000E-05 2.45797E+09 6.28017E+04
9.43000E-05 2.44756E+09 6.25357E+04
9.44000E-05 2.43720E+09 6.22711E+04
9.45000E-05 2.42691E+09 6.20080E+04
9.46000E-05 2.41666E+09 6.17462E+04
9.47000E-05 2.40647E+09 6.14858E+04
9.48000E-05 2.39633E+09 6.12268E+04
9.49000E-05 2.38625E+09 6.09691E+04
9.50000E-05 2.37621E+09 6.07128E+04
9.51000E-05 2.36624E+09 6.04578E+04
9.52000E-05 2.35631E+09 6.02042E+04
9.53000E-05 2.34643E+09 5.99519E+04
9.54000E-05 2.33661E+09 5.97010E+04
9.55000E-05 2.32684E+09 5.94513E+04
9.56000E-05 2.31712E+09 5.92029E+04
9.57000E-05 2.30745E+09 5.89559E+04
9.58000E-05 2.29783E+09 5.87101E+04
9.59000E-05 2.28826E+09 5.84656E+04
9.60000E-05 2.27874E+09 5.82224E+04
9.61000E-05 2.26927E+09 5.79804E+04
9.62000E-05 2.25985E+09 5.77397E+04
9.63000E-05 2.25048E+09 5.75002E+04
9.64000E-05 2.24115E+09 5.72620E+04
9.65000E-05 2.23188E+09 5.70250E+04
9.66000E-05 2.22265E+09 5.67893E+04
9.67000E-05 2.21347E+09 5.65547E+04
9.68000E-05 2.20434E+09 5.63214E+04
9.69000E-05 2.19525E+09 5.60893E+04
9.70000E-05 2.18622E+09 5.58583E+04
9.71000E-05 2.17722E+09 5.56286E+04
9.72000E-05 2.16828E+09 5.54000E+04
9.73000E-05 2.15938E+09 5.51726E+04
9.74000E-05 2.15052E+09 5.49464E+04
9.75000E-05 2.14171E+09 5.47213E+04
9.76000E-05 2.13295E+09 5.44974E+04
9.77000E-05 2.12423E+09 5.42746E+04
9.78000E-05 2.11556E+09 5.40529E+04
9.79000E-05 2.10693E+09 5.38324E+04
9.80000E-05 2.09834E+09 5.36130E+04
9.81000E-05 2.08980E+09 5.33948E+04
9.82000E-05 2.08130E+09 5.31776E+04
9.83000E-05 2.07284E+09 5.29615E+04
9.84000E-05 2.06443E+09 5.27466E+04
9.85000E-05 2.05606E+09 5.25327E+04
9.86000E-05 2.04773E+09 5.23199E+04
9.87000E-05 2.03944E+09 5.21082E+04
9.88000E-05 2.03120E+09 5.18976E+04
9.89000E-05 2.02300E+09 5.16880E+04
9.90000E-05 2.01483E+09 5.14795E+04
9.91000E-05 2.00671E+09 5.12720E+04
9.92000E-05 1.99863E+09 5.10656E+04
9.93000E-05 1.99060E+09 5.08602E+04
9.94000E-05 1.98260E+09 5.06558E+04
9.95000E-05 1.97464E+09 5.04525E+04
9.96000E-05 1.96672E+09 5.02502E+04
9.97000E-05 1.95884E+09 5.00489E+04
9.98000E-05 1.95100E+09 4.98486E+04
9.99000E-05 1.94320E+09 4.96493E+04
1.00000E-04 1.93544E+09 4.94510E+04
