#  FeatureSize(cm)    Fluence(mum2)   Dose(Gy)
1.00000E-07 1.67319E+21 4.27504E+16
2.00000E-07 1.04574E+20 2.67190E+15
3.00000E-07 2.06567E+19 5.27782E+14
4.00000E-07 6.53589E+18 1.66994E+14
5.00000E-07 2.67710E+18 6.84006E+13
6.00000E-07 1.29104E+18 3.29864E+13
7.00000E-07 6.96872E+17 1.78052E+13
8.00000E-07 4.08493E+17 1.04371E+13
9.00000E-07 2.55020E+17 6.51583E+12
1.00000E-06 1.67319E+17 4.27504E+12
1.10000E-06 1.14281E+17 2.91991E+12
1.20000E-06 8.06901E+16 2.06165E+12
1.30000E-06 5.85830E+16 1.49681E+12
1.40000E-06 4.35545E+16 1.11283E+12
1.50000E-06 3.30506E+16 8.44451E+11
1.60000E-06 2.55308E+16 6.52319E+11
1.70000E-06 2.00332E+16 5.11852E+11
1.80000E-06 1.59388E+16 4.07239E+11
1.90000E-06 1.28390E+16 3.28039E+11
2.00000E-06 1.04574E+16 2.67190E+11
2.10000E-06 8.60336E+15 2.19818E+11
2.20000E-06 7.14257E+15 1.82494E+11
2.30000E-06 5.97907E+15 1.52767E+11
2.40000E-06 5.04313E+15 1.28853E+11
2.50000E-06 4.28336E+15 1.09441E+11
2.60000E-06 3.66144E+15 9.35506E+10
2.70000E-06 3.14840E+15 8.04423E+10
2.80000E-06 2.72216E+15 6.95517E+10
2.90000E-06 2.36566E+15 6.04432E+10
3.00000E-06 2.06567E+15 5.27782E+10
3.10000E-06 1.81175E+15 4.62906E+10
3.20000E-06 1.59568E+15 4.07699E+10
3.30000E-06 1.41088E+15 3.60482E+10
3.40000E-06 1.25207E+15 3.19907E+10
3.50000E-06 1.11499E+15 2.84884E+10
3.60000E-06 9.96174E+14 2.54525E+10
3.70000E-06 8.92767E+14 2.28104E+10
3.80000E-06 8.02436E+14 2.05024E+10
3.90000E-06 7.23247E+14 1.84791E+10
4.00000E-06 6.53589E+14 1.66994E+10
4.10000E-06 5.92120E+14 1.51288E+10
4.20000E-06 5.37710E+14 1.37386E+10
4.30000E-06 4.89408E+14 1.25045E+10
4.40000E-06 4.46410E+14 1.14059E+10
4.50000E-06 4.08033E+14 1.04253E+10
4.60000E-06 3.73692E+14 9.54791E+09
4.70000E-06 3.42889E+14 8.76089E+09
4.80000E-06 3.15196E+14 8.05332E+09
4.90000E-06 2.90242E+14 7.41576E+09
5.00000E-06 2.67710E+14 6.84006E+09
5.10000E-06 2.47323E+14 6.31916E+09
5.20000E-06 2.28840E+14 5.84691E+09
5.30000E-06 2.12052E+14 5.41797E+09
5.40000E-06 1.96775E+14 5.02765E+09
5.50000E-06 1.82850E+14 4.67185E+09
5.60000E-06 1.70135E+14 4.34698E+09
5.70000E-06 1.58506E+14 4.04986E+09
5.80000E-06 1.47854E+14 3.77770E+09
5.90000E-06 1.38082E+14 3.52803E+09
6.00000E-06 1.29104E+14 3.29864E+09
6.10000E-06 1.20844E+14 3.08760E+09
6.20000E-06 1.13234E+14 2.89316E+09
6.30000E-06 1.06214E+14 2.71380E+09
6.40000E-06 9.97298E+13 2.54812E+09
6.50000E-06 9.37328E+13 2.39489E+09
6.60000E-06 8.81798E+13 2.25301E+09
6.70000E-06 8.30321E+13 2.12149E+09
6.80000E-06 7.82545E+13 1.99942E+09
6.90000E-06 7.38157E+13 1.88601E+09
7.00000E-06 6.96872E+13 1.78052E+09
7.10000E-06 6.58433E+13 1.68231E+09
7.20000E-06 6.22608E+13 1.59078E+09
7.30000E-06 5.89188E+13 1.50539E+09
7.40000E-06 5.57979E+13 1.42565E+09
7.50000E-06 5.28810E+13 1.35112E+09
7.60000E-06 5.01523E+13 1.28140E+09
7.70000E-06 4.75973E+13 1.21612E+09
7.80000E-06 4.52029E+13 1.15495E+09
7.90000E-06 4.29573E+13 1.09757E+09
8.00000E-06 4.08493E+13 1.04371E+09
8.10000E-06 3.88691E+13 9.93115E+08
8.20000E-06 3.70075E+13 9.45550E+08
8.30000E-06 3.52560E+13 9.00798E+08
8.40000E-06 3.36069E+13 8.58663E+08
8.50000E-06 3.20530E+13 8.18963E+08
8.60000E-06 3.05880E+13 7.81531E+08
8.70000E-06 2.92057E+13 7.46213E+08
8.80000E-06 2.79007E+13 7.12868E+08
8.90000E-06 2.66677E+13 6.81365E+08
9.00000E-06 2.55020E+13 6.51583E+08
9.10000E-06 2.43994E+13 6.23411E+08
9.20000E-06 2.33557E+13 5.96745E+08
9.30000E-06 2.23673E+13 5.71489E+08
9.40000E-06 2.14306E+13 5.47556E+08
9.50000E-06 2.05424E+13 5.24862E+08
9.60000E-06 1.96997E+13 5.03332E+08
9.70000E-06 1.88998E+13 4.82895E+08
9.80000E-06 1.81401E+13 4.63485E+08
9.90000E-06 1.74182E+13 4.45040E+08
1.00000E-05 1.67319E+13 4.27504E+08
1.01000E-05 1.60790E+13 4.10823E+08
1.02000E-05 1.54577E+13 3.94947E+08
1.03000E-05 1.48661E+13 3.79831E+08
1.04000E-05 1.43025E+13 3.65432E+08
1.05000E-05 1.37654E+13 3.51708E+08
1.06000E-05 1.32532E+13 3.38623E+08
1.07000E-05 1.27647E+13 3.26140E+08
1.08000E-05 1.22984E+13 3.14228E+08
1.09000E-05 1.18533E+13 3.02854E+08
1.10000E-05 1.14281E+13 2.91991E+08
1.11000E-05 1.10218E+13 2.81610E+08
1.12000E-05 1.06334E+13 2.71686E+08
1.13000E-05 1.02620E+13 2.62196E+08
1.14000E-05 9.90662E+12 2.53116E+08
1.15000E-05 9.56651E+12 2.44427E+08
1.16000E-05 9.24087E+12 2.36106E+08
1.17000E-05 8.92897E+12 2.28137E+08
1.18000E-05 8.63012E+12 2.20502E+08
1.19000E-05 8.34367E+12 2.13183E+08
1.20000E-05 8.06901E+12 2.06165E+08
1.21000E-05 7.80555E+12 1.99434E+08
1.22000E-05 7.55276E+12 1.92975E+08
1.23000E-05 7.31012E+12 1.86775E+08
1.24000E-05 7.07715E+12 1.80823E+08
1.25000E-05 6.85338E+12 1.75105E+08
1.26000E-05 6.63839E+12 1.69612E+08
1.27000E-05 6.43176E+12 1.64333E+08
1.28000E-05 6.23312E+12 1.59257E+08
1.29000E-05 6.04208E+12 1.54376E+08
1.30000E-05 5.85830E+12 1.49681E+08
1.31000E-05 5.68146E+12 1.45163E+08
1.32000E-05 5.51124E+12 1.40813E+08
1.33000E-05 5.34735E+12 1.36626E+08
1.34000E-05 5.18950E+12 1.32593E+08
1.35000E-05 5.03744E+12 1.28708E+08
1.36000E-05 4.89091E+12 1.24964E+08
1.37000E-05 4.74966E+12 1.21355E+08
1.38000E-05 4.61348E+12 1.17875E+08
1.39000E-05 4.48214E+12 1.14520E+08
1.40000E-05 4.35545E+12 1.11283E+08
1.41000E-05 4.23320E+12 1.08159E+08
1.42000E-05 4.11521E+12 1.05144E+08
1.43000E-05 4.00130E+12 1.02234E+08
1.44000E-05 3.89130E+12 9.94237E+07
1.45000E-05 3.78506E+12 9.67092E+07
1.46000E-05 3.68242E+12 9.40867E+07
1.47000E-05 3.58324E+12 9.15525E+07
1.48000E-05 3.48737E+12 8.91031E+07
1.49000E-05 3.39469E+12 8.67351E+07
1.50000E-05 3.30506E+12 8.44451E+07
1.51000E-05 3.21838E+12 8.22303E+07
1.52000E-05 3.13452E+12 8.00876E+07
1.53000E-05 3.05337E+12 7.80143E+07
1.54000E-05 2.97483E+12 7.60076E+07
1.55000E-05 2.89880E+12 7.40650E+07
1.56000E-05 2.82518E+12 7.21841E+07
1.57000E-05 2.75389E+12 7.03625E+07
1.58000E-05 2.68483E+12 6.85980E+07
1.59000E-05 2.61792E+12 6.68885E+07
1.60000E-05 2.55308E+12 6.52319E+07
1.61000E-05 2.49024E+12 6.36262E+07
1.62000E-05 2.42932E+12 6.20697E+07
1.63000E-05 2.37025E+12 6.05605E+07
1.64000E-05 2.31297E+12 5.90969E+07
1.65000E-05 2.25740E+12 5.76772E+07
1.66000E-05 2.20350E+12 5.62999E+07
1.67000E-05 2.15119E+12 5.49634E+07
1.68000E-05 2.10043E+12 5.36664E+07
1.69000E-05 2.05115E+12 5.24074E+07
1.70000E-05 2.00332E+12 5.11852E+07
1.71000E-05 1.95686E+12 4.99983E+07
1.72000E-05 1.91175E+12 4.88457E+07
1.73000E-05 1.86793E+12 4.77260E+07
1.74000E-05 1.82536E+12 4.66383E+07
1.75000E-05 1.78399E+12 4.55814E+07
1.76000E-05 1.74379E+12 4.45542E+07
1.77000E-05 1.70472E+12 4.35559E+07
1.78000E-05 1.66673E+12 4.25853E+07
1.79000E-05 1.62979E+12 4.16416E+07
1.80000E-05 1.59388E+12 4.07239E+07
1.81000E-05 1.55894E+12 3.98314E+07
1.82000E-05 1.52496E+12 3.89632E+07
1.83000E-05 1.49190E+12 3.81185E+07
1.84000E-05 1.45973E+12 3.72965E+07
1.85000E-05 1.42843E+12 3.64966E+07
1.86000E-05 1.39796E+12 3.57181E+07
1.87000E-05 1.36829E+12 3.49602E+07
1.88000E-05 1.33941E+12 3.42222E+07
1.89000E-05 1.31129E+12 3.35037E+07
1.90000E-05 1.28390E+12 3.28039E+07
1.91000E-05 1.25722E+12 3.21223E+07
1.92000E-05 1.23123E+12 3.14583E+07
1.93000E-05 1.20591E+12 3.08113E+07
1.94000E-05 1.18124E+12 3.01809E+07
1.95000E-05 1.15720E+12 2.95666E+07
1.96000E-05 1.13376E+12 2.89678E+07
1.97000E-05 1.11091E+12 2.83841E+07
1.98000E-05 1.08864E+12 2.78150E+07
1.99000E-05 1.06692E+12 2.72601E+07
2.00000E-05 1.04574E+12 2.67190E+07
2.01000E-05 1.02509E+12 2.61912E+07
2.02000E-05 1.00494E+12 2.56764E+07
2.03000E-05 9.85283E+11 2.51742E+07
2.04000E-05 9.66105E+11 2.46842E+07
2.05000E-05 9.47392E+11 2.42061E+07
2.06000E-05 9.29129E+11 2.37395E+07
2.07000E-05 9.11305E+11 2.32840E+07
2.08000E-05 8.93906E+11 2.28395E+07
2.09000E-05 8.76920E+11 2.24055E+07
2.10000E-05 8.60336E+11 2.19818E+07
2.11000E-05 8.44141E+11 2.15680E+07
2.12000E-05 8.28327E+11 2.11639E+07
2.13000E-05 8.12880E+11 2.07693E+07
2.14000E-05 7.97792E+11 2.03838E+07
2.15000E-05 7.83053E+11 2.00072E+07
2.16000E-05 7.68652E+11 1.96392E+07
2.17000E-05 7.54581E+11 1.92797E+07
2.18000E-05 7.40831E+11 1.89284E+07
2.19000E-05 7.27392E+11 1.85850E+07
2.20000E-05 7.14257E+11 1.82494E+07
2.21000E-05 7.01416E+11 1.79213E+07
2.22000E-05 6.88863E+11 1.76006E+07
2.23000E-05 6.76590E+11 1.72870E+07
2.24000E-05 6.64589E+11 1.69804E+07
2.25000E-05 6.52852E+11 1.66805E+07
2.26000E-05 6.41374E+11 1.63872E+07
2.27000E-05 6.30147E+11 1.61004E+07
2.28000E-05 6.19164E+11 1.58198E+07
2.29000E-05 6.08419E+11 1.55453E+07
2.30000E-05 5.97907E+11 1.52767E+07
2.31000E-05 5.87621E+11 1.50138E+07
2.32000E-05 5.77555E+11 1.47567E+07
2.33000E-05 5.67703E+11 1.45049E+07
2.34000E-05 5.58061E+11 1.42586E+07
2.35000E-05 5.48622E+11 1.40174E+07
2.36000E-05 5.39383E+11 1.37813E+07
2.37000E-05 5.30337E+11 1.35502E+07
2.38000E-05 5.21479E+11 1.33239E+07
2.39000E-05 5.12806E+11 1.31023E+07
2.40000E-05 5.04313E+11 1.28853E+07
2.41000E-05 4.95994E+11 1.26728E+07
2.42000E-05 4.87847E+11 1.24646E+07
2.43000E-05 4.79866E+11 1.22607E+07
2.44000E-05 4.72048E+11 1.20609E+07
2.45000E-05 4.64388E+11 1.18652E+07
2.46000E-05 4.56883E+11 1.16735E+07
2.47000E-05 4.49528E+11 1.14856E+07
2.48000E-05 4.42322E+11 1.13014E+07
2.49000E-05 4.35259E+11 1.11210E+07
2.50000E-05 4.28336E+11 1.09441E+07
2.51000E-05 4.21551E+11 1.07707E+07
2.52000E-05 4.14899E+11 1.06008E+07
2.53000E-05 4.08379E+11 1.04342E+07
2.54000E-05 4.01985E+11 1.02708E+07
2.55000E-05 3.95717E+11 1.01106E+07
2.56000E-05 3.89570E+11 9.95359E+06
2.57000E-05 3.83542E+11 9.79958E+06
2.58000E-05 3.77630E+11 9.64852E+06
2.59000E-05 3.71831E+11 9.50037E+06
2.60000E-05 3.66144E+11 9.35506E+06
2.61000E-05 3.60565E+11 9.21250E+06
2.62000E-05 3.55091E+11 9.07266E+06
2.63000E-05 3.49721E+11 8.93546E+06
2.64000E-05 3.44452E+11 8.80084E+06
2.65000E-05 3.39283E+11 8.66875E+06
2.66000E-05 3.34209E+11 8.53912E+06
2.67000E-05 3.29230E+11 8.41191E+06
2.68000E-05 3.24344E+11 8.28706E+06
2.69000E-05 3.19548E+11 8.16452E+06
2.70000E-05 3.14840E+11 8.04423E+06
2.71000E-05 3.10219E+11 7.92616E+06
2.72000E-05 3.05682E+11 7.81024E+06
2.73000E-05 3.01227E+11 7.69643E+06
2.74000E-05 2.96854E+11 7.58468E+06
2.75000E-05 2.92560E+11 7.47496E+06
2.76000E-05 2.88343E+11 7.36722E+06
2.77000E-05 2.84201E+11 7.26141E+06
2.78000E-05 2.80134E+11 7.15749E+06
2.79000E-05 2.76139E+11 7.05542E+06
2.80000E-05 2.72216E+11 6.95517E+06
2.81000E-05 2.68361E+11 6.85669E+06
2.82000E-05 2.64575E+11 6.75995E+06
2.83000E-05 2.60855E+11 6.66491E+06
2.84000E-05 2.57200E+11 6.57153E+06
2.85000E-05 2.53610E+11 6.47978E+06
2.86000E-05 2.50081E+11 6.38963E+06
2.87000E-05 2.46614E+11 6.30104E+06
2.88000E-05 2.43206E+11 6.21398E+06
2.89000E-05 2.39858E+11 6.12842E+06
2.90000E-05 2.36566E+11 6.04432E+06
2.91000E-05 2.33331E+11 5.96167E+06
2.92000E-05 2.30151E+11 5.88042E+06
2.93000E-05 2.27025E+11 5.80055E+06
2.94000E-05 2.23952E+11 5.72203E+06
2.95000E-05 2.20931E+11 5.64484E+06
2.96000E-05 2.17961E+11 5.56894E+06
2.97000E-05 2.15040E+11 5.49432E+06
2.98000E-05 2.12168E+11 5.42094E+06
2.99000E-05 2.09344E+11 5.34878E+06
3.00000E-05 2.06567E+11 5.27782E+06
3.01000E-05 2.03835E+11 5.20803E+06
3.02000E-05 2.01149E+11 5.13939E+06
3.03000E-05 1.98506E+11 5.07188E+06
3.04000E-05 1.95907E+11 5.00548E+06
3.05000E-05 1.93351E+11 4.94015E+06
3.06000E-05 1.90836E+11 4.87589E+06
3.07000E-05 1.88361E+11 4.81267E+06
3.08000E-05 1.85927E+11 4.75047E+06
3.09000E-05 1.83532E+11 4.68928E+06
3.10000E-05 1.81175E+11 4.62906E+06
3.11000E-05 1.78856E+11 4.56981E+06
3.12000E-05 1.76574E+11 4.51150E+06
3.13000E-05 1.74328E+11 4.45412E+06
3.14000E-05 1.72118E+11 4.39765E+06
3.15000E-05 1.69943E+11 4.34208E+06
3.16000E-05 1.67802E+11 4.28737E+06
3.17000E-05 1.65694E+11 4.23353E+06
3.18000E-05 1.63620E+11 4.18053E+06
3.19000E-05 1.61578E+11 4.12835E+06
3.20000E-05 1.59568E+11 4.07699E+06
3.21000E-05 1.57589E+11 4.02642E+06
3.22000E-05 1.55640E+11 3.97664E+06
3.23000E-05 1.53722E+11 3.92762E+06
3.24000E-05 1.51833E+11 3.87936E+06
3.25000E-05 1.49972E+11 3.83183E+06
3.26000E-05 1.48141E+11 3.78503E+06
3.27000E-05 1.46337E+11 3.73894E+06
3.28000E-05 1.44561E+11 3.69355E+06
3.29000E-05 1.42811E+11 3.64885E+06
3.30000E-05 1.41088E+11 3.60482E+06
3.31000E-05 1.39390E+11 3.56146E+06
3.32000E-05 1.37719E+11 3.51874E+06
3.33000E-05 1.36072E+11 3.47666E+06
3.34000E-05 1.34449E+11 3.43521E+06
3.35000E-05 1.32851E+11 3.39438E+06
3.36000E-05 1.31277E+11 3.35415E+06
3.37000E-05 1.29726E+11 3.31452E+06
3.38000E-05 1.28197E+11 3.27546E+06
3.39000E-05 1.26691E+11 3.23699E+06
3.40000E-05 1.25207E+11 3.19907E+06
3.41000E-05 1.23745E+11 3.16171E+06
3.42000E-05 1.22304E+11 3.12489E+06
3.43000E-05 1.20884E+11 3.08861E+06
3.44000E-05 1.19484E+11 3.05285E+06
3.45000E-05 1.18105E+11 3.01761E+06
3.46000E-05 1.16746E+11 2.98288E+06
3.47000E-05 1.15406E+11 2.94864E+06
3.48000E-05 1.14085E+11 2.91489E+06
3.49000E-05 1.12783E+11 2.88163E+06
3.50000E-05 1.11499E+11 2.84884E+06
3.51000E-05 1.10234E+11 2.81651E+06
3.52000E-05 1.08987E+11 2.78464E+06
3.53000E-05 1.07757E+11 2.75322E+06
3.54000E-05 1.06545E+11 2.72224E+06
3.55000E-05 1.05349E+11 2.69170E+06
3.56000E-05 1.04171E+11 2.66158E+06
3.57000E-05 1.03008E+11 2.63188E+06
3.58000E-05 1.01862E+11 2.60260E+06
3.59000E-05 1.00732E+11 2.57372E+06
3.60000E-05 9.96174E+10 2.54525E+06
3.61000E-05 9.85181E+10 2.51716E+06
3.62000E-05 9.74340E+10 2.48946E+06
3.63000E-05 9.63648E+10 2.46214E+06
3.64000E-05 9.53102E+10 2.43520E+06
3.65000E-05 9.42700E+10 2.40862E+06
3.66000E-05 9.32440E+10 2.38240E+06
3.67000E-05 9.22318E+10 2.35654E+06
3.68000E-05 9.12334E+10 2.33103E+06
3.69000E-05 9.02484E+10 2.30587E+06
3.70000E-05 8.92767E+10 2.28104E+06
3.71000E-05 8.83180E+10 2.25655E+06
3.72000E-05 8.73722E+10 2.23238E+06
3.73000E-05 8.64390E+10 2.20854E+06
3.74000E-05 8.55182E+10 2.18501E+06
3.75000E-05 8.46097E+10 2.16180E+06
3.76000E-05 8.37131E+10 2.13889E+06
3.77000E-05 8.28285E+10 2.11629E+06
3.78000E-05 8.19554E+10 2.09398E+06
3.79000E-05 8.10939E+10 2.07197E+06
3.80000E-05 8.02436E+10 2.05024E+06
3.81000E-05 7.94045E+10 2.02880E+06
3.82000E-05 7.85763E+10 2.00764E+06
3.83000E-05 7.77589E+10 1.98676E+06
3.84000E-05 7.69520E+10 1.96614E+06
3.85000E-05 7.61556E+10 1.94579E+06
3.86000E-05 7.53695E+10 1.92571E+06
3.87000E-05 7.45935E+10 1.90588E+06
3.88000E-05 7.38275E+10 1.88631E+06
3.89000E-05 7.30713E+10 1.86699E+06
3.90000E-05 7.23247E+10 1.84791E+06
3.91000E-05 7.15876E+10 1.82908E+06
3.92000E-05 7.08599E+10 1.81049E+06
3.93000E-05 7.01415E+10 1.79213E+06
3.94000E-05 6.94321E+10 1.77401E+06
3.95000E-05 6.87316E+10 1.75611E+06
3.96000E-05 6.80400E+10 1.73844E+06
3.97000E-05 6.73570E+10 1.72099E+06
3.98000E-05 6.66826E+10 1.70376E+06
3.99000E-05 6.60166E+10 1.68674E+06
4.00000E-05 6.53589E+10 1.66994E+06
4.01000E-05 6.47094E+10 1.65334E+06
4.02000E-05 6.40679E+10 1.63695E+06
4.03000E-05 6.34344E+10 1.62076E+06
4.04000E-05 6.28087E+10 1.60478E+06
4.05000E-05 6.21906E+10 1.58898E+06
4.06000E-05 6.15802E+10 1.57339E+06
4.07000E-05 6.09772E+10 1.55798E+06
4.08000E-05 6.03816E+10 1.54276E+06
4.09000E-05 5.97932E+10 1.52773E+06
4.10000E-05 5.92120E+10 1.51288E+06
4.11000E-05 5.86378E+10 1.49821E+06
4.12000E-05 5.80706E+10 1.48372E+06
4.13000E-05 5.75102E+10 1.46940E+06
4.14000E-05 5.69565E+10 1.45525E+06
4.15000E-05 5.64096E+10 1.44128E+06
4.16000E-05 5.58691E+10 1.42747E+06
4.17000E-05 5.53351E+10 1.41382E+06
4.18000E-05 5.48075E+10 1.40034E+06
4.19000E-05 5.42861E+10 1.38702E+06
4.20000E-05 5.37710E+10 1.37386E+06
4.21000E-05 5.32619E+10 1.36085E+06
4.22000E-05 5.27588E+10 1.34800E+06
4.23000E-05 5.22617E+10 1.33530E+06
4.24000E-05 5.17704E+10 1.32275E+06
4.25000E-05 5.12849E+10 1.31034E+06
4.26000E-05 5.08050E+10 1.29808E+06
4.27000E-05 5.03308E+10 1.28596E+06
4.28000E-05 4.98620E+10 1.27399E+06
4.29000E-05 4.93987E+10 1.26215E+06
4.30000E-05 4.89408E+10 1.25045E+06
4.31000E-05 4.84882E+10 1.23888E+06
4.32000E-05 4.80408E+10 1.22745E+06
4.33000E-05 4.75985E+10 1.21615E+06
4.34000E-05 4.71613E+10 1.20498E+06
4.35000E-05 4.67292E+10 1.19394E+06
4.36000E-05 4.63019E+10 1.18302E+06
4.37000E-05 4.58796E+10 1.17223E+06
4.38000E-05 4.54620E+10 1.16156E+06
4.39000E-05 4.50492E+10 1.15102E+06
4.40000E-05 4.46410E+10 1.14059E+06
4.41000E-05 4.42375E+10 1.13028E+06
4.42000E-05 4.38385E+10 1.12008E+06
4.43000E-05 4.34440E+10 1.11000E+06
4.44000E-05 4.30540E+10 1.10004E+06
4.45000E-05 4.26683E+10 1.09018E+06
4.46000E-05 4.22869E+10 1.08044E+06
4.47000E-05 4.19097E+10 1.07080E+06
4.48000E-05 4.15368E+10 1.06127E+06
4.49000E-05 4.11680E+10 1.05185E+06
4.50000E-05 4.08033E+10 1.04253E+06
4.51000E-05 4.04426E+10 1.03332E+06
4.52000E-05 4.00859E+10 1.02420E+06
4.53000E-05 3.97331E+10 1.01519E+06
4.54000E-05 3.93842E+10 1.00627E+06
4.55000E-05 3.90391E+10 9.97457E+05
4.56000E-05 3.86977E+10 9.88736E+05
4.57000E-05 3.83601E+10 9.80110E+05
4.58000E-05 3.80262E+10 9.71578E+05
4.59000E-05 3.76959E+10 9.63139E+05
4.60000E-05 3.73692E+10 9.54791E+05
4.61000E-05 3.70460E+10 9.46534E+05
4.62000E-05 3.67263E+10 9.38365E+05
4.63000E-05 3.64100E+10 9.30284E+05
4.64000E-05 3.60972E+10 9.22291E+05
4.65000E-05 3.57877E+10 9.14383E+05
4.66000E-05 3.54814E+10 9.06559E+05
4.67000E-05 3.51785E+10 8.98819E+05
4.68000E-05 3.48788E+10 8.91161E+05
4.69000E-05 3.45823E+10 8.83585E+05
4.70000E-05 3.42889E+10 8.76089E+05
4.71000E-05 3.39986E+10 8.68673E+05
4.72000E-05 3.37114E+10 8.61334E+05
4.73000E-05 3.34272E+10 8.54073E+05
4.74000E-05 3.31460E+10 8.46889E+05
4.75000E-05 3.28678E+10 8.39780E+05
4.76000E-05 3.25925E+10 8.32745E+05
4.77000E-05 3.23200E+10 8.25784E+05
4.78000E-05 3.20504E+10 8.18895E+05
4.79000E-05 3.17836E+10 8.12078E+05
4.80000E-05 3.15196E+10 8.05332E+05
4.81000E-05 3.12583E+10 7.98655E+05
4.82000E-05 3.09997E+10 7.92048E+05
4.83000E-05 3.07437E+10 7.85509E+05
4.84000E-05 3.04904E+10 7.79037E+05
4.85000E-05 3.02397E+10 7.72632E+05
4.86000E-05 2.99916E+10 7.66293E+05
4.87000E-05 2.97460E+10 7.60018E+05
4.88000E-05 2.95030E+10 7.53808E+05
4.89000E-05 2.92624E+10 7.47660E+05
4.90000E-05 2.90242E+10 7.41576E+05
4.91000E-05 2.87885E+10 7.35553E+05
4.92000E-05 2.85552E+10 7.29591E+05
4.93000E-05 2.83242E+10 7.23689E+05
4.94000E-05 2.80955E+10 7.17847E+05
4.95000E-05 2.78692E+10 7.12064E+05
4.96000E-05 2.76451E+10 7.06339E+05
4.97000E-05 2.74233E+10 7.00671E+05
4.98000E-05 2.72037E+10 6.95060E+05
4.99000E-05 2.69863E+10 6.89505E+05
5.00000E-05 2.67710E+10 6.84006E+05
5.01000E-05 2.65579E+10 6.78561E+05
5.02000E-05 2.63469E+10 6.73170E+05
5.03000E-05 2.61380E+10 6.67833E+05
5.04000E-05 2.59312E+10 6.62548E+05
5.05000E-05 2.57264E+10 6.57316E+05
5.06000E-05 2.55237E+10 6.52135E+05
5.07000E-05 2.53229E+10 6.47005E+05
5.08000E-05 2.51241E+10 6.41926E+05
5.09000E-05 2.49272E+10 6.36896E+05
5.10000E-05 2.47323E+10 6.31916E+05
5.11000E-05 2.45393E+10 6.26984E+05
5.12000E-05 2.43481E+10 6.22100E+05
5.13000E-05 2.41588E+10 6.17263E+05
5.14000E-05 2.39714E+10 6.12473E+05
5.15000E-05 2.37857E+10 6.07730E+05
5.16000E-05 2.36019E+10 6.03033E+05
5.17000E-05 2.34198E+10 5.98381E+05
5.18000E-05 2.32395E+10 5.93773E+05
5.19000E-05 2.30609E+10 5.89210E+05
5.20000E-05 2.28840E+10 5.84691E+05
5.21000E-05 2.27088E+10 5.80215E+05
5.22000E-05 2.25353E+10 5.75782E+05
5.23000E-05 2.23634E+10 5.71390E+05
5.24000E-05 2.21932E+10 5.67041E+05
5.25000E-05 2.20246E+10 5.62733E+05
5.26000E-05 2.18576E+10 5.58466E+05
5.27000E-05 2.16921E+10 5.54239E+05
5.28000E-05 2.15283E+10 5.50052E+05
5.29000E-05 2.13660E+10 5.45905E+05
5.30000E-05 2.12052E+10 5.41797E+05
5.31000E-05 2.10459E+10 5.37727E+05
5.32000E-05 2.08881E+10 5.33695E+05
5.33000E-05 2.07318E+10 5.29701E+05
5.34000E-05 2.05769E+10 5.25744E+05
5.35000E-05 2.04235E+10 5.21825E+05
5.36000E-05 2.02715E+10 5.17941E+05
5.37000E-05 2.01209E+10 5.14094E+05
5.38000E-05 1.99717E+10 5.10282E+05
5.39000E-05 1.98239E+10 5.06506E+05
5.40000E-05 1.96775E+10 5.02765E+05
5.41000E-05 1.95324E+10 4.99058E+05
5.42000E-05 1.93887E+10 4.95385E+05
5.43000E-05 1.92462E+10 4.91746E+05
5.44000E-05 1.91051E+10 4.88140E+05
5.45000E-05 1.89653E+10 4.84567E+05
5.46000E-05 1.88267E+10 4.81027E+05
5.47000E-05 1.86894E+10 4.77519E+05
5.48000E-05 1.85534E+10 4.74043E+05
5.49000E-05 1.84186E+10 4.70598E+05
5.50000E-05 1.82850E+10 4.67185E+05
5.51000E-05 1.81526E+10 4.63803E+05
5.52000E-05 1.80214E+10 4.60451E+05
5.53000E-05 1.78914E+10 4.57129E+05
5.54000E-05 1.77626E+10 4.53838E+05
5.55000E-05 1.76349E+10 4.50576E+05
5.56000E-05 1.75084E+10 4.47343E+05
5.57000E-05 1.73830E+10 4.44139E+05
5.58000E-05 1.72587E+10 4.40964E+05
5.59000E-05 1.71355E+10 4.37817E+05
5.60000E-05 1.70135E+10 4.34698E+05
5.61000E-05 1.68925E+10 4.31607E+05
5.62000E-05 1.67726E+10 4.28543E+05
5.63000E-05 1.66537E+10 4.25506E+05
5.64000E-05 1.65359E+10 4.22497E+05
5.65000E-05 1.64192E+10 4.19514E+05
5.66000E-05 1.63034E+10 4.16557E+05
5.67000E-05 1.61887E+10 4.13626E+05
5.68000E-05 1.60750E+10 4.10721E+05
5.69000E-05 1.59623E+10 4.07841E+05
5.70000E-05 1.58506E+10 4.04986E+05
5.71000E-05 1.57399E+10 4.02157E+05
5.72000E-05 1.56301E+10 3.99352E+05
5.73000E-05 1.55212E+10 3.96571E+05
5.74000E-05 1.54134E+10 3.93815E+05
5.75000E-05 1.53064E+10 3.91082E+05
5.76000E-05 1.52004E+10 3.88374E+05
5.77000E-05 1.50953E+10 3.85688E+05
5.78000E-05 1.49911E+10 3.83026E+05
5.79000E-05 1.48878E+10 3.80387E+05
5.80000E-05 1.47854E+10 3.77770E+05
5.81000E-05 1.46839E+10 3.75176E+05
5.82000E-05 1.45832E+10 3.72604E+05
5.83000E-05 1.44834E+10 3.70054E+05
5.84000E-05 1.43845E+10 3.67526E+05
5.85000E-05 1.42864E+10 3.65020E+05
5.86000E-05 1.41891E+10 3.62534E+05
5.87000E-05 1.40926E+10 3.60070E+05
5.88000E-05 1.39970E+10 3.57627E+05
5.89000E-05 1.39022E+10 3.55205E+05
5.90000E-05 1.38082E+10 3.52803E+05
5.91000E-05 1.37150E+10 3.50421E+05
5.92000E-05 1.36225E+10 3.48059E+05
5.93000E-05 1.35309E+10 3.45717E+05
5.94000E-05 1.34400E+10 3.43395E+05
5.95000E-05 1.33499E+10 3.41092E+05
5.96000E-05 1.32605E+10 3.38809E+05
5.97000E-05 1.31719E+10 3.36544E+05
5.98000E-05 1.30840E+10 3.34299E+05
5.99000E-05 1.29968E+10 3.32072E+05
6.00000E-05 1.29104E+10 3.29864E+05
6.01000E-05 1.28247E+10 3.27674E+05
6.02000E-05 1.27397E+10 3.25502E+05
6.03000E-05 1.26554E+10 3.23348E+05
6.04000E-05 1.25718E+10 3.21212E+05
6.05000E-05 1.24889E+10 3.19094E+05
6.06000E-05 1.24066E+10 3.16993E+05
6.07000E-05 1.23251E+10 3.14909E+05
6.08000E-05 1.22442E+10 3.12842E+05
6.09000E-05 1.21640E+10 3.10793E+05
6.10000E-05 1.20844E+10 3.08760E+05
6.11000E-05 1.20055E+10 3.06743E+05
6.12000E-05 1.19272E+10 3.04743E+05
6.13000E-05 1.18496E+10 3.02760E+05
6.14000E-05 1.17726E+10 3.00792E+05
6.15000E-05 1.16962E+10 2.98840E+05
6.16000E-05 1.16204E+10 2.96905E+05
6.17000E-05 1.15453E+10 2.94984E+05
6.18000E-05 1.14707E+10 2.93080E+05
6.19000E-05 1.13968E+10 2.91190E+05
6.20000E-05 1.13234E+10 2.89316E+05
6.21000E-05 1.12507E+10 2.87457E+05
6.22000E-05 1.11785E+10 2.85613E+05
6.23000E-05 1.11069E+10 2.83784E+05
6.24000E-05 1.10359E+10 2.81969E+05
6.25000E-05 1.09654E+10 2.80169E+05
6.26000E-05 1.08955E+10 2.78383E+05
6.27000E-05 1.08262E+10 2.76611E+05
6.28000E-05 1.07574E+10 2.74853E+05
6.29000E-05 1.06891E+10 2.73110E+05
6.30000E-05 1.06214E+10 2.71380E+05
6.31000E-05 1.05543E+10 2.69664E+05
6.32000E-05 1.04876E+10 2.67961E+05
6.33000E-05 1.04215E+10 2.66272E+05
6.34000E-05 1.03559E+10 2.64596E+05
6.35000E-05 1.02908E+10 2.62933E+05
6.36000E-05 1.02263E+10 2.61283E+05
6.37000E-05 1.01622E+10 2.59646E+05
6.38000E-05 1.00986E+10 2.58022E+05
6.39000E-05 1.00356E+10 2.56411E+05
6.40000E-05 9.97298E+09 2.54812E+05
6.41000E-05 9.91090E+09 2.53226E+05
6.42000E-05 9.84929E+09 2.51652E+05
6.43000E-05 9.78816E+09 2.50090E+05
6.44000E-05 9.72751E+09 2.48540E+05
6.45000E-05 9.66732E+09 2.47002E+05
6.46000E-05 9.60760E+09 2.45476E+05
6.47000E-05 9.54834E+09 2.43962E+05
6.48000E-05 9.48954E+09 2.42460E+05
6.49000E-05 9.43118E+09 2.40969E+05
6.50000E-05 9.37328E+09 2.39489E+05
6.51000E-05 9.31582E+09 2.38021E+05
6.52000E-05 9.25880E+09 2.36564E+05
6.53000E-05 9.20221E+09 2.35119E+05
6.54000E-05 9.14606E+09 2.33684E+05
6.55000E-05 9.09033E+09 2.32260E+05
6.56000E-05 9.03503E+09 2.30847E+05
6.57000E-05 8.98015E+09 2.29445E+05
6.58000E-05 8.92568E+09 2.28053E+05
6.59000E-05 8.87163E+09 2.26672E+05
6.60000E-05 8.81798E+09 2.25301E+05
6.61000E-05 8.76474E+09 2.23941E+05
6.62000E-05 8.71190E+09 2.22591E+05
6.63000E-05 8.65946E+09 2.21251E+05
6.64000E-05 8.60741E+09 2.19921E+05
6.65000E-05 8.55576E+09 2.18602E+05
6.66000E-05 8.50449E+09 2.17292E+05
6.67000E-05 8.45360E+09 2.15991E+05
6.68000E-05 8.40309E+09 2.14701E+05
6.69000E-05 8.35296E+09 2.13420E+05
6.70000E-05 8.30321E+09 2.12149E+05
6.71000E-05 8.25382E+09 2.10887E+05
6.72000E-05 8.20480E+09 2.09634E+05
6.73000E-05 8.15614E+09 2.08391E+05
6.74000E-05 8.10784E+09 2.07157E+05
6.75000E-05 8.05991E+09 2.05932E+05
6.76000E-05 8.01232E+09 2.04717E+05
6.77000E-05 7.96508E+09 2.03510E+05
6.78000E-05 7.91820E+09 2.02312E+05
6.79000E-05 7.87165E+09 2.01122E+05
6.80000E-05 7.82545E+09 1.99942E+05
6.81000E-05 7.77959E+09 1.98770E+05
6.82000E-05 7.73406E+09 1.97607E+05
6.83000E-05 7.68886E+09 1.96452E+05
6.84000E-05 7.64400E+09 1.95306E+05
6.85000E-05 7.59946E+09 1.94168E+05
6.86000E-05 7.55525E+09 1.93038E+05
6.87000E-05 7.51135E+09 1.91917E+05
6.88000E-05 7.46778E+09 1.90803E+05
6.89000E-05 7.42452E+09 1.89698E+05
6.90000E-05 7.38157E+09 1.88601E+05
6.91000E-05 7.33893E+09 1.87511E+05
6.92000E-05 7.29660E+09 1.86430E+05
6.93000E-05 7.25458E+09 1.85356E+05
6.94000E-05 7.21285E+09 1.84290E+05
6.95000E-05 7.17143E+09 1.83232E+05
6.96000E-05 7.13030E+09 1.82181E+05
6.97000E-05 7.08947E+09 1.81138E+05
6.98000E-05 7.04893E+09 1.80102E+05
6.99000E-05 7.00868E+09 1.79073E+05
7.00000E-05 6.96872E+09 1.78052E+05
7.01000E-05 6.92904E+09 1.77038E+05
7.02000E-05 6.88964E+09 1.76032E+05
7.03000E-05 6.85052E+09 1.75032E+05
7.04000E-05 6.81168E+09 1.74040E+05
7.05000E-05 6.77312E+09 1.73055E+05
7.06000E-05 6.73482E+09 1.72076E+05
7.07000E-05 6.69680E+09 1.71105E+05
7.08000E-05 6.65905E+09 1.70140E+05
7.09000E-05 6.62156E+09 1.69182E+05
7.10000E-05 6.58433E+09 1.68231E+05
7.11000E-05 6.54737E+09 1.67287E+05
7.12000E-05 6.51066E+09 1.66349E+05
7.13000E-05 6.47421E+09 1.65418E+05
7.14000E-05 6.43802E+09 1.64493E+05
7.15000E-05 6.40208E+09 1.63574E+05
7.16000E-05 6.36639E+09 1.62663E+05
7.17000E-05 6.33094E+09 1.61757E+05
7.18000E-05 6.29575E+09 1.60858E+05
7.19000E-05 6.26079E+09 1.59965E+05
7.20000E-05 6.22608E+09 1.59078E+05
7.21000E-05 6.19162E+09 1.58197E+05
7.22000E-05 6.15738E+09 1.57323E+05
7.23000E-05 6.12339E+09 1.56454E+05
7.24000E-05 6.08963E+09 1.55591E+05
7.25000E-05 6.05610E+09 1.54735E+05
7.26000E-05 6.02280E+09 1.53884E+05
7.27000E-05 5.98973E+09 1.53039E+05
7.28000E-05 5.95689E+09 1.52200E+05
7.29000E-05 5.92427E+09 1.51366E+05
7.30000E-05 5.89188E+09 1.50539E+05
7.31000E-05 5.85970E+09 1.49717E+05
7.32000E-05 5.82775E+09 1.48900E+05
7.33000E-05 5.79601E+09 1.48089E+05
7.34000E-05 5.76449E+09 1.47284E+05
7.35000E-05 5.73318E+09 1.46484E+05
7.36000E-05 5.70209E+09 1.45690E+05
7.37000E-05 5.67120E+09 1.44900E+05
7.38000E-05 5.64053E+09 1.44117E+05
7.39000E-05 5.61006E+09 1.43338E+05
7.40000E-05 5.57979E+09 1.42565E+05
7.41000E-05 5.54973E+09 1.41797E+05
7.42000E-05 5.51988E+09 1.41034E+05
7.43000E-05 5.49022E+09 1.40276E+05
7.44000E-05 5.46076E+09 1.39524E+05
7.45000E-05 5.43150E+09 1.38776E+05
7.46000E-05 5.40244E+09 1.38033E+05
7.47000E-05 5.37357E+09 1.37296E+05
7.48000E-05 5.34489E+09 1.36563E+05
7.49000E-05 5.31640E+09 1.35835E+05
7.50000E-05 5.28810E+09 1.35112E+05
7.51000E-05 5.25999E+09 1.34394E+05
7.52000E-05 5.23207E+09 1.33681E+05
7.53000E-05 5.20433E+09 1.32972E+05
7.54000E-05 5.17678E+09 1.32268E+05
7.55000E-05 5.14941E+09 1.31569E+05
7.56000E-05 5.12222E+09 1.30874E+05
7.57000E-05 5.09520E+09 1.30184E+05
7.58000E-05 5.06837E+09 1.29498E+05
7.59000E-05 5.04171E+09 1.28817E+05
7.60000E-05 5.01523E+09 1.28140E+05
7.61000E-05 4.98892E+09 1.27468E+05
7.62000E-05 4.96278E+09 1.26800E+05
7.63000E-05 4.93682E+09 1.26137E+05
7.64000E-05 4.91102E+09 1.25478E+05
7.65000E-05 4.88539E+09 1.24823E+05
7.66000E-05 4.85993E+09 1.24172E+05
7.67000E-05 4.83463E+09 1.23526E+05
7.68000E-05 4.80950E+09 1.22884E+05
7.69000E-05 4.78453E+09 1.22246E+05
7.70000E-05 4.75973E+09 1.21612E+05
7.71000E-05 4.73508E+09 1.20982E+05
7.72000E-05 4.71060E+09 1.20357E+05
7.73000E-05 4.68627E+09 1.19735E+05
7.74000E-05 4.66210E+09 1.19118E+05
7.75000E-05 4.63808E+09 1.18504E+05
7.76000E-05 4.61422E+09 1.17894E+05
7.77000E-05 4.59051E+09 1.17289E+05
7.78000E-05 4.56695E+09 1.16687E+05
7.79000E-05 4.54355E+09 1.16089E+05
7.80000E-05 4.52029E+09 1.15495E+05
7.81000E-05 4.49719E+09 1.14904E+05
7.82000E-05 4.47423E+09 1.14318E+05
7.83000E-05 4.45141E+09 1.13735E+05
7.84000E-05 4.42875E+09 1.13155E+05
7.85000E-05 4.40622E+09 1.12580E+05
7.86000E-05 4.38384E+09 1.12008E+05
7.87000E-05 4.36160E+09 1.11440E+05
7.88000E-05 4.33950E+09 1.10875E+05
7.89000E-05 4.31755E+09 1.10314E+05
7.90000E-05 4.29573E+09 1.09757E+05
7.91000E-05 4.27404E+09 1.09203E+05
7.92000E-05 4.25250E+09 1.08652E+05
7.93000E-05 4.23109E+09 1.08105E+05
7.94000E-05 4.20982E+09 1.07562E+05
7.95000E-05 4.18867E+09 1.07022E+05
7.96000E-05 4.16766E+09 1.06485E+05
7.97000E-05 4.14679E+09 1.05951E+05
7.98000E-05 4.12604E+09 1.05421E+05
7.99000E-05 4.10542E+09 1.04894E+05
8.00000E-05 4.08493E+09 1.04371E+05
8.01000E-05 4.06457E+09 1.03851E+05
8.02000E-05 4.04434E+09 1.03334E+05
8.03000E-05 4.02423E+09 1.02820E+05
8.04000E-05 4.00425E+09 1.02309E+05
8.05000E-05 3.98439E+09 1.01802E+05
8.06000E-05 3.96465E+09 1.01298E+05
8.07000E-05 3.94504E+09 1.00797E+05
8.08000E-05 3.92554E+09 1.00298E+05
8.09000E-05 3.90617E+09 9.98035E+04
8.10000E-05 3.88691E+09 9.93115E+04
8.11000E-05 3.86778E+09 9.88226E+04
8.12000E-05 3.84876E+09 9.83367E+04
8.13000E-05 3.82986E+09 9.78538E+04
8.14000E-05 3.81107E+09 9.73738E+04
8.15000E-05 3.79240E+09 9.68968E+04
8.16000E-05 3.77385E+09 9.64227E+04
8.17000E-05 3.75541E+09 9.59514E+04
8.18000E-05 3.73707E+09 9.54831E+04
8.19000E-05 3.71886E+09 9.50176E+04
8.20000E-05 3.70075E+09 9.45550E+04
8.21000E-05 3.68275E+09 9.40951E+04
8.22000E-05 3.66486E+09 9.36381E+04
8.23000E-05 3.64708E+09 9.31838E+04
8.24000E-05 3.62941E+09 9.27323E+04
8.25000E-05 3.61185E+09 9.22835E+04
8.26000E-05 3.59439E+09 9.18374E+04
8.27000E-05 3.57703E+09 9.13940E+04
8.28000E-05 3.55978E+09 9.09533E+04
8.29000E-05 3.54264E+09 9.05152E+04
8.30000E-05 3.52560E+09 9.00798E+04
8.31000E-05 3.50866E+09 8.96470E+04
8.32000E-05 3.49182E+09 8.92168E+04
8.33000E-05 3.47508E+09 8.87891E+04
8.34000E-05 3.45844E+09 8.83640E+04
8.35000E-05 3.44191E+09 8.79415E+04
8.36000E-05 3.42547E+09 8.75215E+04
8.37000E-05 3.40913E+09 8.71040E+04
8.38000E-05 3.39288E+09 8.66889E+04
8.39000E-05 3.37674E+09 8.62764E+04
8.40000E-05 3.36069E+09 8.58663E+04
8.41000E-05 3.34473E+09 8.54586E+04
8.42000E-05 3.32887E+09 8.50533E+04
8.43000E-05 3.31310E+09 8.46505E+04
8.44000E-05 3.29743E+09 8.42500E+04
8.45000E-05 3.28185E+09 8.38519E+04
8.46000E-05 3.26636E+09 8.34561E+04
8.47000E-05 3.25096E+09 8.30627E+04
8.48000E-05 3.23565E+09 8.26716E+04
8.49000E-05 3.22043E+09 8.22828E+04
8.50000E-05 3.20530E+09 8.18963E+04
8.51000E-05 3.19027E+09 8.15120E+04
8.52000E-05 3.17531E+09 8.11300E+04
8.53000E-05 3.16045E+09 8.07502E+04
8.54000E-05 3.14567E+09 8.03726E+04
8.55000E-05 3.13098E+09 7.99973E+04
8.56000E-05 3.11638E+09 7.96241E+04
8.57000E-05 3.10186E+09 7.92531E+04
8.58000E-05 3.08742E+09 7.88843E+04
8.59000E-05 3.07307E+09 7.85176E+04
8.60000E-05 3.05880E+09 7.81531E+04
8.61000E-05 3.04462E+09 7.77906E+04
8.62000E-05 3.03051E+09 7.74303E+04
8.63000E-05 3.01649E+09 7.70720E+04
8.64000E-05 3.00255E+09 7.67158E+04
8.65000E-05 2.98869E+09 7.63617E+04
8.66000E-05 2.97491E+09 7.60096E+04
8.67000E-05 2.96121E+09 7.56595E+04
8.68000E-05 2.94758E+09 7.53114E+04
8.69000E-05 2.93404E+09 7.49654E+04
8.70000E-05 2.92057E+09 7.46213E+04
8.71000E-05 2.90718E+09 7.42792E+04
8.72000E-05 2.89387E+09 7.39390E+04
8.73000E-05 2.88063E+09 7.36008E+04
8.74000E-05 2.86747E+09 7.32646E+04
8.75000E-05 2.85439E+09 7.29302E+04
8.76000E-05 2.84138E+09 7.25978E+04
8.77000E-05 2.82844E+09 7.22672E+04
8.78000E-05 2.81557E+09 7.19385E+04
8.79000E-05 2.80278E+09 7.16117E+04
8.80000E-05 2.79007E+09 7.12868E+04
8.81000E-05 2.77742E+09 7.09637E+04
8.82000E-05 2.76484E+09 7.06424E+04
8.83000E-05 2.75234E+09 7.03229E+04
8.84000E-05 2.73991E+09 7.00053E+04
8.85000E-05 2.72755E+09 6.96894E+04
8.86000E-05 2.71525E+09 6.93753E+04
8.87000E-05 2.70303E+09 6.90630E+04
8.88000E-05 2.69087E+09 6.87524E+04
8.89000E-05 2.67879E+09 6.84436E+04
8.90000E-05 2.66677E+09 6.81365E+04
8.91000E-05 2.65481E+09 6.78311E+04
8.92000E-05 2.64293E+09 6.75274E+04
8.93000E-05 2.63111E+09 6.72255E+04
8.94000E-05 2.61936E+09 6.69252E+04
8.95000E-05 2.60767E+09 6.66266E+04
8.96000E-05 2.59605E+09 6.63296E+04
8.97000E-05 2.58449E+09 6.60344E+04
8.98000E-05 2.57300E+09 6.57407E+04
8.99000E-05 2.56157E+09 6.54487E+04
9.00000E-05 2.55020E+09 6.51583E+04
9.01000E-05 2.53890E+09 6.48695E+04
9.02000E-05 2.52766E+09 6.45823E+04
9.03000E-05 2.51648E+09 6.42967E+04
9.04000E-05 2.50537E+09 6.40127E+04
9.05000E-05 2.49431E+09 6.37302E+04
9.06000E-05 2.48332E+09 6.34493E+04
9.07000E-05 2.47238E+09 6.31700E+04
9.08000E-05 2.46151E+09 6.28921E+04
9.09000E-05 2.45070E+09 6.26158E+04
9.10000E-05 2.43994E+09 6.23411E+04
9.11000E-05 2.42925E+09 6.20678E+04
9.12000E-05 2.41861E+09 6.17960E+04
9.13000E-05 2.40803E+09 6.15257E+04
9.14000E-05 2.39751E+09 6.12569E+04
9.15000E-05 2.38705E+09 6.09895E+04
9.16000E-05 2.37664E+09 6.07236E+04
9.17000E-05 2.36629E+09 6.04592E+04
9.18000E-05 2.35599E+09 6.01962E+04
9.19000E-05 2.34576E+09 5.99346E+04
9.20000E-05 2.33557E+09 5.96745E+04
9.21000E-05 2.32545E+09 5.94157E+04
9.22000E-05 2.31537E+09 5.91584E+04
9.23000E-05 2.30536E+09 5.89024E+04
9.24000E-05 2.29539E+09 5.86478E+04
9.25000E-05 2.28548E+09 5.83946E+04
9.26000E-05 2.27563E+09 5.81428E+04
9.27000E-05 2.26582E+09 5.78923E+04
9.28000E-05 2.25607E+09 5.76432E+04
9.29000E-05 2.24637E+09 5.73954E+04
9.30000E-05 2.23673E+09 5.71489E+04
9.31000E-05 2.22713E+09 5.69038E+04
9.32000E-05 2.21759E+09 5.66599E+04
9.33000E-05 2.20810E+09 5.64174E+04
9.34000E-05 2.19866E+09 5.61762E+04
9.35000E-05 2.18927E+09 5.59362E+04
9.36000E-05 2.17993E+09 5.56976E+04
9.37000E-05 2.17063E+09 5.54602E+04
9.38000E-05 2.16139E+09 5.52241E+04
9.39000E-05 2.15220E+09 5.49892E+04
9.40000E-05 2.14306E+09 5.47556E+04
9.41000E-05 2.13396E+09 5.45232E+04
9.42000E-05 2.12491E+09 5.42920E+04
9.43000E-05 2.11592E+09 5.40621E+04
9.44000E-05 2.10696E+09 5.38334E+04
9.45000E-05 2.09806E+09 5.36059E+04
9.46000E-05 2.08920E+09 5.33796E+04
9.47000E-05 2.08039E+09 5.31545E+04
9.48000E-05 2.07163E+09 5.29305E+04
9.49000E-05 2.06291E+09 5.27078E+04
9.50000E-05 2.05424E+09 5.24862E+04
9.51000E-05 2.04561E+09 5.22658E+04
9.52000E-05 2.03703E+09 5.20466E+04
9.53000E-05 2.02849E+09 5.18284E+04
9.54000E-05 2.02000E+09 5.16115E+04
9.55000E-05 2.01155E+09 5.13956E+04
9.56000E-05 2.00315E+09 5.11809E+04
9.57000E-05 1.99479E+09 5.09673E+04
9.58000E-05 1.98647E+09 5.07549E+04
9.59000E-05 1.97820E+09 5.05435E+04
9.60000E-05 1.96997E+09 5.03332E+04
9.61000E-05 1.96179E+09 5.01241E+04
9.62000E-05 1.95364E+09 4.99160E+04
9.63000E-05 1.94554E+09 4.97090E+04
9.64000E-05 1.93748E+09 4.95030E+04
9.65000E-05 1.92946E+09 4.92981E+04
9.66000E-05 1.92148E+09 4.90943E+04
9.67000E-05 1.91355E+09 4.88916E+04
9.68000E-05 1.90565E+09 4.86898E+04
9.69000E-05 1.89780E+09 4.84892E+04
9.70000E-05 1.88998E+09 4.82895E+04
9.71000E-05 1.88221E+09 4.80909E+04
9.72000E-05 1.87448E+09 4.78933E+04
9.73000E-05 1.86678E+09 4.76967E+04
9.74000E-05 1.85913E+09 4.75011E+04
9.75000E-05 1.85151E+09 4.73066E+04
9.76000E-05 1.84394E+09 4.71130E+04
9.77000E-05 1.83640E+09 4.69204E+04
9.78000E-05 1.82890E+09 4.67288E+04
9.79000E-05 1.82144E+09 4.65381E+04
9.80000E-05 1.81401E+09 4.63485E+04
9.81000E-05 1.80663E+09 4.61598E+04
9.82000E-05 1.79928E+09 4.59720E+04
9.83000E-05 1.79197E+09 4.57853E+04
9.84000E-05 1.78470E+09 4.55994E+04
9.85000E-05 1.77746E+09 4.54145E+04
9.86000E-05 1.77026E+09 4.52306E+04
9.87000E-05 1.76310E+09 4.50475E+04
9.88000E-05 1.75597E+09 4.48654E+04
9.89000E-05 1.74888E+09 4.46843E+04
9.90000E-05 1.74182E+09 4.45040E+04
9.91000E-05 1.73480E+09 4.43246E+04
9.92000E-05 1.72782E+09 4.41462E+04
9.93000E-05 1.72087E+09 4.39686E+04
9.94000E-05 1.71396E+09 4.37919E+04
9.95000E-05 1.70708E+09 4.36162E+04
9.96000E-05 1.70023E+09 4.34413E+04
9.97000E-05 1.69342E+09 4.32672E+04
9.98000E-05 1.68664E+09 4.30941E+04
9.99000E-05 1.67990E+09 4.29218E+04
1.00000E-04 1.67319E+09 4.27504E+04
